0.0,1531.0
1.0,2028.0
2.0,1896.0
3.0,1979.0
4.0,1967.0
5.0,1949.0
6.0,1965.0
7.0,2045.0
8.0,2018.0
9.0,2047.0
10.0,2047.0
11.0,2123.0
12.0,2125.0
13.0,2215.0
14.0,2184.0
15.0,2206.0
16.0,2240.0
17.0,2266.0
18.0,2301.0
19.0,2320.0
20.0,2357.0
21.0,2394.0
22.0,2411.0
23.0,2424.0
24.0,2434.0
25.0,2492.0
26.0,2527.0
27.0,2558.0
28.0,2602.0
29.0,2642.0
30.0,2653.0
31.0,2665.0
32.0,2703.0
33.0,2735.0
34.0,2765.0
35.0,2820.0
36.0,2834.0
37.0,2840.0
38.0,2846.0
39.0,2877.0
40.0,2945.0
41.0,2916.0
42.0,3073.0
43.0,3046.0
44.0,3075.0
45.0,3105.0
46.0,3096.0
47.0,3138.0
48.0,3247.0
49.0,3194.0
50.0,3273.0
51.0,3305.0
52.0,3299.0
53.0,3385.0
54.0,3384.0
55.0,3413.0
56.0,3411.0
57.0,3529.0
58.0,3530.0
59.0,3566.0
60.0,3663.0
61.0,3691.0
62.0,3727.0
63.0,3739.0
64.0,3610.0
65.0,3709.0
66.0,3836.0
67.0,3849.0
68.0,3926.0
69.0,3915.0
70.0,3996.0
71.0,4014.0
72.0,3992.0
73.0,4051.0
74.0,4112.0
75.0,4058.0
76.0,4268.0
77.0,4251.0
78.0,4242.0
79.0,4299.0
80.0,4276.0
81.0,4348.0
82.0,4317.0
83.0,4438.0
84.0,4438.0
85.0,4516.0
86.0,4515.0
87.0,4412.0
88.0,4585.0
89.0,4715.0
90.0,4649.0
91.0,4758.0
92.0,4763.0
93.0,4803.0
94.0,4744.0
95.0,4842.0
96.0,4910.0
97.0,4944.0
98.0,5071.0
99.0,5055.0
100.0,5078.0
101.0,5093.0
102.0,5118.0
103.0,5148.0
104.0,5175.0
105.0,5250.0
106.0,5362.0
107.0,5391.0
108.0,5427.0
109.0,5500.0
110.0,5514.0
111.0,5522.0
112.0,5482.0
113.0,5659.0
114.0,5767.0
115.0,5682.0
116.0,5709.0
117.0,5780.0
118.0,5791.0
119.0,5790.0
120.0,5883.0
121.0,5961.0
122.0,5997.0
123.0,6062.0
124.0,6146.0
125.0,6103.0
126.0,6153.0
127.0,6123.0
128.0,6287.0
129.0,6275.0
130.0,6390.0
131.0,6373.0
132.0,6347.0
133.0,6485.0
134.0,6456.0
135.0,6552.0
136.0,6610.0
137.0,6593.0
138.0,6660.0
139.0,6737.0
140.0,6746.0
141.0,6771.0
142.0,6858.0
143.0,6812.0
144.0,6985.0
145.0,7031.0
146.0,6999.0
147.0,7061.0
148.0,7215.0
149.0,7137.0
150.0,7114.0
151.0,7257.0
152.0,7309.0
153.0,7441.0
154.0,7383.0
155.0,7548.0
156.0,7458.0
157.0,7537.0
158.0,7429.0
159.0,7658.0
160.0,7681.0
161.0,7736.0
162.0,7764.0
163.0,7853.0
164.0,7827.0
165.0,7919.0
166.0,7971.0
167.0,8068.0
168.0,8042.0
169.0,8244.0
170.0,8111.0
171.0,8191.0
172.0,8192.0
173.0,8239.0
174.0,8290.0
175.0,8373.0
176.0,8483.0
177.0,8437.0
178.0,8574.0
179.0,8599.0
180.0,8515.0
181.0,8674.0
182.0,8768.0
183.0,8828.0
184.0,8807.0
185.0,8961.0
186.0,9037.0
187.0,9020.0
188.0,9007.0
189.0,9077.0
190.0,9133.0
191.0,9339.0
192.0,9373.0
193.0,9246.0
194.0,9389.0
195.0,9397.0
196.0,9375.0
197.0,9458.0
198.0,9445.0
199.0,9687.0
200.0,9832.0
201.0,9680.0
202.0,9815.0
203.0,9729.0
204.0,9777.0
205.0,9864.0
206.0,10017.0
207.0,10043.0
208.0,10181.0
209.0,10100.0
210.0,10120.0
211.0,10289.0
212.0,10204.0
213.0,10288.0
214.0,10413.0
215.0,10510.0
216.0,10514.0
217.0,10580.0
218.0,10501.0
219.0,10679.0
220.0,10592.0
221.0,10822.0
222.0,10899.0
223.0,10875.0
224.0,10925.0
225.0,11046.0
226.0,11055.0
227.0,11023.0
228.0,11095.0
229.0,11194.0
230.0,11242.0
231.0,11407.0
232.0,11326.0
233.0,11366.0
234.0,11458.0
235.0,11384.0
236.0,11510.0
237.0,11601.0
238.0,11615.0
239.0,11694.0
240.0,11836.0
241.0,11763.0
242.0,11794.0
243.0,11843.0
244.0,11990.0
245.0,11979.0
246.0,12190.0
247.0,11969.0
248.0,12155.0
249.0,12274.0
250.0,12124.0
251.0,12145.0
252.0,12383.0
253.0,12495.0
254.0,12475.0
255.0,12550.0
256.0,12594.0
257.0,12420.0
258.0,12467.0
259.0,12735.0
260.0,12716.0
261.0,12883.0
262.0,12845.0
263.0,12819.0
264.0,12771.0
265.0,12852.0
266.0,12863.0
267.0,13061.0
268.0,13135.0
269.0,13165.0
270.0,13179.0
271.0,13292.0
272.0,13169.0
273.0,13261.0
274.0,13148.0
275.0,13261.0
276.0,13522.0
277.0,13600.0
278.0,13479.0
279.0,13396.0
280.0,13578.0
281.0,13428.0
282.0,13670.0
283.0,13781.0
284.0,13724.0
285.0,13880.0
286.0,13723.0
287.0,13600.0
288.0,13868.0
289.0,13862.0
290.0,13904.0
291.0,14125.0
292.0,14165.0
293.0,13909.0
294.0,14018.0
295.0,14274.0
296.0,14142.0
297.0,14227.0
298.0,14232.0
299.0,14272.0
300.0,14422.0
301.0,14447.0
302.0,14252.0
303.0,14269.0
304.0,14460.0
305.0,14469.0
306.0,14724.0
307.0,14590.0
308.0,14504.0
309.0,14606.0
310.0,14750.0
311.0,14617.0
312.0,14718.0
313.0,14855.0
314.0,14937.0
315.0,14857.0
316.0,15026.0
317.0,14841.0
318.0,14978.0
319.0,15090.0
320.0,15059.0
321.0,15341.0
322.0,15277.0
323.0,15063.0
324.0,15119.0
325.0,15147.0
326.0,15269.0
327.0,15329.0
328.0,15445.0
329.0,15459.0
330.0,15524.0
331.0,15645.0
332.0,15395.0
333.0,15582.0
334.0,15770.0
335.0,15696.0
336.0,15684.0
337.0,15717.0
338.0,15861.0
339.0,15743.0
340.0,15808.0
341.0,15785.0
342.0,15678.0
343.0,15951.0
344.0,15961.0
345.0,16093.0
346.0,16178.0
347.0,15953.0
348.0,16133.0
349.0,16036.0
350.0,16082.0
351.0,16315.0
352.0,16495.0
353.0,16232.0
354.0,16290.0
355.0,16373.0
356.0,16215.0
357.0,16307.0
358.0,16380.0
359.0,16591.0
360.0,16598.0
361.0,16674.0
362.0,16560.0
363.0,16485.0
364.0,16621.0
365.0,16652.0
366.0,16769.0
367.0,16841.0
368.0,16739.0
369.0,16736.0
370.0,16715.0
371.0,16836.0
372.0,16969.0
373.0,17062.0
374.0,17034.0
375.0,16926.0
376.0,17047.0
377.0,17008.0
378.0,16917.0
379.0,17255.0
380.0,17150.0
381.0,17376.0
382.0,17308.0
383.0,17239.0
384.0,17240.0
385.0,17293.0
386.0,17388.0
387.0,17293.0
388.0,17469.0
389.0,17478.0
390.0,17485.0
391.0,17513.0
392.0,17422.0
393.0,17403.0
394.0,17612.0
395.0,17445.0
396.0,17601.0
397.0,17967.0
398.0,17674.0
399.0,17856.0
400.0,17690.0
401.0,17677.0
402.0,18000.0
403.0,17891.0
404.0,18051.0
405.0,17957.0
406.0,17879.0
407.0,18008.0
408.0,17985.0
409.0,18079.0
410.0,17894.0
411.0,18166.0
412.0,18333.0
413.0,18064.0
414.0,18097.0
415.0,18298.0
416.0,18154.0
417.0,18214.0
418.0,18356.0
419.0,18550.0
420.0,18372.0
421.0,18368.0
422.0,18411.0
423.0,18331.0
424.0,18366.0
425.0,18486.0
426.0,18506.0
427.0,18724.0
428.0,18475.0
429.0,18619.0
430.0,18596.0
431.0,18475.0
432.0,18880.0
433.0,18616.0
434.0,18734.0
435.0,18911.0
436.0,18820.0
437.0,18697.0
438.0,18757.0
439.0,18791.0
440.0,18801.0
441.0,18984.0
442.0,19272.0
443.0,18907.0
444.0,18977.0
445.0,19042.0
446.0,18831.0
447.0,18993.0
448.0,19253.0
449.0,19121.0
450.0,19174.0
451.0,19125.0
452.0,19157.0
453.0,19152.0
454.0,19178.0
455.0,18988.0
456.0,19552.0
457.0,19625.0
458.0,18993.0
459.0,19305.0
460.0,19385.0
461.0,19186.0
462.0,19556.0
463.0,19616.0
464.0,19365.0
465.0,19569.0
466.0,19389.0
467.0,19390.0
468.0,19467.0
469.0,19507.0
470.0,19580.0
471.0,19716.0
472.0,19763.0
473.0,19590.0
474.0,19580.0
475.0,19534.0
476.0,19555.0
477.0,19916.0
478.0,19644.0
479.0,19822.0
480.0,19859.0
481.0,19631.0
482.0,19625.0
483.0,19815.0
484.0,19559.0
485.0,19945.0
486.0,20151.0
487.0,20058.0
488.0,19775.0
489.0,20033.0
490.0,19775.0
491.0,19850.0
492.0,20222.0
493.0,20142.0
494.0,20171.0
495.0,20124.0
496.0,20074.0
497.0,20057.0
498.0,20178.0
499.0,20127.0
500.0,20161.0
501.0,20275.0
502.0,19980.0
503.0,20046.0
504.0,20220.0
505.0,20165.0
506.0,20133.0
507.0,20242.0
508.0,20228.0
509.0,20558.0
510.0,20383.0
511.0,20212.0
512.0,20283.0
513.0,20546.0
514.0,20277.0
515.0,20512.0
516.0,20768.0
517.0,20276.0
518.0,20624.0
519.0,20348.0
520.0,20280.0
521.0,20725.0
522.0,20542.0
523.0,20523.0
524.0,20623.0
525.0,20662.0
526.0,20379.0
527.0,20513.0
528.0,20423.0
529.0,20556.0
530.0,20920.0
531.0,20773.0
532.0,20487.0
533.0,20802.0
534.0,20512.0
535.0,20482.0
536.0,20846.0
537.0,21010.0
538.0,20728.0
539.0,20802.0
540.0,20610.0
541.0,20567.0
542.0,20770.0
543.0,20703.0
544.0,20864.0
545.0,20940.0
546.0,20802.0
547.0,20743.0
548.0,20822.0
549.0,20548.0
550.0,20789.0
551.0,21105.0
552.0,20764.0
553.0,21117.0
554.0,20810.0
555.0,20858.0
556.0,20948.0
557.0,20712.0
558.0,21013.0
559.0,21008.0
560.0,20999.0
561.0,21016.0
562.0,20954.0
563.0,21162.0
564.0,20730.0
565.0,21124.0
566.0,21052.0
567.0,20975.0
568.0,21097.0
569.0,21035.0
570.0,20898.0
571.0,21033.0
572.0,21031.0
573.0,21068.0
574.0,21282.0
575.0,21240.0
576.0,21057.0
577.0,20901.0
578.0,20817.0
579.0,20942.0
580.0,21233.0
581.0,21326.0
582.0,21113.0
583.0,21212.0
584.0,20957.0
585.0,21044.0
586.0,21054.0
587.0,21026.0
588.0,21027.0
589.0,21483.0
590.0,21036.0
591.0,21038.0
592.0,21117.0
593.0,20861.0
594.0,20977.0
595.0,21150.0
596.0,21145.0
597.0,21259.0
598.0,21342.0
599.0,21005.0
600.0,21060.0
601.0,21047.0
602.0,21045.0
603.0,21343.0
604.0,21259.0
605.0,21166.0
606.0,21235.0
607.0,20948.0
608.0,21174.0
609.0,21344.0
610.0,21327.0
611.0,21388.0
612.0,21544.0
613.0,21098.0
614.0,20951.0
615.0,21351.0
616.0,21123.0
617.0,21383.0
618.0,21464.0
619.0,21421.0
620.0,21263.0
621.0,21243.0
622.0,21068.0
623.0,21479.0
624.0,21172.0
625.0,21325.0
626.0,21395.0
627.0,21505.0
628.0,21160.0
629.0,21289.0
630.0,21180.0
631.0,21202.0
632.0,21336.0
633.0,21630.0
634.0,21095.0
635.0,21322.0
636.0,21177.0
637.0,21102.0
638.0,21283.0
639.0,21316.0
640.0,21136.0
641.0,21460.0
642.0,20972.0
643.0,21188.0
644.0,21234.0
645.0,21097.0
646.0,21209.0
647.0,21368.0
648.0,21232.0
649.0,21155.0
650.0,21117.0
651.0,21004.0
652.0,21330.0
653.0,21393.0
654.0,21116.0
655.0,21355.0
656.0,21176.0
657.0,20935.0
658.0,20887.0
659.0,21282.0
660.0,21104.0
661.0,21128.0
662.0,21144.0
663.0,20970.0
664.0,21221.0
665.0,21033.0
666.0,21049.0
667.0,21117.0
668.0,21063.0
669.0,21224.0
670.0,21218.0
671.0,20951.0
672.0,20913.0
673.0,21044.0
674.0,21009.0
675.0,21040.0
676.0,21154.0
677.0,21026.0
678.0,21156.0
679.0,21073.0
680.0,20873.0
681.0,20926.0
682.0,21046.0
683.0,20910.0
684.0,21201.0
685.0,20964.0
686.0,20749.0
687.0,21056.0
688.0,20847.0
689.0,20797.0
690.0,20963.0
691.0,21043.0
692.0,20861.0
693.0,20790.0
694.0,20646.0
695.0,20650.0
696.0,21098.0
697.0,20786.0
698.0,21213.0
699.0,20840.0
700.0,20782.0
701.0,20729.0
702.0,20963.0
703.0,20451.0
704.0,20917.0
705.0,20865.0
706.0,20524.0
707.0,20783.0
708.0,20434.0
709.0,20619.0
710.0,20764.0
711.0,20659.0
712.0,20561.0
713.0,20845.0
714.0,20502.0
715.0,20217.0
716.0,20503.0
717.0,20422.0
718.0,20643.0
719.0,20627.0
720.0,20449.0
721.0,20593.0
722.0,20588.0
723.0,20223.0
724.0,20486.0
725.0,20495.0
726.0,20402.0
727.0,20581.0
728.0,20415.0
729.0,20128.0
730.0,20418.0
731.0,20474.0
732.0,20411.0
733.0,20441.0
734.0,20612.0
735.0,20223.0
736.0,20279.0
737.0,20305.0
738.0,19996.0
739.0,20562.0
740.0,20336.0
741.0,20080.0
742.0,20386.0
743.0,20004.0
744.0,20163.0
745.0,20183.0
746.0,19990.0
747.0,20297.0
748.0,20090.0
749.0,19976.0
750.0,19980.0
751.0,19851.0
752.0,19852.0
753.0,19997.0
754.0,20129.0
755.0,20069.0
756.0,19977.0
757.0,19802.0
758.0,19844.0
759.0,19793.0
760.0,19730.0
761.0,19743.0
762.0,20013.0
763.0,19703.0
764.0,19606.0
765.0,19876.0
766.0,19514.0
767.0,19692.0
768.0,19674.0
769.0,19545.0
770.0,19897.0
771.0,19627.0
772.0,19455.0
773.0,19497.0
774.0,19634.0
775.0,19350.0
776.0,19718.0
777.0,19491.0
778.0,19280.0
779.0,19408.0
780.0,19227.0
781.0,19464.0
782.0,19493.0
783.0,19334.0
784.0,19464.0
785.0,19362.0
786.0,19154.0
787.0,19270.0
788.0,19087.0
789.0,19254.0
790.0,19406.0
791.0,19099.0
792.0,19142.0
793.0,19146.0
794.0,19054.0
795.0,18909.0
796.0,19303.0
797.0,19079.0
798.0,19003.0
799.0,19143.0
800.0,18718.0
801.0,18794.0
802.0,18745.0
803.0,18816.0
804.0,18880.0
805.0,18928.0
806.0,18654.0
807.0,18864.0
808.0,18771.0
809.0,18640.0
810.0,19005.0
811.0,18658.0
812.0,18558.0
813.0,18705.0
814.0,18565.0
815.0,18335.0
816.0,18481.0
817.0,18394.0
818.0,18493.0
819.0,18665.0
820.0,18301.0
821.0,18416.0
822.0,18243.0
823.0,18187.0
824.0,18443.0
825.0,18551.0
826.0,18112.0
827.0,18606.0
828.0,18177.0
829.0,18017.0
830.0,18096.0
831.0,18096.0
832.0,18100.0
833.0,18213.0
834.0,17942.0
835.0,17944.0
836.0,17969.0
837.0,17857.0
838.0,17971.0
839.0,17931.0
840.0,18026.0
841.0,18155.0
842.0,17906.0
843.0,17617.0
844.0,17578.0
845.0,17714.0
846.0,17733.0
847.0,17910.0
848.0,17559.0
849.0,17585.0
850.0,17629.0
851.0,17322.0
852.0,17667.0
853.0,17571.0
854.0,17517.0
855.0,17538.0
856.0,17443.0
857.0,17151.0
858.0,17341.0
859.0,17375.0
860.0,17194.0
861.0,17532.0
862.0,17156.0
863.0,17139.0
864.0,17235.0
865.0,16869.0
866.0,17136.0
867.0,17072.0
868.0,17064.0
869.0,17124.0
870.0,16860.0
871.0,16816.0
872.0,16796.0
873.0,16882.0
874.0,16930.0
875.0,16807.0
876.0,16709.0
877.0,16578.0
878.0,16814.0
879.0,16486.0
880.0,16645.0
881.0,16696.0
882.0,16625.0
883.0,16736.0
884.0,16402.0
885.0,16348.0
886.0,16555.0
887.0,16239.0
888.0,16338.0
889.0,16551.0
890.0,16455.0
891.0,16322.0
892.0,16301.0
893.0,16008.0
894.0,16232.0
895.0,16335.0
896.0,16254.0
897.0,16247.0
898.0,16005.0
899.0,15899.0
900.0,16112.0
901.0,15775.0
902.0,15925.0
903.0,16051.0
904.0,15792.0
905.0,15838.0
906.0,15920.0
907.0,15622.0
908.0,15739.0
909.0,15719.0
910.0,15719.0
911.0,15738.0
912.0,15605.0
913.0,15441.0
914.0,15515.0
915.0,15492.0
916.0,15443.0
917.0,15573.0
918.0,15361.0
919.0,15435.0
920.0,15222.0
921.0,15117.0
922.0,15181.0
923.0,15405.0
924.0,15287.0
925.0,15174.0
926.0,15022.0
927.0,14887.0
928.0,14951.0
929.0,14993.0
930.0,14965.0
931.0,15066.0
932.0,14803.0
933.0,14927.0
934.0,14768.0
935.0,14628.0
936.0,14810.0
937.0,14748.0
938.0,14676.0
939.0,14644.0
940.0,14551.0
941.0,14365.0
942.0,14584.0
943.0,14360.0
944.0,14523.0
945.0,14506.0
946.0,14451.0
947.0,14305.0
948.0,14351.0
949.0,14014.0
950.0,14206.0
951.0,14260.0
952.0,14202.0
953.0,14298.0
954.0,14033.0
955.0,13834.0
956.0,13978.0
957.0,14014.0
958.0,14035.0
959.0,14129.0
960.0,13797.0
961.0,13807.0
962.0,13771.0
963.0,13614.0
964.0,13707.0
965.0,13680.0
966.0,13636.0
967.0,13696.0
968.0,13549.0
969.0,13499.0
970.0,13714.0
971.0,13495.0
972.0,13435.0
973.0,13328.0
974.0,13353.0
975.0,13245.0
976.0,13296.0
977.0,13210.0
978.0,13155.0
979.0,13272.0
980.0,13170.0
981.0,13165.0
982.0,12965.0
983.0,12930.0
984.0,12920.0
985.0,12772.0
986.0,12887.0
987.0,12862.0
988.0,12764.0
989.0,12892.0
990.0,12437.0
991.0,12615.0
992.0,12708.0
993.0,12724.0
994.0,12583.0
995.0,12456.0
996.0,12378.0
997.0,12390.0
998.0,12212.0
999.0,12289.0
1000.0,12401.0
1001.0,12308.0
1002.0,12217.0
1003.0,12210.0
1004.0,11982.0
1005.0,12150.0
1006.0,12250.0
1007.0,12026.0
1008.0,11959.0
1009.0,11986.0
1010.0,11778.0
1011.0,11908.0
1012.0,11750.0
1013.0,11809.0
1014.0,11890.0
1015.0,11672.0
1016.0,11680.0
1017.0,11697.0
1018.0,11510.0
1019.0,11613.0
1020.0,11666.0
1021.0,11604.0
1022.0,11448.0
1023.0,11415.0
