0.0,188.0
1.0,276.0
2.0,264.0
3.0,297.0
4.0,286.0
5.0,289.0
6.0,298.0
7.0,285.0
8.0,310.0
9.0,315.0
10.0,320.0
11.0,344.0
12.0,339.0
13.0,323.0
14.0,346.0
15.0,355.0
16.0,367.0
17.0,371.0
18.0,378.0
19.0,363.0
20.0,385.0
21.0,390.0
22.0,403.0
23.0,412.0
24.0,368.0
25.0,405.0
26.0,432.0
27.0,434.0
28.0,445.0
29.0,448.0
30.0,457.0
31.0,468.0
32.0,458.0
33.0,463.0
34.0,471.0
35.0,492.0
36.0,501.0
37.0,503.0
38.0,514.0
39.0,529.0
40.0,531.0
41.0,529.0
42.0,523.0
43.0,537.0
44.0,586.0
45.0,552.0
46.0,574.0
47.0,575.0
48.0,585.0
49.0,621.0
50.0,601.0
51.0,628.0
52.0,609.0
53.0,635.0
54.0,624.0
55.0,656.0
56.0,644.0
57.0,662.0
58.0,682.0
59.0,668.0
60.0,703.0
61.0,685.0
62.0,693.0
63.0,701.0
64.0,734.0
65.0,707.0
66.0,751.0
67.0,719.0
68.0,723.0
69.0,767.0
70.0,774.0
71.0,776.0
72.0,780.0
73.0,789.0
74.0,782.0
75.0,828.0
76.0,820.0
77.0,803.0
78.0,825.0
79.0,796.0
80.0,823.0
81.0,865.0
82.0,853.0
83.0,858.0
84.0,857.0
85.0,876.0
86.0,863.0
87.0,888.0
88.0,904.0
89.0,880.0
90.0,902.0
91.0,910.0
92.0,925.0
93.0,919.0
94.0,935.0
95.0,958.0
96.0,954.0
97.0,939.0
98.0,963.0
99.0,974.0
100.0,992.0
101.0,961.0
102.0,989.0
103.0,1012.0
104.0,999.0
105.0,1020.0
106.0,1043.0
107.0,1024.0
108.0,1036.0
109.0,1048.0
110.0,1049.0
111.0,1060.0
112.0,1121.0
113.0,1090.0
114.0,1122.0
115.0,1061.0
116.0,1121.0
117.0,1108.0
118.0,1170.0
119.0,1145.0
120.0,1137.0
121.0,1142.0
122.0,1164.0
123.0,1155.0
124.0,1191.0
125.0,1194.0
126.0,1227.0
127.0,1234.0
128.0,1209.0
129.0,1234.0
130.0,1243.0
131.0,1251.0
132.0,1275.0
133.0,1269.0
134.0,1264.0
135.0,1290.0
136.0,1273.0
137.0,1321.0
138.0,1344.0
139.0,1310.0
140.0,1335.0
141.0,1362.0
142.0,1330.0
143.0,1394.0
144.0,1365.0
145.0,1317.0
146.0,1362.0
147.0,1441.0
148.0,1428.0
149.0,1435.0
150.0,1443.0
151.0,1453.0
152.0,1440.0
153.0,1474.0
154.0,1510.0
155.0,1518.0
156.0,1491.0
157.0,1467.0
158.0,1511.0
159.0,1496.0
160.0,1536.0
161.0,1566.0
162.0,1556.0
163.0,1563.0
164.0,1556.0
165.0,1577.0
166.0,1622.0
167.0,1635.0
168.0,1623.0
169.0,1660.0
170.0,1596.0
171.0,1664.0
172.0,1674.0
173.0,1699.0
174.0,1689.0
175.0,1688.0
176.0,1716.0
177.0,1687.0
178.0,1691.0
179.0,1802.0
180.0,1756.0
181.0,1768.0
182.0,1785.0
183.0,1779.0
184.0,1791.0
185.0,1822.0
186.0,1808.0
187.0,1850.0
188.0,1795.0
189.0,1840.0
190.0,1895.0
191.0,1901.0
192.0,1871.0
193.0,1849.0
194.0,1885.0
195.0,1918.0
196.0,1901.0
197.0,1965.0
198.0,1970.0
199.0,1974.0
200.0,2006.0
201.0,1979.0
202.0,2034.0
203.0,2023.0
204.0,2013.0
205.0,2013.0
206.0,2045.0
207.0,2073.0
208.0,2108.0
209.0,2104.0
210.0,2140.0
211.0,2130.0
212.0,2131.0
213.0,2129.0
214.0,2166.0
215.0,2185.0
216.0,2183.0
217.0,2166.0
218.0,2176.0
219.0,2203.0
220.0,2231.0
221.0,2225.0
222.0,2274.0
223.0,2228.0
224.0,2253.0
225.0,2262.0
226.0,2313.0
227.0,2311.0
228.0,2328.0
229.0,2340.0
230.0,2330.0
231.0,2393.0
232.0,2385.0
233.0,2401.0
234.0,2466.0
235.0,2427.0
236.0,2383.0
237.0,2414.0
238.0,2461.0
239.0,2490.0
240.0,2509.0
241.0,2474.0
242.0,2498.0
243.0,2574.0
244.0,2545.0
245.0,2546.0
246.0,2583.0
247.0,2642.0
248.0,2590.0
249.0,2602.0
250.0,2617.0
251.0,2643.0
252.0,2640.0
253.0,2651.0
254.0,2624.0
255.0,2685.0
256.0,2697.0
257.0,2718.0
258.0,2747.0
259.0,2720.0
260.0,2740.0
261.0,2746.0
262.0,2751.0
263.0,2802.0
264.0,2850.0
265.0,2828.0
266.0,2813.0
267.0,2840.0
268.0,2840.0
269.0,2835.0
270.0,2888.0
271.0,2876.0
272.0,2937.0
273.0,2879.0
274.0,2918.0
275.0,2985.0
276.0,2960.0
277.0,2975.0
278.0,2980.0
279.0,2977.0
280.0,2962.0
281.0,3044.0
282.0,3042.0
283.0,3065.0
284.0,3106.0
285.0,3088.0
286.0,3070.0
287.0,3141.0
288.0,3170.0
289.0,3125.0
290.0,3166.0
291.0,3160.0
292.0,3159.0
293.0,3242.0
294.0,3254.0
295.0,3150.0
296.0,3192.0
297.0,3243.0
298.0,3260.0
299.0,3252.0
300.0,3345.0
301.0,3296.0
302.0,3293.0
303.0,3297.0
304.0,3386.0
305.0,3384.0
306.0,3412.0
307.0,3443.0
308.0,3363.0
309.0,3362.0
310.0,3455.0
311.0,3439.0
312.0,3505.0
313.0,3491.0
314.0,3371.0
315.0,3473.0
316.0,3550.0
317.0,3529.0
318.0,3585.0
319.0,3535.0
320.0,3559.0
321.0,3562.0
322.0,3589.0
323.0,3673.0
324.0,3628.0
325.0,3612.0
326.0,3635.0
327.0,3584.0
328.0,3716.0
329.0,3661.0
330.0,3727.0
331.0,3721.0
332.0,3702.0
333.0,3709.0
334.0,3744.0
335.0,3796.0
336.0,3767.0
337.0,3731.0
338.0,3791.0
339.0,3759.0
340.0,3878.0
341.0,3879.0
342.0,3876.0
343.0,3869.0
344.0,3887.0
345.0,3866.0
346.0,3920.0
347.0,3912.0
348.0,3949.0
349.0,3951.0
350.0,3889.0
351.0,3910.0
352.0,3997.0
353.0,3985.0
354.0,3972.0
355.0,4023.0
356.0,3979.0
357.0,4046.0
358.0,4035.0
359.0,4078.0
360.0,4029.0
361.0,4055.0
362.0,4059.0
363.0,4124.0
364.0,4112.0
365.0,4161.0
366.0,4149.0
367.0,4103.0
368.0,4083.0
369.0,4201.0
370.0,4211.0
371.0,4216.0
372.0,4220.0
373.0,4205.0
374.0,4211.0
375.0,4246.0
376.0,4293.0
377.0,4358.0
378.0,4202.0
379.0,4232.0
380.0,4328.0
381.0,4301.0
382.0,4386.0
383.0,4313.0
384.0,4334.0
385.0,4320.0
386.0,4333.0
387.0,4409.0
388.0,4383.0
389.0,4386.0
390.0,4403.0
391.0,4433.0
392.0,4365.0
393.0,4430.0
394.0,4508.0
395.0,4490.0
396.0,4424.0
397.0,4430.0
398.0,4458.0
399.0,4512.0
400.0,4611.0
401.0,4526.0
402.0,4505.0
403.0,4509.0
404.0,4534.0
405.0,4640.0
406.0,4636.0
407.0,4615.0
408.0,4517.0
409.0,4596.0
410.0,4666.0
411.0,4640.0
412.0,4768.0
413.0,4672.0
414.0,4607.0
415.0,4632.0
416.0,4707.0
417.0,4819.0
418.0,4742.0
419.0,4721.0
420.0,4677.0
421.0,4748.0
422.0,4792.0
423.0,4749.0
424.0,4752.0
425.0,4741.0
426.0,4750.0
427.0,4755.0
428.0,4853.0
429.0,4845.0
430.0,4819.0
431.0,4800.0
432.0,4784.0
433.0,4860.0
434.0,4829.0
435.0,4879.0
436.0,4895.0
437.0,4844.0
438.0,4871.0
439.0,4829.0
440.0,4894.0
441.0,4984.0
442.0,4941.0
443.0,4916.0
444.0,4840.0
445.0,4930.0
446.0,4999.0
447.0,5003.0
448.0,5030.0
449.0,4986.0
450.0,4869.0
451.0,5086.0
452.0,4998.0
453.0,5010.0
454.0,5087.0
455.0,5003.0
456.0,5017.0
457.0,5040.0
458.0,5062.0
459.0,5045.0
460.0,5013.0
461.0,5041.0
462.0,5052.0
463.0,5118.0
464.0,5192.0
465.0,5136.0
466.0,5139.0
467.0,5065.0
468.0,5134.0
469.0,5108.0
470.0,5128.0
471.0,5250.0
472.0,5141.0
473.0,5083.0
474.0,5170.0
475.0,5215.0
476.0,5209.0
477.0,5177.0
478.0,5168.0
479.0,5191.0
480.0,5233.0
481.0,5297.0
482.0,5252.0
483.0,5271.0
484.0,5226.0
485.0,5297.0
486.0,5256.0
487.0,5386.0
488.0,5322.0
489.0,5362.0
490.0,5260.0
491.0,5328.0
492.0,5271.0
493.0,5269.0
494.0,5349.0
495.0,5322.0
496.0,5316.0
497.0,5254.0
498.0,5359.0
499.0,5336.0
500.0,5384.0
501.0,5340.0
502.0,5414.0
503.0,5378.0
504.0,5357.0
505.0,5446.0
506.0,5381.0
507.0,5385.0
508.0,5382.0
509.0,5423.0
510.0,5421.0
511.0,5443.0
512.0,5507.0
513.0,5318.0
514.0,5472.0
515.0,5383.0
516.0,5406.0
517.0,5449.0
518.0,5473.0
519.0,5449.0
520.0,5442.0
521.0,5496.0
522.0,5515.0
523.0,5459.0
524.0,5475.0
525.0,5444.0
526.0,5424.0
527.0,5518.0
528.0,5489.0
529.0,5560.0
530.0,5393.0
531.0,5541.0
532.0,5478.0
533.0,5473.0
534.0,5566.0
535.0,5554.0
536.0,5557.0
537.0,5488.0
538.0,5513.0
539.0,5593.0
540.0,5651.0
541.0,5607.0
542.0,5500.0
543.0,5487.0
544.0,5583.0
545.0,5564.0
546.0,5647.0
547.0,5562.0
548.0,5500.0
549.0,5618.0
550.0,5577.0
551.0,5669.0
552.0,5635.0
553.0,5610.0
554.0,5540.0
555.0,5653.0
556.0,5560.0
557.0,5640.0
558.0,5629.0
559.0,5625.0
560.0,5530.0
561.0,5623.0
562.0,5590.0
563.0,5768.0
564.0,5657.0
565.0,5610.0
566.0,5640.0
567.0,5725.0
568.0,5615.0
569.0,5716.0
570.0,5615.0
571.0,5659.0
572.0,5630.0
573.0,5619.0
574.0,5725.0
575.0,5746.0
576.0,5705.0
577.0,5628.0
578.0,5636.0
579.0,5680.0
580.0,5714.0
581.0,5739.0
582.0,5710.0
583.0,5633.0
584.0,5680.0
585.0,5695.0
586.0,5777.0
587.0,5634.0
588.0,5681.0
589.0,5675.0
590.0,5603.0
591.0,5761.0
592.0,5691.0
593.0,5660.0
594.0,5683.0
595.0,5605.0
596.0,5717.0
597.0,5656.0
598.0,5759.0
599.0,5686.0
600.0,5636.0
601.0,5737.0
602.0,5642.0
603.0,5688.0
604.0,5703.0
605.0,5638.0
606.0,5674.0
607.0,5706.0
608.0,5712.0
609.0,5757.0
610.0,5727.0
611.0,5560.0
612.0,5660.0
613.0,5659.0
614.0,5770.0
615.0,5656.0
616.0,5743.0
617.0,5676.0
618.0,5627.0
619.0,5737.0
620.0,5690.0
621.0,5798.0
622.0,5679.0
623.0,5600.0
624.0,5635.0
625.0,5704.0
626.0,5776.0
627.0,5663.0
628.0,5685.0
629.0,5639.0
630.0,5727.0
631.0,5746.0
632.0,5674.0
633.0,5734.0
634.0,5666.0
635.0,5626.0
636.0,5725.0
637.0,5673.0
638.0,5732.0
639.0,5646.0
640.0,5749.0
641.0,5691.0
642.0,5765.0
643.0,5759.0
644.0,5674.0
645.0,5685.0
646.0,5684.0
647.0,5631.0
648.0,5714.0
649.0,5648.0
650.0,5653.0
651.0,5653.0
652.0,5673.0
653.0,5652.0
654.0,5777.0
655.0,5635.0
656.0,5720.0
657.0,5606.0
658.0,5572.0
659.0,5710.0
660.0,5811.0
661.0,5697.0
662.0,5595.0
663.0,5595.0
664.0,5667.0
665.0,5650.0
666.0,5672.0
667.0,5663.0
668.0,5603.0
669.0,5501.0
670.0,5667.0
671.0,5607.0
672.0,5663.0
673.0,5634.0
674.0,5587.0
675.0,5602.0
676.0,5522.0
677.0,5589.0
678.0,5638.0
679.0,5546.0
680.0,5513.0
681.0,5584.0
682.0,5592.0
683.0,5535.0
684.0,5567.0
685.0,5475.0
686.0,5528.0
687.0,5494.0
688.0,5608.0
689.0,5572.0
690.0,5565.0
691.0,5465.0
692.0,5467.0
693.0,5540.0
694.0,5490.0
695.0,5528.0
696.0,5393.0
697.0,5459.0
698.0,5480.0
699.0,5562.0
700.0,5460.0
701.0,5468.0
702.0,5458.0
703.0,5451.0
704.0,5407.0
705.0,5449.0
706.0,5525.0
707.0,5426.0
708.0,5409.0
709.0,5451.0
710.0,5413.0
711.0,5506.0
712.0,5382.0
713.0,5383.0
714.0,5433.0
715.0,5450.0
716.0,5490.0
717.0,5309.0
718.0,5333.0
719.0,5311.0
720.0,5335.0
721.0,5296.0
722.0,5494.0
723.0,5305.0
724.0,5216.0
725.0,5318.0
726.0,5331.0
727.0,5276.0
728.0,5332.0
729.0,5239.0
730.0,5196.0
731.0,5276.0
732.0,5313.0
733.0,5259.0
734.0,5266.0
735.0,5294.0
736.0,5136.0
737.0,5151.0
738.0,5179.0
739.0,5200.0
740.0,5247.0
741.0,5190.0
742.0,5151.0
743.0,5182.0
744.0,5192.0
745.0,5176.0
746.0,5167.0
747.0,5146.0
748.0,5120.0
749.0,5137.0
750.0,5174.0
751.0,5107.0
752.0,5023.0
753.0,5123.0
754.0,5051.0
755.0,5043.0
756.0,5080.0
757.0,5024.0
758.0,5010.0
759.0,5002.0
760.0,4996.0
761.0,5020.0
762.0,5030.0
763.0,4931.0
764.0,5001.0
765.0,4944.0
766.0,4998.0
767.0,4940.0
768.0,4958.0
769.0,4894.0
770.0,4855.0
771.0,4888.0
772.0,4985.0
773.0,4920.0
774.0,4896.0
775.0,4839.0
776.0,4860.0
777.0,4906.0
778.0,4812.0
779.0,4745.0
780.0,4926.0
781.0,4798.0
782.0,4812.0
783.0,4774.0
784.0,4828.0
785.0,4763.0
786.0,4727.0
787.0,4734.0
788.0,4725.0
789.0,4807.0
790.0,4681.0
791.0,4717.0
792.0,4664.0
793.0,4653.0
794.0,4692.0
795.0,4650.0
796.0,4707.0
797.0,4641.0
798.0,4590.0
799.0,4599.0
800.0,4613.0
801.0,4614.0
802.0,4567.0
803.0,4588.0
804.0,4484.0
805.0,4602.0
806.0,4502.0
807.0,4502.0
808.0,4544.0
809.0,4416.0
810.0,4559.0
811.0,4535.0
812.0,4520.0
813.0,4448.0
814.0,4494.0
815.0,4414.0
816.0,4435.0
817.0,4395.0
818.0,4467.0
819.0,4371.0
820.0,4336.0
821.0,4365.0
822.0,4345.0
823.0,4323.0
824.0,4321.0
825.0,4335.0
826.0,4311.0
827.0,4259.0
828.0,4351.0
829.0,4301.0
830.0,4281.0
831.0,4173.0
832.0,4210.0
833.0,4342.0
834.0,4200.0
835.0,4101.0
836.0,4167.0
837.0,4162.0
838.0,4135.0
839.0,4194.0
840.0,4146.0
841.0,4114.0
842.0,4099.0
843.0,4029.0
844.0,4124.0
845.0,4139.0
846.0,4054.0
847.0,4042.0
848.0,4036.0
849.0,4028.0
850.0,4043.0
851.0,4022.0
852.0,3986.0
853.0,3985.0
854.0,3941.0
855.0,3996.0
856.0,3992.0
857.0,3925.0
858.0,3877.0
859.0,3898.0
860.0,3922.0
861.0,3972.0
862.0,3880.0
863.0,3841.0
864.0,3823.0
865.0,3833.0
866.0,3883.0
867.0,3813.0
868.0,3773.0
869.0,3813.0
870.0,3703.0
871.0,3756.0
872.0,3788.0
873.0,3741.0
874.0,3732.0
875.0,3671.0
876.0,3697.0
877.0,3698.0
878.0,3679.0
879.0,3655.0
880.0,3637.0
881.0,3640.0
882.0,3601.0
883.0,3578.0
884.0,3595.0
885.0,3594.0
886.0,3562.0
887.0,3523.0
888.0,3532.0
889.0,3506.0
890.0,3485.0
891.0,3444.0
892.0,3462.0
893.0,3448.0
894.0,3454.0
895.0,3485.0
896.0,3486.0
897.0,3425.0
898.0,3399.0
899.0,3416.0
900.0,3323.0
901.0,3374.0
902.0,3340.0
903.0,3333.0
904.0,3321.0
905.0,3324.0
906.0,3332.0
907.0,3321.0
908.0,3177.0
909.0,3262.0
910.0,3243.0
911.0,3293.0
912.0,3258.0
913.0,3178.0
914.0,3197.0
915.0,3156.0
916.0,3167.0
917.0,3194.0
918.0,3128.0
919.0,3142.0
920.0,3142.0
921.0,3098.0
922.0,3119.0
923.0,3099.0
924.0,3074.0
925.0,3067.0
926.0,3059.0
927.0,3056.0
928.0,3054.0
929.0,3001.0
930.0,2963.0
931.0,2955.0
932.0,2988.0
933.0,2933.0
934.0,2921.0
935.0,2886.0
936.0,2891.0
937.0,2867.0
938.0,2826.0
939.0,2887.0
940.0,2872.0
941.0,2831.0
942.0,2844.0
943.0,2808.0
944.0,2805.0
945.0,2751.0
946.0,2743.0
947.0,2785.0
948.0,2745.0
949.0,2722.0
950.0,2684.0
951.0,2724.0
952.0,2668.0
953.0,2657.0
954.0,2621.0
955.0,2663.0
956.0,2665.0
957.0,2669.0
958.0,2572.0
959.0,2603.0
960.0,2563.0
961.0,2588.0
962.0,2556.0
963.0,2548.0
964.0,2569.0
965.0,2556.0
966.0,2549.0
967.0,2492.0
968.0,2456.0
969.0,2487.0
970.0,2533.0
971.0,2460.0
972.0,2446.0
973.0,2420.0
974.0,2379.0
975.0,2379.0
976.0,2435.0
977.0,2415.0
978.0,2379.0
979.0,2353.0
980.0,2356.0
981.0,2321.0
982.0,2354.0
983.0,2320.0
984.0,2282.0
985.0,2256.0
986.0,2313.0
987.0,2314.0
988.0,2303.0
989.0,2202.0
990.0,2240.0
991.0,2168.0
992.0,2240.0
993.0,2203.0
994.0,2197.0
995.0,2115.0
996.0,2168.0
997.0,2165.0
998.0,2131.0
999.0,2140.0
1000.0,2094.0
1001.0,2096.0
1002.0,2035.0
1003.0,2069.0
1004.0,2041.0
1005.0,2048.0
1006.0,2037.0
1007.0,2060.0
1008.0,1929.0
1009.0,2050.0
1010.0,1987.0
1011.0,1998.0
1012.0,1965.0
1013.0,1881.0
1014.0,1942.0
1015.0,1960.0
1016.0,1870.0
1017.0,1878.0
1018.0,1882.0
1019.0,1838.0
1020.0,1818.0
1021.0,1880.0
1022.0,1825.0
1023.0,1834.0
