0.0,307.0
1.0,463.0
2.0,487.0
3.0,514.0
4.0,469.0
5.0,478.0
6.0,483.0
7.0,496.0
8.0,521.0
9.0,514.0
10.0,544.0
11.0,554.0
12.0,557.0
13.0,555.0
14.0,585.0
15.0,584.0
16.0,601.0
17.0,596.0
18.0,614.0
19.0,627.0
20.0,599.0
21.0,640.0
22.0,653.0
23.0,638.0
24.0,682.0
25.0,695.0
26.0,697.0
27.0,695.0
28.0,679.0
29.0,720.0
30.0,715.0
31.0,745.0
32.0,727.0
33.0,735.0
34.0,735.0
35.0,761.0
36.0,778.0
37.0,782.0
38.0,789.0
39.0,786.0
40.0,779.0
41.0,798.0
42.0,804.0
43.0,804.0
44.0,831.0
45.0,825.0
46.0,842.0
47.0,849.0
48.0,868.0
49.0,895.0
50.0,895.0
51.0,864.0
52.0,878.0
53.0,911.0
54.0,901.0
55.0,956.0
56.0,983.0
57.0,985.0
58.0,932.0
59.0,927.0
60.0,958.0
61.0,988.0
62.0,1015.0
63.0,985.0
64.0,1005.0
65.0,1004.0
66.0,1019.0
67.0,1012.0
68.0,1059.0
69.0,1060.0
70.0,1050.0
71.0,1108.0
72.0,1113.0
73.0,1097.0
74.0,1109.0
75.0,1124.0
76.0,1149.0
77.0,1118.0
78.0,1116.0
79.0,1179.0
80.0,1163.0
81.0,1179.0
82.0,1166.0
83.0,1196.0
84.0,1181.0
85.0,1186.0
86.0,1241.0
87.0,1257.0
88.0,1274.0
89.0,1272.0
90.0,1260.0
91.0,1237.0
92.0,1303.0
93.0,1310.0
94.0,1321.0
95.0,1314.0
96.0,1312.0
97.0,1337.0
98.0,1331.0
99.0,1360.0
100.0,1393.0
101.0,1397.0
102.0,1399.0
103.0,1422.0
104.0,1390.0
105.0,1391.0
106.0,1461.0
107.0,1480.0
108.0,1481.0
109.0,1481.0
110.0,1530.0
111.0,1501.0
112.0,1502.0
113.0,1515.0
114.0,1560.0
115.0,1561.0
116.0,1578.0
117.0,1596.0
118.0,1586.0
119.0,1572.0
120.0,1630.0
121.0,1608.0
122.0,1614.0
123.0,1614.0
124.0,1641.0
125.0,1680.0
126.0,1690.0
127.0,1685.0
128.0,1717.0
129.0,1709.0
130.0,1700.0
131.0,1786.0
132.0,1784.0
133.0,1777.0
134.0,1775.0
135.0,1783.0
136.0,1784.0
137.0,1782.0
138.0,1807.0
139.0,1882.0
140.0,1865.0
141.0,1858.0
142.0,1881.0
143.0,1894.0
144.0,1853.0
145.0,1938.0
146.0,1984.0
147.0,1935.0
148.0,1943.0
149.0,1993.0
150.0,1998.0
151.0,2035.0
152.0,2009.0
153.0,2095.0
154.0,2066.0
155.0,2068.0
156.0,2104.0
157.0,2130.0
158.0,2106.0
159.0,2136.0
160.0,2162.0
161.0,2140.0
162.0,2166.0
163.0,2138.0
164.0,2229.0
165.0,2178.0
166.0,2288.0
167.0,2230.0
168.0,2238.0
169.0,2286.0
170.0,2298.0
171.0,2308.0
172.0,2314.0
173.0,2366.0
174.0,2364.0
175.0,2334.0
176.0,2374.0
177.0,2416.0
178.0,2419.0
179.0,2448.0
180.0,2414.0
181.0,2436.0
182.0,2405.0
183.0,2497.0
184.0,2481.0
185.0,2527.0
186.0,2531.0
187.0,2503.0
188.0,2540.0
189.0,2554.0
190.0,2647.0
191.0,2628.0
192.0,2692.0
193.0,2667.0
194.0,2618.0
195.0,2670.0
196.0,2683.0
197.0,2670.0
198.0,2724.0
199.0,2707.0
200.0,2700.0
201.0,2753.0
202.0,2774.0
203.0,2837.0
204.0,2816.0
205.0,2824.0
206.0,2875.0
207.0,2828.0
208.0,2896.0
209.0,2875.0
210.0,2933.0
211.0,2886.0
212.0,2875.0
213.0,2928.0
214.0,2968.0
215.0,3000.0
216.0,2935.0
217.0,3043.0
218.0,2984.0
219.0,3011.0
220.0,3114.0
221.0,3114.0
222.0,3118.0
223.0,3135.0
224.0,3128.0
225.0,3143.0
226.0,3185.0
227.0,3217.0
228.0,3217.0
229.0,3170.0
230.0,3301.0
231.0,3270.0
232.0,3303.0
233.0,3293.0
234.0,3317.0
235.0,3339.0
236.0,3326.0
237.0,3307.0
238.0,3385.0
239.0,3369.0
240.0,3408.0
241.0,3411.0
242.0,3500.0
243.0,3444.0
244.0,3449.0
245.0,3491.0
246.0,3556.0
247.0,3617.0
248.0,3540.0
249.0,3498.0
250.0,3551.0
251.0,3525.0
252.0,3633.0
253.0,3633.0
254.0,3662.0
255.0,3718.0
256.0,3684.0
257.0,3677.0
258.0,3713.0
259.0,3695.0
260.0,3794.0
261.0,3782.0
262.0,3779.0
263.0,3787.0
264.0,3753.0
265.0,3827.0
266.0,3866.0
267.0,3882.0
268.0,3900.0
269.0,3841.0
270.0,3864.0
271.0,3919.0
272.0,3893.0
273.0,4018.0
274.0,4007.0
275.0,3979.0
276.0,3955.0
277.0,4020.0
278.0,4063.0
279.0,4086.0
280.0,4053.0
281.0,4027.0
282.0,4079.0
283.0,4103.0
284.0,4127.0
285.0,4233.0
286.0,4153.0
287.0,4237.0
288.0,4191.0
289.0,4243.0
290.0,4233.0
291.0,4262.0
292.0,4271.0
293.0,4330.0
294.0,4298.0
295.0,4301.0
296.0,4334.0
297.0,4374.0
298.0,4393.0
299.0,4361.0
300.0,4386.0
301.0,4405.0
302.0,4361.0
303.0,4422.0
304.0,4512.0
305.0,4435.0
306.0,4439.0
307.0,4485.0
308.0,4526.0
309.0,4535.0
310.0,4613.0
311.0,4596.0
312.0,4653.0
313.0,4569.0
314.0,4611.0
315.0,4660.0
316.0,4663.0
317.0,4747.0
318.0,4677.0
319.0,4671.0
320.0,4736.0
321.0,4698.0
322.0,4861.0
323.0,4806.0
324.0,4782.0
325.0,4812.0
326.0,4836.0
327.0,4843.0
328.0,4887.0
329.0,4883.0
330.0,4873.0
331.0,4876.0
332.0,4839.0
333.0,4878.0
334.0,4960.0
335.0,5015.0
336.0,4975.0
337.0,4936.0
338.0,4907.0
339.0,4979.0
340.0,5059.0
341.0,5024.0
342.0,5120.0
343.0,5097.0
344.0,5116.0
345.0,5167.0
346.0,5192.0
347.0,5188.0
348.0,5104.0
349.0,5147.0
350.0,5177.0
351.0,5190.0
352.0,5240.0
353.0,5285.0
354.0,5324.0
355.0,5274.0
356.0,5287.0
357.0,5290.0
358.0,5290.0
359.0,5338.0
360.0,5398.0
361.0,5359.0
362.0,5433.0
363.0,5283.0
364.0,5461.0
365.0,5422.0
366.0,5502.0
367.0,5512.0
368.0,5575.0
369.0,5452.0
370.0,5551.0
371.0,5465.0
372.0,5604.0
373.0,5539.0
374.0,5557.0
375.0,5526.0
376.0,5549.0
377.0,5598.0
378.0,5671.0
379.0,5705.0
380.0,5691.0
381.0,5548.0
382.0,5639.0
383.0,5720.0
384.0,5667.0
385.0,5782.0
386.0,5771.0
387.0,5769.0
388.0,5693.0
389.0,5773.0
390.0,5868.0
391.0,5813.0
392.0,5927.0
393.0,5851.0
394.0,5811.0
395.0,5832.0
396.0,5903.0
397.0,6032.0
398.0,5937.0
399.0,5884.0
400.0,5872.0
401.0,5921.0
402.0,5932.0
403.0,5954.0
404.0,5989.0
405.0,6013.0
406.0,5988.0
407.0,6078.0
408.0,5980.0
409.0,6174.0
410.0,6082.0
411.0,6140.0
412.0,5996.0
413.0,6087.0
414.0,6159.0
415.0,6141.0
416.0,6099.0
417.0,6093.0
418.0,6094.0
419.0,6184.0
420.0,6132.0
421.0,6263.0
422.0,6271.0
423.0,6275.0
424.0,6213.0
425.0,6216.0
426.0,6186.0
427.0,6309.0
428.0,6406.0
429.0,6310.0
430.0,6313.0
431.0,6366.0
432.0,6255.0
433.0,6424.0
434.0,6454.0
435.0,6423.0
436.0,6422.0
437.0,6381.0
438.0,6292.0
439.0,6489.0
440.0,6525.0
441.0,6531.0
442.0,6510.0
443.0,6477.0
444.0,6442.0
445.0,6622.0
446.0,6621.0
447.0,6562.0
448.0,6508.0
449.0,6537.0
450.0,6521.0
451.0,6618.0
452.0,6635.0
453.0,6674.0
454.0,6648.0
455.0,6551.0
456.0,6635.0
457.0,6601.0
458.0,6719.0
459.0,6627.0
460.0,6694.0
461.0,6678.0
462.0,6664.0
463.0,6643.0
464.0,6768.0
465.0,6808.0
466.0,6755.0
467.0,6768.0
468.0,6625.0
469.0,6795.0
470.0,6837.0
471.0,6793.0
472.0,6853.0
473.0,6796.0
474.0,6794.0
475.0,6833.0
476.0,6936.0
477.0,6868.0
478.0,6941.0
479.0,6921.0
480.0,6800.0
481.0,6819.0
482.0,6989.0
483.0,6965.0
484.0,6941.0
485.0,6947.0
486.0,6981.0
487.0,6804.0
488.0,6985.0
489.0,7013.0
490.0,7082.0
491.0,7143.0
492.0,6992.0
493.0,6991.0
494.0,7034.0
495.0,7080.0
496.0,7093.0
497.0,7076.0
498.0,7070.0
499.0,6963.0
500.0,7027.0
501.0,7198.0
502.0,7100.0
503.0,7082.0
504.0,7034.0
505.0,7059.0
506.0,7163.0
507.0,7202.0
508.0,7144.0
509.0,7090.0
510.0,7105.0
511.0,7157.0
512.0,7130.0
513.0,7235.0
514.0,7240.0
515.0,7135.0
516.0,7174.0
517.0,7225.0
518.0,7207.0
519.0,7196.0
520.0,7300.0
521.0,7125.0
522.0,7218.0
523.0,7141.0
524.0,7250.0
525.0,7280.0
526.0,7336.0
527.0,7316.0
528.0,7240.0
529.0,7240.0
530.0,7376.0
531.0,7312.0
532.0,7348.0
533.0,7372.0
534.0,7229.0
535.0,7246.0
536.0,7333.0
537.0,7348.0
538.0,7290.0
539.0,7323.0
540.0,7393.0
541.0,7332.0
542.0,7431.0
543.0,7271.0
544.0,7426.0
545.0,7423.0
546.0,7407.0
547.0,7284.0
548.0,7374.0
549.0,7358.0
550.0,7430.0
551.0,7463.0
552.0,7377.0
553.0,7404.0
554.0,7377.0
555.0,7520.0
556.0,7479.0
557.0,7466.0
558.0,7497.0
559.0,7411.0
560.0,7391.0
561.0,7430.0
562.0,7416.0
563.0,7454.0
564.0,7467.0
565.0,7371.0
566.0,7416.0
567.0,7454.0
568.0,7473.0
569.0,7480.0
570.0,7424.0
571.0,7387.0
572.0,7427.0
573.0,7510.0
574.0,7489.0
575.0,7511.0
576.0,7437.0
577.0,7474.0
578.0,7405.0
579.0,7452.0
580.0,7486.0
581.0,7486.0
582.0,7430.0
583.0,7400.0
584.0,7504.0
585.0,7424.0
586.0,7511.0
587.0,7576.0
588.0,7416.0
589.0,7437.0
590.0,7486.0
591.0,7515.0
592.0,7490.0
593.0,7542.0
594.0,7436.0
595.0,7470.0
596.0,7420.0
597.0,7500.0
598.0,7487.0
599.0,7548.0
600.0,7484.0
601.0,7475.0
602.0,7528.0
603.0,7420.0
604.0,7659.0
605.0,7553.0
606.0,7495.0
607.0,7462.0
608.0,7417.0
609.0,7511.0
610.0,7590.0
611.0,7516.0
612.0,7464.0
613.0,7380.0
614.0,7475.0
615.0,7535.0
616.0,7418.0
617.0,7568.0
618.0,7333.0
619.0,7428.0
620.0,7505.0
621.0,7461.0
622.0,7468.0
623.0,7489.0
624.0,7435.0
625.0,7537.0
626.0,7411.0
627.0,7431.0
628.0,7523.0
629.0,7509.0
630.0,7453.0
631.0,7489.0
632.0,7327.0
633.0,7465.0
634.0,7457.0
635.0,7560.0
636.0,7429.0
637.0,7347.0
638.0,7381.0
639.0,7508.0
640.0,7482.0
641.0,7511.0
642.0,7501.0
643.0,7384.0
644.0,7285.0
645.0,7350.0
646.0,7462.0
647.0,7454.0
648.0,7522.0
649.0,7297.0
650.0,7339.0
651.0,7531.0
652.0,7517.0
653.0,7439.0
654.0,7375.0
655.0,7421.0
656.0,7368.0
657.0,7390.0
658.0,7409.0
659.0,7484.0
660.0,7312.0
661.0,7325.0
662.0,7342.0
663.0,7408.0
664.0,7385.0
665.0,7389.0
666.0,7281.0
667.0,7277.0
668.0,7282.0
669.0,7396.0
670.0,7339.0
671.0,7360.0
672.0,7306.0
673.0,7184.0
674.0,7338.0
675.0,7253.0
676.0,7381.0
677.0,7258.0
678.0,7274.0
679.0,7197.0
680.0,7304.0
681.0,7376.0
682.0,7323.0
683.0,7245.0
684.0,7232.0
685.0,7231.0
686.0,7169.0
687.0,7165.0
688.0,7332.0
689.0,7245.0
690.0,7229.0
691.0,7102.0
692.0,7192.0
693.0,7246.0
694.0,7271.0
695.0,7220.0
696.0,7147.0
697.0,7133.0
698.0,7121.0
699.0,7220.0
700.0,7288.0
701.0,7160.0
702.0,7176.0
703.0,7005.0
704.0,7091.0
705.0,7131.0
706.0,7132.0
707.0,7151.0
708.0,7024.0
709.0,7056.0
710.0,7139.0
711.0,7112.0
712.0,7143.0
713.0,7057.0
714.0,6941.0
715.0,6968.0
716.0,7017.0
717.0,7130.0
718.0,7011.0
719.0,7034.0
720.0,6960.0
721.0,6909.0
722.0,6971.0
723.0,7002.0
724.0,7070.0
725.0,6914.0
726.0,6868.0
727.0,6914.0
728.0,6920.0
729.0,7077.0
730.0,6954.0
731.0,6942.0
732.0,6905.0
733.0,6857.0
734.0,6938.0
735.0,6953.0
736.0,6904.0
737.0,6813.0
738.0,6807.0
739.0,6817.0
740.0,6887.0
741.0,6892.0
742.0,6845.0
743.0,6778.0
744.0,6715.0
745.0,6701.0
746.0,6806.0
747.0,6839.0
748.0,6726.0
749.0,6799.0
750.0,6714.0
751.0,6675.0
752.0,6790.0
753.0,6786.0
754.0,6706.0
755.0,6760.0
756.0,6627.0
757.0,6708.0
758.0,6770.0
759.0,6695.0
760.0,6659.0
761.0,6593.0
762.0,6640.0
763.0,6672.0
764.0,6660.0
765.0,6630.0
766.0,6587.0
767.0,6446.0
768.0,6463.0
769.0,6537.0
770.0,6679.0
771.0,6545.0
772.0,6543.0
773.0,6430.0
774.0,6483.0
775.0,6381.0
776.0,6472.0
777.0,6478.0
778.0,6323.0
779.0,6381.0
780.0,6401.0
781.0,6354.0
782.0,6427.0
783.0,6435.0
784.0,6331.0
785.0,6360.0
786.0,6322.0
787.0,6285.0
788.0,6322.0
789.0,6420.0
790.0,6325.0
791.0,6252.0
792.0,6291.0
793.0,6316.0
794.0,6303.0
795.0,6219.0
796.0,6157.0
797.0,6106.0
798.0,6231.0
799.0,6202.0
800.0,6157.0
801.0,6197.0
802.0,6107.0
803.0,6040.0
804.0,6032.0
805.0,6164.0
806.0,6138.0
807.0,6162.0
808.0,5948.0
809.0,6032.0
810.0,6003.0
811.0,6161.0
812.0,6016.0
813.0,5995.0
814.0,5923.0
815.0,5987.0
816.0,5986.0
817.0,5967.0
818.0,6019.0
819.0,5844.0
820.0,5889.0
821.0,5844.0
822.0,5857.0
823.0,5907.0
824.0,5961.0
825.0,5797.0
826.0,5895.0
827.0,5757.0
828.0,5811.0
829.0,5818.0
830.0,5875.0
831.0,5855.0
832.0,5730.0
833.0,5770.0
834.0,5761.0
835.0,5660.0
836.0,5705.0
837.0,5632.0
838.0,5616.0
839.0,5625.0
840.0,5647.0
841.0,5658.0
842.0,5675.0
843.0,5612.0
844.0,5599.0
845.0,5519.0
846.0,5516.0
847.0,5556.0
848.0,5469.0
849.0,5468.0
850.0,5446.0
851.0,5449.0
852.0,5530.0
853.0,5494.0
854.0,5406.0
855.0,5367.0
856.0,5339.0
857.0,5430.0
858.0,5400.0
859.0,5306.0
860.0,5312.0
861.0,5246.0
862.0,5240.0
863.0,5326.0
864.0,5346.0
865.0,5251.0
866.0,5262.0
867.0,5176.0
868.0,5236.0
869.0,5139.0
870.0,5185.0
871.0,5182.0
872.0,5150.0
873.0,5136.0
874.0,5113.0
875.0,5178.0
876.0,5141.0
877.0,5079.0
878.0,5042.0
879.0,5105.0
880.0,4991.0
881.0,4999.0
882.0,4969.0
883.0,4996.0
884.0,4936.0
885.0,4947.0
886.0,4884.0
887.0,4999.0
888.0,4914.0
889.0,4952.0
890.0,4790.0
891.0,4854.0
892.0,4786.0
893.0,4824.0
894.0,4867.0
895.0,4749.0
896.0,4719.0
897.0,4719.0
898.0,4780.0
899.0,4751.0
900.0,4673.0
901.0,4684.0
902.0,4658.0
903.0,4596.0
904.0,4642.0
905.0,4648.0
906.0,4566.0
907.0,4580.0
908.0,4519.0
909.0,4534.0
910.0,4531.0
911.0,4500.0
912.0,4490.0
913.0,4500.0
914.0,4350.0
915.0,4421.0
916.0,4421.0
917.0,4475.0
918.0,4377.0
919.0,4341.0
920.0,4317.0
921.0,4349.0
922.0,4403.0
923.0,4328.0
924.0,4278.0
925.0,4272.0
926.0,4207.0
927.0,4273.0
928.0,4253.0
929.0,4236.0
930.0,4227.0
931.0,4141.0
932.0,4126.0
933.0,4111.0
934.0,4109.0
935.0,4087.0
936.0,4105.0
937.0,4010.0
938.0,4035.0
939.0,4114.0
940.0,4069.0
941.0,4047.0
942.0,3929.0
943.0,3923.0
944.0,3997.0
945.0,3986.0
946.0,3941.0
947.0,3868.0
948.0,3831.0
949.0,3893.0
950.0,3866.0
951.0,3886.0
952.0,3768.0
953.0,3768.0
954.0,3728.0
955.0,3747.0
956.0,3707.0
957.0,3788.0
958.0,3728.0
959.0,3659.0
960.0,3718.0
961.0,3675.0
962.0,3752.0
963.0,3765.0
964.0,3629.0
965.0,3593.0
966.0,3630.0
967.0,3567.0
968.0,3573.0
969.0,3604.0
970.0,3475.0
971.0,3540.0
972.0,3484.0
973.0,3457.0
974.0,3461.0
975.0,3411.0
976.0,3437.0
977.0,3322.0
978.0,3332.0
979.0,3431.0
980.0,3409.0
981.0,3373.0
982.0,3314.0
983.0,3295.0
984.0,3329.0
985.0,3297.0
986.0,3266.0
987.0,3274.0
988.0,3196.0
989.0,3207.0
990.0,3280.0
991.0,3157.0
992.0,3155.0
993.0,3150.0
994.0,3135.0
995.0,3122.0
996.0,3154.0
997.0,3145.0
998.0,3079.0
999.0,3020.0
1000.0,3054.0
1001.0,3076.0
1002.0,2997.0
1003.0,3045.0
1004.0,2935.0
1005.0,2958.0
1006.0,2904.0
1007.0,2950.0
1008.0,2979.0
1009.0,2875.0
1010.0,2828.0
1011.0,2811.0
1012.0,2865.0
1013.0,2797.0
1014.0,2858.0
1015.0,2808.0
1016.0,2759.0
1017.0,2820.0
1018.0,2752.0
1019.0,2703.0
1020.0,2774.0
1021.0,2679.0
1022.0,2695.0
1023.0,2689.0
