0.0,872.0
1.0,1277.0
2.0,1193.0
3.0,1256.0
4.0,1216.0
5.0,1236.0
6.0,1278.0
7.0,1270.0
8.0,1242.0
9.0,1275.0
10.0,1320.0
11.0,1314.0
12.0,1340.0
13.0,1352.0
14.0,1385.0
15.0,1448.0
16.0,1381.0
17.0,1393.0
18.0,1458.0
19.0,1511.0
20.0,1483.0
21.0,1500.0
22.0,1480.0
23.0,1547.0
24.0,1563.0
25.0,1564.0
26.0,1606.0
27.0,1615.0
28.0,1584.0
29.0,1632.0
30.0,1641.0
31.0,1668.0
32.0,1719.0
33.0,1684.0
34.0,1760.0
35.0,1757.0
36.0,1798.0
37.0,1751.0
38.0,1790.0
39.0,1877.0
40.0,1857.0
41.0,1903.0
42.0,1898.0
43.0,1937.0
44.0,1894.0
45.0,1957.0
46.0,1968.0
47.0,1945.0
48.0,1990.0
49.0,2077.0
50.0,1987.0
51.0,2065.0
52.0,2086.0
53.0,2093.0
54.0,2127.0
55.0,2176.0
56.0,2180.0
57.0,2213.0
58.0,2176.0
59.0,2277.0
60.0,2303.0
61.0,2306.0
62.0,2272.0
63.0,2376.0
64.0,2395.0
65.0,2355.0
66.0,2343.0
67.0,2430.0
68.0,2476.0
69.0,2468.0
70.0,2481.0
71.0,2497.0
72.0,2514.0
73.0,2524.0
74.0,2581.0
75.0,2592.0
76.0,2638.0
77.0,2652.0
78.0,2706.0
79.0,2661.0
80.0,2690.0
81.0,2745.0
82.0,2790.0
83.0,2844.0
84.0,2793.0
85.0,2880.0
86.0,2868.0
87.0,2874.0
88.0,2927.0
89.0,2935.0
90.0,3002.0
91.0,3009.0
92.0,2976.0
93.0,2991.0
94.0,3046.0
95.0,3121.0
96.0,3145.0
97.0,3162.0
98.0,3206.0
99.0,3204.0
100.0,3153.0
101.0,3235.0
102.0,3279.0
103.0,3301.0
104.0,3462.0
105.0,3377.0
106.0,3321.0
107.0,3399.0
108.0,3425.0
109.0,3486.0
110.0,3478.0
111.0,3503.0
112.0,3517.0
113.0,3596.0
114.0,3601.0
115.0,3623.0
116.0,3670.0
117.0,3693.0
118.0,3777.0
119.0,3741.0
120.0,3763.0
121.0,3807.0
122.0,3809.0
123.0,3890.0
124.0,3998.0
125.0,3883.0
126.0,3947.0
127.0,3946.0
128.0,3998.0
129.0,4060.0
130.0,4085.0
131.0,4096.0
132.0,4125.0
133.0,4186.0
134.0,4084.0
135.0,4160.0
136.0,4218.0
137.0,4254.0
138.0,4317.0
139.0,4234.0
140.0,4344.0
141.0,4324.0
142.0,4268.0
143.0,4467.0
144.0,4428.0
145.0,4488.0
146.0,4506.0
147.0,4512.0
148.0,4560.0
149.0,4567.0
150.0,4646.0
151.0,4690.0
152.0,4721.0
153.0,4714.0
154.0,4687.0
155.0,4775.0
156.0,4725.0
157.0,4840.0
158.0,4871.0
159.0,4914.0
160.0,4926.0
161.0,4880.0
162.0,4934.0
163.0,4996.0
164.0,4975.0
165.0,5069.0
166.0,5048.0
167.0,5181.0
168.0,5144.0
169.0,5212.0
170.0,5137.0
171.0,5246.0
172.0,5312.0
173.0,5348.0
174.0,5403.0
175.0,5292.0
176.0,5416.0
177.0,5492.0
178.0,5461.0
179.0,5524.0
180.0,5562.0
181.0,5562.0
182.0,5625.0
183.0,5497.0
184.0,5652.0
185.0,5687.0
186.0,5758.0
187.0,5749.0
188.0,5864.0
189.0,5874.0
190.0,5889.0
191.0,5845.0
192.0,5937.0
193.0,6070.0
194.0,6036.0
195.0,6033.0
196.0,6064.0
197.0,5996.0
198.0,6148.0
199.0,6236.0
200.0,6265.0
201.0,6312.0
202.0,6242.0
203.0,6267.0
204.0,6208.0
205.0,6336.0
206.0,6549.0
207.0,6461.0
208.0,6447.0
209.0,6495.0
210.0,6608.0
211.0,6446.0
212.0,6606.0
213.0,6593.0
214.0,6707.0
215.0,6736.0
216.0,6668.0
217.0,6719.0
218.0,6787.0
219.0,6742.0
220.0,6846.0
221.0,6992.0
222.0,7029.0
223.0,7033.0
224.0,6970.0
225.0,6948.0
226.0,7111.0
227.0,7107.0
228.0,7164.0
229.0,7215.0
230.0,7182.0
231.0,7258.0
232.0,7225.0
233.0,7338.0
234.0,7417.0
235.0,7351.0
236.0,7495.0
237.0,7532.0
238.0,7484.0
239.0,7459.0
240.0,7561.0
241.0,7692.0
242.0,7754.0
243.0,7712.0
244.0,7642.0
245.0,7728.0
246.0,7683.0
247.0,7920.0
248.0,7967.0
249.0,7878.0
250.0,7944.0
251.0,7815.0
252.0,7931.0
253.0,8029.0
254.0,8096.0
255.0,8155.0
256.0,8135.0
257.0,8069.0
258.0,8079.0
259.0,8053.0
260.0,8158.0
261.0,8292.0
262.0,8397.0
263.0,8361.0
264.0,8387.0
265.0,8255.0
266.0,8386.0
267.0,8545.0
268.0,8623.0
269.0,8613.0
270.0,8553.0
271.0,8563.0
272.0,8486.0
273.0,8609.0
274.0,8678.0
275.0,8817.0
276.0,8755.0
277.0,8809.0
278.0,8786.0
279.0,8734.0
280.0,8833.0
281.0,8939.0
282.0,8942.0
283.0,9034.0
284.0,8977.0
285.0,9106.0
286.0,9023.0
287.0,9062.0
288.0,9109.0
289.0,9261.0
290.0,9217.0
291.0,9147.0
292.0,9152.0
293.0,9176.0
294.0,9409.0
295.0,9242.0
296.0,9389.0
297.0,9389.0
298.0,9415.0
299.0,9324.0
300.0,9447.0
301.0,9443.0
302.0,9543.0
303.0,9427.0
304.0,9599.0
305.0,9583.0
306.0,9602.0
307.0,9550.0
308.0,9635.0
309.0,9711.0
310.0,9889.0
311.0,9738.0
312.0,9770.0
313.0,9752.0
314.0,9747.0
315.0,9905.0
316.0,9805.0
317.0,10106.0
318.0,9958.0
319.0,9965.0
320.0,9938.0
321.0,10027.0
322.0,10116.0
323.0,10115.0
324.0,10144.0
325.0,10134.0
326.0,9982.0
327.0,10170.0
328.0,10290.0
329.0,10192.0
330.0,10275.0
331.0,10345.0
332.0,10363.0
333.0,10301.0
334.0,10389.0
335.0,10535.0
336.0,10451.0
337.0,10451.0
338.0,10541.0
339.0,10505.0
340.0,10549.0
341.0,10521.0
342.0,10783.0
343.0,10832.0
344.0,10609.0
345.0,10796.0
346.0,10526.0
347.0,10586.0
348.0,10723.0
349.0,10809.0
350.0,10809.0
351.0,10781.0
352.0,10697.0
353.0,10747.0
354.0,10739.0
355.0,11014.0
356.0,11009.0
357.0,10896.0
358.0,11061.0
359.0,10909.0
360.0,11032.0
361.0,10987.0
362.0,11087.0
363.0,11156.0
364.0,11227.0
365.0,11116.0
366.0,11039.0
367.0,11226.0
368.0,11218.0
369.0,11299.0
370.0,11241.0
371.0,11392.0
372.0,11228.0
373.0,11339.0
374.0,11292.0
375.0,11450.0
376.0,11417.0
377.0,11400.0
378.0,11436.0
379.0,11512.0
380.0,11360.0
381.0,11389.0
382.0,11467.0
383.0,11661.0
384.0,11526.0
385.0,11627.0
386.0,11568.0
387.0,11590.0
388.0,11523.0
389.0,11800.0
390.0,11867.0
391.0,11759.0
392.0,11679.0
393.0,11642.0
394.0,11604.0
395.0,11745.0
396.0,11950.0
397.0,11851.0
398.0,11867.0
399.0,11729.0
400.0,11787.0
401.0,11872.0
402.0,11955.0
403.0,12105.0
404.0,12102.0
405.0,11907.0
406.0,11958.0
407.0,12106.0
408.0,11916.0
409.0,12158.0
410.0,12247.0
411.0,12128.0
412.0,12285.0
413.0,11961.0
414.0,12008.0
415.0,12247.0
416.0,12284.0
417.0,12324.0
418.0,12138.0
419.0,12151.0
420.0,12185.0
421.0,12181.0
422.0,12315.0
423.0,12363.0
424.0,12365.0
425.0,12336.0
426.0,12338.0
427.0,12160.0
428.0,12457.0
429.0,12484.0
430.0,12473.0
431.0,12532.0
432.0,12441.0
433.0,12524.0
434.0,12503.0
435.0,12319.0
436.0,12786.0
437.0,12591.0
438.0,12630.0
439.0,12571.0
440.0,12437.0
441.0,12687.0
442.0,12531.0
443.0,12790.0
444.0,12896.0
445.0,12565.0
446.0,12584.0
447.0,12787.0
448.0,12697.0
449.0,12811.0
450.0,12664.0
451.0,12857.0
452.0,12804.0
453.0,12626.0
454.0,12833.0
455.0,12938.0
456.0,12840.0
457.0,12928.0
458.0,12891.0
459.0,12933.0
460.0,12742.0
461.0,12785.0
462.0,12938.0
463.0,13126.0
464.0,13070.0
465.0,13068.0
466.0,13045.0
467.0,12866.0
468.0,13114.0
469.0,12954.0
470.0,13268.0
471.0,13149.0
472.0,12947.0
473.0,13130.0
474.0,12940.0
475.0,13024.0
476.0,13345.0
477.0,13150.0
478.0,13235.0
479.0,13116.0
480.0,13117.0
481.0,13023.0
482.0,13231.0
483.0,13382.0
484.0,13174.0
485.0,13261.0
486.0,13099.0
487.0,13193.0
488.0,13222.0
489.0,13326.0
490.0,13412.0
491.0,13292.0
492.0,13275.0
493.0,13048.0
494.0,13376.0
495.0,13442.0
496.0,13431.0
497.0,13485.0
498.0,13269.0
499.0,13372.0
500.0,13145.0
501.0,13241.0
502.0,13664.0
503.0,13403.0
504.0,13434.0
505.0,13515.0
506.0,13208.0
507.0,13416.0
508.0,13517.0
509.0,13550.0
510.0,13442.0
511.0,13521.0
512.0,13427.0
513.0,13546.0
514.0,13308.0
515.0,13562.0
516.0,13710.0
517.0,13468.0
518.0,13538.0
519.0,13501.0
520.0,13444.0
521.0,13668.0
522.0,13413.0
523.0,13733.0
524.0,13443.0
525.0,13350.0
526.0,13503.0
527.0,13550.0
528.0,13805.0
529.0,13459.0
530.0,13770.0
531.0,13691.0
532.0,13528.0
533.0,13541.0
534.0,13673.0
535.0,13694.0
536.0,13709.0
537.0,13661.0
538.0,13529.0
539.0,13648.0
540.0,13615.0
541.0,13589.0
542.0,13937.0
543.0,13758.0
544.0,13664.0
545.0,13725.0
546.0,13594.0
547.0,13634.0
548.0,13787.0
549.0,13819.0
550.0,13691.0
551.0,13631.0
552.0,13691.0
553.0,13559.0
554.0,13826.0
555.0,13971.0
556.0,13676.0
557.0,13730.0
558.0,13660.0
559.0,13618.0
560.0,13810.0
561.0,13760.0
562.0,13929.0
563.0,13732.0
564.0,13695.0
565.0,13675.0
566.0,13714.0
567.0,13858.0
568.0,13788.0
569.0,13906.0
570.0,13552.0
571.0,13588.0
572.0,13575.0
573.0,13898.0
574.0,13585.0
575.0,14004.0
576.0,13917.0
577.0,13732.0
578.0,13621.0
579.0,13625.0
580.0,13784.0
581.0,13948.0
582.0,13794.0
583.0,13920.0
584.0,13524.0
585.0,13733.0
586.0,13731.0
587.0,13936.0
588.0,13749.0
589.0,13917.0
590.0,13617.0
591.0,13650.0
592.0,13635.0
593.0,13878.0
594.0,13884.0
595.0,13754.0
596.0,13753.0
597.0,13622.0
598.0,13618.0
599.0,13805.0
600.0,13582.0
601.0,13978.0
602.0,13854.0
603.0,13487.0
604.0,13697.0
605.0,13630.0
606.0,13761.0
607.0,13901.0
608.0,13739.0
609.0,13765.0
610.0,13650.0
611.0,13590.0
612.0,13799.0
613.0,13700.0
614.0,13859.0
615.0,13754.0
616.0,13522.0
617.0,13636.0
618.0,13618.0
619.0,13633.0
620.0,13746.0
621.0,13816.0
622.0,13729.0
623.0,13666.0
624.0,13276.0
625.0,13734.0
626.0,13689.0
627.0,13720.0
628.0,13729.0
629.0,13506.0
630.0,13540.0
631.0,13678.0
632.0,13582.0
633.0,13748.0
634.0,13668.0
635.0,13516.0
636.0,13406.0
637.0,13545.0
638.0,13499.0
639.0,13716.0
640.0,13642.0
641.0,13627.0
642.0,13341.0
643.0,13657.0
644.0,13172.0
645.0,13650.0
646.0,13681.0
647.0,13482.0
648.0,13582.0
649.0,13240.0
650.0,13372.0
651.0,13433.0
652.0,13395.0
653.0,13527.0
654.0,13515.0
655.0,13234.0
656.0,13449.0
657.0,13503.0
658.0,13354.0
659.0,13577.0
660.0,13306.0
661.0,13356.0
662.0,13354.0
663.0,13405.0
664.0,13412.0
665.0,13431.0
666.0,13574.0
667.0,13348.0
668.0,13283.0
669.0,13343.0
670.0,13110.0
671.0,13371.0
672.0,13324.0
673.0,13359.0
674.0,13096.0
675.0,13352.0
676.0,13211.0
677.0,13225.0
678.0,13331.0
679.0,13521.0
680.0,13178.0
681.0,13097.0
682.0,13105.0
683.0,13094.0
684.0,13362.0
685.0,13245.0
686.0,13224.0
687.0,13221.0
688.0,12975.0
689.0,12977.0
690.0,13231.0
691.0,13144.0
692.0,13232.0
693.0,13104.0
694.0,12981.0
695.0,13010.0
696.0,12966.0
697.0,13086.0
698.0,13269.0
699.0,13087.0
700.0,12787.0
701.0,12888.0
702.0,12960.0
703.0,12944.0
704.0,13119.0
705.0,13047.0
706.0,12818.0
707.0,12816.0
708.0,12888.0
709.0,12785.0
710.0,12971.0
711.0,12896.0
712.0,12808.0
713.0,12782.0
714.0,12711.0
715.0,12822.0
716.0,12750.0
717.0,12808.0
718.0,12905.0
719.0,12508.0
720.0,12700.0
721.0,12528.0
722.0,12686.0
723.0,12746.0
724.0,12768.0
725.0,12551.0
726.0,12430.0
727.0,12609.0
728.0,12483.0
729.0,12520.0
730.0,12599.0
731.0,12528.0
732.0,12519.0
733.0,12471.0
734.0,12202.0
735.0,12645.0
736.0,12439.0
737.0,12314.0
738.0,12355.0
739.0,12265.0
740.0,12250.0
741.0,12474.0
742.0,12244.0
743.0,12280.0
744.0,12200.0
745.0,12277.0
746.0,12158.0
747.0,12178.0
748.0,12455.0
749.0,12284.0
750.0,12132.0
751.0,12187.0
752.0,12002.0
753.0,12092.0
754.0,12110.0
755.0,12079.0
756.0,12275.0
757.0,11972.0
758.0,11984.0
759.0,11936.0
760.0,11984.0
761.0,12052.0
762.0,12063.0
763.0,11912.0
764.0,11854.0
765.0,11742.0
766.0,11827.0
767.0,11875.0
768.0,11898.0
769.0,11879.0
770.0,11752.0
771.0,11625.0
772.0,11538.0
773.0,11716.0
774.0,11834.0
775.0,11832.0
776.0,11688.0
777.0,11582.0
778.0,11551.0
779.0,11638.0
780.0,11532.0
781.0,11722.0
782.0,11482.0
783.0,11474.0
784.0,11336.0
785.0,11396.0
786.0,11507.0
787.0,11663.0
788.0,11303.0
789.0,11306.0
790.0,11413.0
791.0,11264.0
792.0,11345.0
793.0,11316.0
794.0,11242.0
795.0,11258.0
796.0,11195.0
797.0,11132.0
798.0,11165.0
799.0,11243.0
800.0,11110.0
801.0,11063.0
802.0,10937.0
803.0,10996.0
804.0,11008.0
805.0,10991.0
806.0,11075.0
807.0,10958.0
808.0,10966.0
809.0,10797.0
810.0,10775.0
811.0,11059.0
812.0,10840.0
813.0,10690.0
814.0,10831.0
815.0,10622.0
816.0,10601.0
817.0,10872.0
818.0,10685.0
819.0,10841.0
820.0,10738.0
821.0,10507.0
822.0,10483.0
823.0,10439.0
824.0,10691.0
825.0,10569.0
826.0,10592.0
827.0,10332.0
828.0,10312.0
829.0,10369.0
830.0,10438.0
831.0,10498.0
832.0,10477.0
833.0,10271.0
834.0,10158.0
835.0,10262.0
836.0,10282.0
837.0,10298.0
838.0,10161.0
839.0,10142.0
840.0,10156.0
841.0,10030.0
842.0,10144.0
843.0,10107.0
844.0,10150.0
845.0,10087.0
846.0,9895.0
847.0,9828.0
848.0,9860.0
849.0,10025.0
850.0,9920.0
851.0,9921.0
852.0,9927.0
853.0,9727.0
854.0,9784.0
855.0,9803.0
856.0,9649.0
857.0,9773.0
858.0,9740.0
859.0,9556.0
860.0,9574.0
861.0,9667.0
862.0,9700.0
863.0,9563.0
864.0,9569.0
865.0,9498.0
866.0,9306.0
867.0,9516.0
868.0,9488.0
869.0,9516.0
870.0,9435.0
871.0,9268.0
872.0,9325.0
873.0,9335.0
874.0,9220.0
875.0,9383.0
876.0,9252.0
877.0,9153.0
878.0,9179.0
879.0,9147.0
880.0,9090.0
881.0,9135.0
882.0,9092.0
883.0,9076.0
884.0,9049.0
885.0,8897.0
886.0,8973.0
887.0,9030.0
888.0,8922.0
889.0,8808.0
890.0,8830.0
891.0,8721.0
892.0,8765.0
893.0,8706.0
894.0,8857.0
895.0,8730.0
896.0,8632.0
897.0,8650.0
898.0,8662.0
899.0,8710.0
900.0,8645.0
901.0,8634.0
902.0,8472.0
903.0,8523.0
904.0,8488.0
905.0,8422.0
906.0,8499.0
907.0,8413.0
908.0,8483.0
909.0,8316.0
910.0,8267.0
911.0,8252.0
912.0,8261.0
913.0,8235.0
914.0,8207.0
915.0,8034.0
916.0,8136.0
917.0,8151.0
918.0,8161.0
919.0,8233.0
920.0,8082.0
921.0,7974.0
922.0,8027.0
923.0,7906.0
924.0,7987.0
925.0,7961.0
926.0,7795.0
927.0,7922.0
928.0,7781.0
929.0,7864.0
930.0,7763.0
931.0,7888.0
932.0,7782.0
933.0,7701.0
934.0,7609.0
935.0,7516.0
936.0,7586.0
937.0,7628.0
938.0,7584.0
939.0,7625.0
940.0,7418.0
941.0,7450.0
942.0,7513.0
943.0,7455.0
944.0,7521.0
945.0,7349.0
946.0,7380.0
947.0,7284.0
948.0,7331.0
949.0,7303.0
950.0,7416.0
951.0,7136.0
952.0,7099.0
953.0,7144.0
954.0,7129.0
955.0,7151.0
956.0,7073.0
957.0,7013.0
958.0,7075.0
959.0,6958.0
960.0,6913.0
961.0,7043.0
962.0,7008.0
963.0,6898.0
964.0,6928.0
965.0,6846.0
966.0,6798.0
967.0,6792.0
968.0,6808.0
969.0,6751.0
970.0,6755.0
971.0,6608.0
972.0,6722.0
973.0,6594.0
974.0,6643.0
975.0,6618.0
976.0,6648.0
977.0,6526.0
978.0,6405.0
979.0,6417.0
980.0,6450.0
981.0,6524.0
982.0,6398.0
983.0,6371.0
984.0,6232.0
985.0,6280.0
986.0,6371.0
987.0,6339.0
988.0,6246.0
989.0,6207.0
990.0,6186.0
991.0,6161.0
992.0,6116.0
993.0,6204.0
994.0,6165.0
995.0,5981.0
996.0,5955.0
997.0,5965.0
998.0,6069.0
999.0,5919.0
1000.0,5946.0
1001.0,5890.0
1002.0,5846.0
1003.0,5848.0
1004.0,5781.0
1005.0,5845.0
1006.0,5807.0
1007.0,5729.0
1008.0,5785.0
1009.0,5675.0
1010.0,5746.0
1011.0,5727.0
1012.0,5616.0
1013.0,5653.0
1014.0,5543.0
1015.0,5536.0
1016.0,5591.0
1017.0,5477.0
1018.0,5538.0
1019.0,5460.0
1020.0,5440.0
1021.0,5317.0
1022.0,5375.0
1023.0,5347.0
