0.0,1066.0
1.0,1426.0
2.0,1314.0
3.0,1393.0
4.0,1447.0
5.0,1408.0
6.0,1456.0
7.0,1502.0
8.0,1467.0
9.0,1521.0
10.0,1566.0
11.0,1569.0
12.0,1611.0
13.0,1645.0
14.0,1661.0
15.0,1668.0
16.0,1685.0
17.0,1716.0
18.0,1709.0
19.0,1771.0
20.0,1825.0
21.0,1836.0
22.0,1837.0
23.0,1837.0
24.0,1884.0
25.0,1924.0
26.0,1923.0
27.0,1966.0
28.0,2039.0
29.0,2024.0
30.0,2023.0
31.0,2074.0
32.0,2054.0
33.0,2094.0
34.0,2095.0
35.0,2159.0
36.0,2168.0
37.0,2181.0
38.0,2195.0
39.0,2188.0
40.0,2244.0
41.0,2256.0
42.0,2291.0
43.0,2317.0
44.0,2340.0
45.0,2359.0
46.0,2402.0
47.0,2436.0
48.0,2438.0
49.0,2454.0
50.0,2483.0
51.0,2512.0
52.0,2555.0
53.0,2586.0
54.0,2589.0
55.0,2617.0
56.0,2618.0
57.0,2631.0
58.0,2644.0
59.0,2717.0
60.0,2735.0
61.0,2778.0
62.0,2837.0
63.0,2848.0
64.0,2797.0
65.0,2794.0
66.0,2839.0
67.0,2864.0
68.0,2974.0
69.0,3014.0
70.0,2994.0
71.0,2987.0
72.0,3044.0
73.0,3108.0
74.0,3106.0
75.0,3121.0
76.0,3176.0
77.0,3186.0
78.0,3236.0
79.0,3253.0
80.0,3237.0
81.0,3275.0
82.0,3278.0
83.0,3302.0
84.0,3342.0
85.0,3400.0
86.0,3392.0
87.0,3483.0
88.0,3469.0
89.0,3487.0
90.0,3549.0
91.0,3490.0
92.0,3587.0
93.0,3626.0
94.0,3665.0
95.0,3694.0
96.0,3690.0
97.0,3729.0
98.0,3726.0
99.0,3789.0
100.0,3819.0
101.0,3818.0
102.0,3849.0
103.0,3892.0
104.0,3931.0
105.0,3957.0
106.0,4029.0
107.0,4018.0
108.0,4018.0
109.0,4132.0
110.0,4159.0
111.0,4223.0
112.0,4252.0
113.0,4245.0
114.0,4250.0
115.0,4255.0
116.0,4312.0
117.0,4333.0
118.0,4416.0
119.0,4493.0
120.0,4512.0
121.0,4578.0
122.0,4543.0
123.0,4614.0
124.0,4609.0
125.0,4670.0
126.0,4722.0
127.0,4824.0
128.0,4735.0
129.0,4816.0
130.0,4824.0
131.0,4911.0
132.0,4871.0
133.0,4932.0
134.0,4968.0
135.0,4998.0
136.0,5051.0
137.0,5079.0
138.0,5100.0
139.0,5149.0
140.0,5163.0
141.0,5160.0
142.0,5166.0
143.0,5282.0
144.0,5343.0
145.0,5377.0
146.0,5446.0
147.0,5475.0
148.0,5402.0
149.0,5514.0
150.0,5541.0
151.0,5613.0
152.0,5600.0
153.0,5696.0
154.0,5701.0
155.0,5678.0
156.0,5790.0
157.0,5755.0
158.0,5890.0
159.0,5944.0
160.0,5977.0
161.0,5937.0
162.0,6052.0
163.0,6034.0
164.0,6059.0
165.0,6036.0
166.0,6170.0
167.0,6154.0
168.0,6252.0
169.0,6264.0
170.0,6343.0
171.0,6326.0
172.0,6413.0
173.0,6463.0
174.0,6448.0
175.0,6388.0
176.0,6538.0
177.0,6656.0
178.0,6570.0
179.0,6721.0
180.0,6732.0
181.0,6799.0
182.0,6716.0
183.0,6840.0
184.0,6898.0
185.0,6911.0
186.0,7048.0
187.0,7016.0
188.0,6939.0
189.0,7057.0
190.0,7029.0
191.0,7080.0
192.0,7193.0
193.0,7214.0
194.0,7328.0
195.0,7270.0
196.0,7373.0
197.0,7313.0
198.0,7321.0
199.0,7439.0
200.0,7373.0
201.0,7551.0
202.0,7682.0
203.0,7639.0
204.0,7627.0
205.0,7701.0
206.0,7682.0
207.0,7667.0
208.0,7818.0
209.0,7768.0
210.0,7882.0
211.0,7865.0
212.0,8017.0
213.0,7985.0
214.0,7997.0
215.0,8139.0
216.0,8120.0
217.0,8097.0
218.0,8265.0
219.0,8286.0
220.0,8296.0
221.0,8292.0
222.0,8276.0
223.0,8418.0
224.0,8410.0
225.0,8594.0
226.0,8581.0
227.0,8567.0
228.0,8567.0
229.0,8692.0
230.0,8659.0
231.0,8804.0
232.0,8797.0
233.0,8755.0
234.0,8932.0
235.0,8863.0
236.0,9029.0
237.0,9114.0
238.0,9034.0
239.0,8999.0
240.0,9088.0
241.0,9074.0
242.0,9346.0
243.0,9263.0
244.0,9316.0
245.0,9452.0
246.0,9373.0
247.0,9311.0
248.0,9462.0
249.0,9524.0
250.0,9587.0
251.0,9603.0
252.0,9635.0
253.0,9690.0
254.0,9676.0
255.0,9831.0
256.0,9656.0
257.0,9824.0
258.0,9787.0
259.0,9855.0
260.0,10001.0
261.0,9910.0
262.0,9906.0
263.0,9900.0
264.0,10076.0
265.0,10085.0
266.0,10036.0
267.0,10188.0
268.0,10191.0
269.0,10204.0
270.0,10182.0
271.0,10280.0
272.0,10195.0
273.0,10281.0
274.0,10362.0
275.0,10446.0
276.0,10472.0
277.0,10502.0
278.0,10442.0
279.0,10348.0
280.0,10599.0
281.0,10567.0
282.0,10613.0
283.0,10525.0
284.0,10707.0
285.0,10664.0
286.0,10650.0
287.0,10719.0
288.0,10790.0
289.0,10698.0
290.0,10832.0
291.0,10834.0
292.0,10903.0
293.0,10960.0
294.0,10955.0
295.0,10892.0
296.0,11024.0
297.0,10972.0
298.0,10973.0
299.0,11182.0
300.0,11111.0
301.0,11109.0
302.0,11160.0
303.0,11169.0
304.0,11101.0
305.0,11234.0
306.0,11308.0
307.0,11349.0
308.0,11319.0
309.0,11382.0
310.0,11474.0
311.0,11255.0
312.0,11451.0
313.0,11532.0
314.0,11438.0
315.0,11645.0
316.0,11634.0
317.0,11623.0
318.0,11502.0
319.0,11619.0
320.0,11599.0
321.0,11678.0
322.0,11724.0
323.0,11676.0
324.0,11798.0
325.0,11860.0
326.0,11820.0
327.0,11889.0
328.0,11870.0
329.0,11889.0
330.0,12009.0
331.0,12019.0
332.0,12078.0
333.0,12077.0
334.0,12088.0
335.0,12148.0
336.0,11974.0
337.0,12045.0
338.0,12146.0
339.0,12157.0
340.0,12235.0
341.0,12381.0
342.0,12243.0
343.0,12278.0
344.0,12391.0
345.0,12395.0
346.0,12367.0
347.0,12463.0
348.0,12463.0
349.0,12552.0
350.0,12492.0
351.0,12537.0
352.0,12516.0
353.0,12520.0
354.0,12634.0
355.0,12621.0
356.0,12684.0
357.0,12665.0
358.0,12799.0
359.0,12605.0
360.0,12623.0
361.0,12791.0
362.0,12766.0
363.0,12756.0
364.0,12854.0
365.0,12814.0
366.0,12885.0
367.0,12830.0
368.0,12914.0
369.0,12936.0
370.0,12978.0
371.0,12967.0
372.0,13088.0
373.0,13095.0
374.0,13064.0
375.0,13093.0
376.0,13123.0
377.0,13092.0
378.0,13274.0
379.0,13230.0
380.0,13187.0
381.0,13273.0
382.0,13187.0
383.0,13199.0
384.0,13236.0
385.0,13291.0
386.0,13389.0
387.0,13259.0
388.0,13400.0
389.0,13505.0
390.0,13350.0
391.0,13393.0
392.0,13349.0
393.0,13409.0
394.0,13454.0
395.0,13573.0
396.0,13659.0
397.0,13487.0
398.0,13593.0
399.0,13576.0
400.0,13462.0
401.0,13608.0
402.0,13698.0
403.0,13690.0
404.0,13827.0
405.0,13777.0
406.0,13757.0
407.0,13699.0
408.0,13767.0
409.0,13815.0
410.0,13815.0
411.0,13981.0
412.0,13846.0
413.0,13840.0
414.0,13879.0
415.0,14025.0
416.0,13860.0
417.0,13975.0
418.0,14131.0
419.0,14105.0
420.0,14087.0
421.0,14239.0
422.0,14170.0
423.0,14066.0
424.0,14190.0
425.0,14087.0
426.0,14235.0
427.0,14350.0
428.0,14336.0
429.0,14185.0
430.0,14371.0
431.0,14315.0
432.0,14272.0
433.0,14381.0
434.0,14488.0
435.0,14303.0
436.0,14532.0
437.0,14540.0
438.0,14491.0
439.0,14502.0
440.0,14525.0
441.0,14588.0
442.0,14499.0
443.0,14640.0
444.0,14634.0
445.0,14614.0
446.0,14728.0
447.0,14656.0
448.0,14606.0
449.0,14635.0
450.0,14696.0
451.0,14773.0
452.0,14835.0
453.0,14800.0
454.0,14738.0
455.0,14714.0
456.0,14733.0
457.0,14671.0
458.0,14751.0
459.0,15066.0
460.0,14925.0
461.0,14831.0
462.0,14965.0
463.0,14761.0
464.0,14841.0
465.0,15007.0
466.0,15071.0
467.0,15027.0
468.0,15074.0
469.0,15069.0
470.0,14931.0
471.0,14996.0
472.0,14894.0
473.0,14955.0
474.0,15197.0
475.0,15427.0
476.0,15201.0
477.0,15067.0
478.0,15136.0
479.0,15014.0
480.0,14977.0
481.0,15180.0
482.0,15236.0
483.0,15391.0
484.0,15346.0
485.0,15385.0
486.0,15141.0
487.0,15205.0
488.0,15374.0
489.0,15332.0
490.0,15351.0
491.0,15443.0
492.0,15348.0
493.0,15411.0
494.0,15563.0
495.0,15345.0
496.0,15431.0
497.0,15613.0
498.0,15564.0
499.0,15751.0
500.0,15597.0
501.0,15472.0
502.0,15535.0
503.0,15730.0
504.0,15668.0
505.0,15678.0
506.0,15851.0
507.0,15715.0
508.0,15933.0
509.0,15683.0
510.0,15727.0
511.0,15770.0
512.0,15864.0
513.0,15941.0
514.0,15973.0
515.0,15907.0
516.0,15828.0
517.0,15533.0
518.0,15944.0
519.0,15872.0
520.0,15893.0
521.0,15934.0
522.0,16029.0
523.0,15981.0
524.0,15916.0
525.0,15904.0
526.0,15961.0
527.0,15876.0
528.0,15996.0
529.0,16011.0
530.0,16196.0
531.0,16237.0
532.0,16013.0
533.0,15884.0
534.0,16180.0
535.0,16063.0
536.0,16142.0
537.0,16162.0
538.0,16204.0
539.0,16144.0
540.0,16068.0
541.0,16143.0
542.0,16020.0
543.0,16032.0
544.0,16425.0
545.0,16189.0
546.0,16171.0
547.0,16425.0
548.0,16104.0
549.0,16146.0
550.0,16188.0
551.0,16223.0
552.0,16328.0
553.0,16277.0
554.0,16325.0
555.0,16348.0
556.0,16219.0
557.0,16285.0
558.0,16222.0
559.0,16330.0
560.0,16300.0
561.0,16452.0
562.0,16493.0
563.0,16340.0
564.0,16352.0
565.0,16356.0
566.0,16362.0
567.0,16378.0
568.0,16594.0
569.0,16528.0
570.0,16462.0
571.0,16552.0
572.0,16508.0
573.0,16535.0
574.0,16495.0
575.0,16622.0
576.0,16687.0
577.0,16652.0
578.0,16652.0
579.0,16536.0
580.0,16505.0
581.0,16600.0
582.0,16548.0
583.0,16722.0
584.0,16738.0
585.0,16745.0
586.0,16621.0
587.0,16647.0
588.0,16546.0
589.0,16520.0
590.0,16671.0
591.0,16828.0
592.0,16717.0
593.0,16764.0
594.0,16840.0
595.0,16507.0
596.0,16695.0
597.0,16630.0
598.0,16740.0
599.0,16808.0
600.0,16829.0
601.0,16817.0
602.0,16765.0
603.0,16698.0
604.0,16828.0
605.0,16683.0
606.0,16813.0
607.0,16754.0
608.0,16747.0
609.0,16857.0
610.0,16893.0
611.0,16877.0
612.0,16877.0
613.0,16903.0
614.0,16700.0
615.0,16943.0
616.0,16802.0
617.0,16951.0
618.0,16901.0
619.0,16858.0
620.0,16771.0
621.0,16847.0
622.0,17029.0
623.0,16913.0
624.0,16922.0
625.0,17083.0
626.0,16704.0
627.0,16763.0
628.0,16855.0
629.0,16694.0
630.0,17009.0
631.0,16923.0
632.0,16911.0
633.0,16731.0
634.0,16806.0
635.0,16764.0
636.0,16805.0
637.0,16879.0
638.0,16917.0
639.0,16927.0
640.0,17056.0
641.0,16621.0
642.0,16791.0
643.0,16863.0
644.0,16716.0
645.0,16895.0
646.0,17053.0
647.0,17131.0
648.0,16926.0
649.0,17058.0
650.0,16842.0
651.0,16938.0
652.0,16900.0
653.0,17153.0
654.0,17023.0
655.0,17035.0
656.0,16987.0
657.0,16843.0
658.0,16967.0
659.0,16907.0
660.0,16880.0
661.0,17063.0
662.0,16976.0
663.0,16950.0
664.0,17027.0
665.0,16840.0
666.0,16898.0
667.0,16961.0
668.0,17012.0
669.0,16700.0
670.0,16999.0
671.0,17026.0
672.0,16847.0
673.0,16842.0
674.0,16978.0
675.0,16985.0
676.0,17016.0
677.0,16966.0
678.0,16972.0
679.0,16848.0
680.0,16863.0
681.0,16967.0
682.0,16821.0
683.0,16989.0
684.0,16918.0
685.0,16973.0
686.0,17072.0
687.0,16855.0
688.0,16823.0
689.0,16878.0
690.0,16621.0
691.0,16726.0
692.0,16789.0
693.0,16927.0
694.0,16703.0
695.0,16714.0
696.0,16748.0
697.0,16521.0
698.0,16828.0
699.0,17012.0
700.0,16764.0
701.0,16972.0
702.0,16713.0
703.0,16693.0
704.0,16842.0
705.0,16614.0
706.0,16721.0
707.0,16856.0
708.0,16814.0
709.0,16854.0
710.0,16886.0
711.0,16631.0
712.0,16563.0
713.0,16707.0
714.0,16796.0
715.0,16608.0
716.0,16778.0
717.0,16782.0
718.0,16728.0
719.0,16672.0
720.0,16678.0
721.0,16663.0
722.0,16896.0
723.0,16927.0
724.0,16780.0
725.0,16741.0
726.0,16649.0
727.0,16645.0
728.0,16666.0
729.0,16679.0
730.0,16814.0
731.0,16810.0
732.0,16724.0
733.0,16629.0
734.0,16670.0
735.0,16610.0
736.0,16704.0
737.0,16800.0
738.0,16753.0
739.0,16611.0
740.0,16675.0
741.0,16739.0
742.0,16557.0
743.0,16677.0
744.0,16598.0
745.0,16537.0
746.0,16746.0
747.0,16744.0
748.0,16553.0
749.0,16679.0
750.0,16454.0
751.0,16397.0
752.0,16504.0
753.0,16725.0
754.0,16527.0
755.0,16496.0
756.0,16525.0
757.0,16499.0
758.0,16363.0
759.0,16392.0
760.0,16596.0
761.0,16492.0
762.0,16590.0
763.0,16238.0
764.0,16378.0
765.0,16210.0
766.0,16159.0
767.0,16359.0
768.0,16316.0
769.0,16409.0
770.0,16215.0
771.0,16243.0
772.0,16152.0
773.0,16120.0
774.0,16236.0
775.0,16267.0
776.0,16292.0
777.0,16190.0
778.0,16299.0
779.0,16006.0
780.0,16128.0
781.0,16126.0
782.0,15991.0
783.0,16256.0
784.0,16220.0
785.0,16047.0
786.0,16106.0
787.0,16064.0
788.0,16150.0
789.0,15967.0
790.0,16149.0
791.0,16072.0
792.0,16030.0
793.0,16053.0
794.0,15829.0
795.0,15943.0
796.0,15955.0
797.0,15800.0
798.0,15994.0
799.0,15831.0
800.0,15921.0
801.0,15932.0
802.0,15765.0
803.0,15551.0
804.0,15892.0
805.0,15924.0
806.0,15844.0
807.0,15956.0
808.0,15820.0
809.0,15795.0
810.0,15617.0
811.0,15630.0
812.0,15764.0
813.0,15937.0
814.0,15611.0
815.0,15554.0
816.0,15617.0
817.0,15569.0
818.0,15559.0
819.0,15622.0
820.0,15763.0
821.0,15574.0
822.0,15583.0
823.0,15595.0
824.0,15425.0
825.0,15508.0
826.0,15261.0
827.0,15332.0
828.0,15286.0
829.0,15562.0
830.0,15431.0
831.0,15317.0
832.0,15337.0
833.0,15232.0
834.0,15280.0
835.0,15309.0
836.0,15206.0
837.0,15251.0
838.0,15337.0
839.0,15009.0
840.0,15154.0
841.0,15118.0
842.0,14998.0
843.0,15173.0
844.0,15125.0
845.0,15008.0
846.0,14975.0
847.0,14818.0
848.0,14919.0
849.0,14829.0
850.0,14907.0
851.0,14979.0
852.0,14942.0
853.0,14854.0
854.0,14786.0
855.0,14823.0
856.0,14843.0
857.0,14675.0
858.0,15035.0
859.0,14886.0
860.0,14769.0
861.0,14715.0
862.0,14636.0
863.0,14691.0
864.0,14680.0
865.0,14763.0
866.0,14742.0
867.0,14651.0
868.0,14563.0
869.0,14532.0
870.0,14409.0
871.0,14452.0
872.0,14395.0
873.0,14635.0
874.0,14533.0
875.0,14455.0
876.0,14507.0
877.0,14367.0
878.0,14408.0
879.0,14254.0
880.0,14409.0
881.0,14516.0
882.0,14306.0
883.0,14261.0
884.0,14200.0
885.0,14153.0
886.0,14139.0
887.0,14117.0
888.0,14249.0
889.0,14153.0
890.0,14042.0
891.0,14202.0
892.0,13998.0
893.0,14006.0
894.0,14014.0
895.0,14045.0
896.0,14039.0
897.0,14040.0
898.0,13949.0
899.0,13955.0
900.0,13844.0
901.0,13802.0
902.0,13746.0
903.0,13860.0
904.0,13711.0
905.0,13831.0
906.0,13715.0
907.0,13666.0
908.0,13663.0
909.0,13725.0
910.0,13747.0
911.0,13580.0
912.0,13683.0
913.0,13433.0
914.0,13575.0
915.0,13416.0
916.0,13389.0
917.0,13446.0
918.0,13464.0
919.0,13439.0
920.0,13393.0
921.0,13310.0
922.0,13270.0
923.0,13235.0
924.0,13338.0
925.0,13265.0
926.0,13232.0
927.0,13232.0
928.0,13172.0
929.0,13100.0
930.0,13129.0
931.0,13005.0
932.0,13121.0
933.0,13082.0
934.0,12986.0
935.0,12995.0
936.0,13003.0
937.0,12788.0
938.0,12796.0
939.0,12778.0
940.0,12936.0
941.0,12944.0
942.0,12909.0
943.0,12667.0
944.0,12716.0
945.0,12533.0
946.0,12686.0
947.0,12675.0
948.0,12603.0
949.0,12722.0
950.0,12667.0
951.0,12617.0
952.0,12499.0
953.0,12558.0
954.0,12635.0
955.0,12501.0
956.0,12508.0
957.0,12516.0
958.0,12416.0
959.0,12296.0
960.0,12395.0
961.0,12340.0
962.0,12287.0
963.0,12287.0
964.0,12352.0
965.0,12186.0
966.0,12172.0
967.0,12183.0
968.0,12004.0
969.0,12108.0
970.0,12093.0
971.0,12201.0
972.0,12012.0
973.0,11982.0
974.0,11908.0
975.0,11886.0
976.0,11906.0
977.0,12026.0
978.0,11816.0
979.0,11872.0
980.0,11844.0
981.0,11661.0
982.0,11662.0
983.0,11731.0
984.0,11642.0
985.0,11729.0
986.0,11649.0
987.0,11651.0
988.0,11446.0
989.0,11392.0
990.0,11387.0
991.0,11485.0
992.0,11394.0
993.0,11358.0
994.0,11467.0
995.0,11210.0
996.0,11238.0
997.0,11327.0
998.0,11281.0
999.0,11197.0
1000.0,11180.0
1001.0,11209.0
1002.0,11135.0
1003.0,10991.0
1004.0,11086.0
1005.0,11113.0
1006.0,11119.0
1007.0,10952.0
1008.0,10982.0
1009.0,10959.0
1010.0,10878.0
1011.0,10797.0
1012.0,10933.0
1013.0,10832.0
1014.0,10775.0
1015.0,10756.0
1016.0,10684.0
1017.0,10760.0
1018.0,10715.0
1019.0,10606.0
1020.0,10664.0
1021.0,10718.0
1022.0,10523.0
1023.0,10589.0
