0.0,94.0
1.0,136.0
2.0,151.0
3.0,158.0
4.0,152.0
5.0,171.0
6.0,142.0
7.0,179.0
8.0,176.0
9.0,182.0
10.0,174.0
11.0,170.0
12.0,181.0
13.0,183.0
14.0,202.0
15.0,211.0
16.0,196.0
17.0,201.0
18.0,212.0
19.0,194.0
20.0,211.0
21.0,225.0
22.0,203.0
23.0,229.0
24.0,229.0
25.0,241.0
26.0,231.0
27.0,240.0
28.0,229.0
29.0,254.0
30.0,261.0
31.0,253.0
32.0,281.0
33.0,278.0
34.0,272.0
35.0,290.0
36.0,267.0
37.0,282.0
38.0,277.0
39.0,292.0
40.0,288.0
41.0,321.0
42.0,311.0
43.0,341.0
44.0,316.0
45.0,356.0
46.0,329.0
47.0,349.0
48.0,330.0
49.0,358.0
50.0,362.0
51.0,391.0
52.0,376.0
53.0,379.0
54.0,405.0
55.0,410.0
56.0,411.0
57.0,434.0
58.0,437.0
59.0,427.0
60.0,444.0
61.0,437.0
62.0,444.0
63.0,452.0
64.0,462.0
65.0,470.0
66.0,460.0
67.0,482.0
68.0,470.0
69.0,500.0
70.0,496.0
71.0,485.0
72.0,514.0
73.0,518.0
74.0,502.0
75.0,527.0
76.0,519.0
77.0,542.0
78.0,537.0
79.0,546.0
80.0,574.0
81.0,570.0
82.0,580.0
83.0,620.0
84.0,579.0
85.0,588.0
86.0,608.0
87.0,624.0
88.0,635.0
89.0,639.0
90.0,646.0
91.0,665.0
92.0,639.0
93.0,655.0
94.0,682.0
95.0,685.0
96.0,702.0
97.0,701.0
98.0,696.0
99.0,702.0
100.0,705.0
101.0,723.0
102.0,725.0
103.0,747.0
104.0,767.0
105.0,753.0
106.0,751.0
107.0,766.0
108.0,812.0
109.0,805.0
110.0,811.0
111.0,805.0
112.0,812.0
113.0,804.0
114.0,837.0
115.0,858.0
116.0,854.0
117.0,851.0
118.0,859.0
119.0,855.0
120.0,897.0
121.0,909.0
122.0,880.0
123.0,889.0
124.0,916.0
125.0,960.0
126.0,907.0
127.0,937.0
128.0,983.0
129.0,938.0
130.0,956.0
131.0,958.0
132.0,980.0
133.0,993.0
134.0,986.0
135.0,1001.0
136.0,996.0
137.0,1025.0
138.0,1017.0
139.0,1038.0
140.0,1043.0
141.0,1033.0
142.0,1036.0
143.0,1074.0
144.0,1087.0
145.0,1047.0
146.0,1087.0
147.0,1107.0
148.0,1099.0
149.0,1106.0
150.0,1111.0
151.0,1130.0
152.0,1116.0
153.0,1149.0
154.0,1146.0
155.0,1160.0
156.0,1150.0
157.0,1180.0
158.0,1179.0
159.0,1179.0
160.0,1200.0
161.0,1209.0
162.0,1232.0
163.0,1214.0
164.0,1257.0
165.0,1251.0
166.0,1263.0
167.0,1269.0
168.0,1312.0
169.0,1328.0
170.0,1295.0
171.0,1267.0
172.0,1292.0
173.0,1355.0
174.0,1336.0
175.0,1293.0
176.0,1349.0
177.0,1381.0
178.0,1346.0
179.0,1406.0
180.0,1353.0
181.0,1415.0
182.0,1386.0
183.0,1396.0
184.0,1448.0
185.0,1387.0
186.0,1463.0
187.0,1467.0
188.0,1471.0
189.0,1461.0
190.0,1479.0
191.0,1495.0
192.0,1537.0
193.0,1474.0
194.0,1507.0
195.0,1552.0
196.0,1527.0
197.0,1558.0
198.0,1560.0
199.0,1552.0
200.0,1549.0
201.0,1574.0
202.0,1602.0
203.0,1616.0
204.0,1644.0
205.0,1645.0
206.0,1601.0
207.0,1646.0
208.0,1647.0
209.0,1667.0
210.0,1642.0
211.0,1672.0
212.0,1668.0
213.0,1727.0
214.0,1731.0
215.0,1729.0
216.0,1685.0
217.0,1765.0
218.0,1786.0
219.0,1819.0
220.0,1816.0
221.0,1785.0
222.0,1800.0
223.0,1830.0
224.0,1771.0
225.0,1836.0
226.0,1864.0
227.0,1871.0
228.0,1863.0
229.0,1900.0
230.0,1876.0
231.0,1895.0
232.0,1925.0
233.0,1943.0
234.0,1903.0
235.0,1972.0
236.0,1992.0
237.0,1940.0
238.0,1977.0
239.0,1950.0
240.0,1969.0
241.0,2029.0
242.0,2049.0
243.0,2036.0
244.0,2002.0
245.0,2056.0
246.0,2037.0
247.0,2106.0
248.0,2105.0
249.0,2058.0
250.0,2122.0
251.0,2109.0
252.0,2109.0
253.0,2159.0
254.0,2159.0
255.0,2194.0
256.0,2148.0
257.0,2133.0
258.0,2182.0
259.0,2256.0
260.0,2206.0
261.0,2267.0
262.0,2196.0
263.0,2206.0
264.0,2299.0
265.0,2297.0
266.0,2290.0
267.0,2328.0
268.0,2283.0
269.0,2274.0
270.0,2336.0
271.0,2322.0
272.0,2327.0
273.0,2348.0
274.0,2312.0
275.0,2373.0
276.0,2360.0
277.0,2462.0
278.0,2427.0
279.0,2385.0
280.0,2413.0
281.0,2371.0
282.0,2424.0
283.0,2491.0
284.0,2409.0
285.0,2484.0
286.0,2483.0
287.0,2518.0
288.0,2531.0
289.0,2540.0
290.0,2569.0
291.0,2525.0
292.0,2562.0
293.0,2601.0
294.0,2567.0
295.0,2581.0
296.0,2600.0
297.0,2610.0
298.0,2638.0
299.0,2640.0
300.0,2722.0
301.0,2696.0
302.0,2632.0
303.0,2691.0
304.0,2678.0
305.0,2767.0
306.0,2735.0
307.0,2759.0
308.0,2715.0
309.0,2734.0
310.0,2817.0
311.0,2822.0
312.0,2818.0
313.0,2743.0
314.0,2813.0
315.0,2812.0
316.0,2842.0
317.0,2842.0
318.0,2824.0
319.0,2853.0
320.0,2856.0
321.0,2896.0
322.0,2922.0
323.0,2894.0
324.0,2909.0
325.0,2872.0
326.0,2876.0
327.0,2947.0
328.0,2923.0
329.0,2987.0
330.0,2903.0
331.0,2992.0
332.0,2961.0
333.0,3028.0
334.0,3044.0
335.0,2989.0
336.0,2949.0
337.0,3005.0
338.0,3052.0
339.0,3089.0
340.0,3146.0
341.0,3062.0
342.0,3090.0
343.0,3086.0
344.0,3079.0
345.0,3218.0
346.0,3137.0
347.0,3131.0
348.0,3174.0
349.0,3158.0
350.0,3207.0
351.0,3210.0
352.0,3188.0
353.0,3264.0
354.0,3222.0
355.0,3221.0
356.0,3247.0
357.0,3294.0
358.0,3235.0
359.0,3227.0
360.0,3224.0
361.0,3335.0
362.0,3296.0
363.0,3294.0
364.0,3304.0
365.0,3260.0
366.0,3401.0
367.0,3348.0
368.0,3358.0
369.0,3397.0
370.0,3338.0
371.0,3388.0
372.0,3419.0
373.0,3455.0
374.0,3354.0
375.0,3417.0
376.0,3361.0
377.0,3434.0
378.0,3458.0
379.0,3481.0
380.0,3470.0
381.0,3465.0
382.0,3468.0
383.0,3553.0
384.0,3502.0
385.0,3509.0
386.0,3543.0
387.0,3593.0
388.0,3514.0
389.0,3576.0
390.0,3569.0
391.0,3574.0
392.0,3549.0
393.0,3562.0
394.0,3574.0
395.0,3624.0
396.0,3662.0
397.0,3683.0
398.0,3572.0
399.0,3657.0
400.0,3642.0
401.0,3644.0
402.0,3752.0
403.0,3656.0
404.0,3715.0
405.0,3695.0
406.0,3706.0
407.0,3727.0
408.0,3718.0
409.0,3771.0
410.0,3695.0
411.0,3773.0
412.0,3810.0
413.0,3796.0
414.0,3753.0
415.0,3744.0
416.0,3835.0
417.0,3838.0
418.0,3816.0
419.0,3856.0
420.0,3794.0
421.0,3833.0
422.0,3900.0
423.0,3884.0
424.0,3898.0
425.0,3854.0
426.0,3866.0
427.0,3867.0
428.0,3900.0
429.0,3952.0
430.0,3912.0
431.0,3890.0
432.0,3939.0
433.0,3882.0
434.0,3947.0
435.0,3952.0
436.0,3959.0
437.0,3921.0
438.0,3924.0
439.0,3878.0
440.0,3996.0
441.0,3971.0
442.0,3970.0
443.0,3941.0
444.0,3954.0
445.0,4012.0
446.0,4062.0
447.0,4048.0
448.0,4022.0
449.0,4004.0
450.0,4065.0
451.0,4067.0
452.0,4112.0
453.0,4121.0
454.0,4070.0
455.0,4107.0
456.0,4138.0
457.0,4136.0
458.0,4109.0
459.0,4073.0
460.0,4114.0
461.0,4095.0
462.0,4138.0
463.0,4252.0
464.0,4143.0
465.0,4120.0
466.0,4162.0
467.0,4192.0
468.0,4201.0
469.0,4238.0
470.0,4194.0
471.0,4174.0
472.0,4242.0
473.0,4257.0
474.0,4154.0
475.0,4287.0
476.0,4247.0
477.0,4199.0
478.0,4256.0
479.0,4293.0
480.0,4274.0
481.0,4233.0
482.0,4236.0
483.0,4248.0
484.0,4297.0
485.0,4356.0
486.0,4303.0
487.0,4337.0
488.0,4279.0
489.0,4303.0
490.0,4394.0
491.0,4344.0
492.0,4300.0
493.0,4333.0
494.0,4278.0
495.0,4361.0
496.0,4320.0
497.0,4409.0
498.0,4323.0
499.0,4355.0
500.0,4353.0
501.0,4400.0
502.0,4425.0
503.0,4448.0
504.0,4391.0
505.0,4316.0
506.0,4370.0
507.0,4437.0
508.0,4431.0
509.0,4356.0
510.0,4465.0
511.0,4421.0
512.0,4454.0
513.0,4481.0
514.0,4475.0
515.0,4391.0
516.0,4407.0
517.0,4501.0
518.0,4462.0
519.0,4538.0
520.0,4463.0
521.0,4449.0
522.0,4541.0
523.0,4457.0
524.0,4529.0
525.0,4523.0
526.0,4446.0
527.0,4446.0
528.0,4597.0
529.0,4478.0
530.0,4535.0
531.0,4490.0
532.0,4447.0
533.0,4502.0
534.0,4496.0
535.0,4579.0
536.0,4546.0
537.0,4547.0
538.0,4577.0
539.0,4544.0
540.0,4567.0
541.0,4572.0
542.0,4561.0
543.0,4573.0
544.0,4508.0
545.0,4573.0
546.0,4579.0
547.0,4512.0
548.0,4541.0
549.0,4593.0
550.0,4631.0
551.0,4558.0
552.0,4598.0
553.0,4566.0
554.0,4577.0
555.0,4610.0
556.0,4597.0
557.0,4708.0
558.0,4543.0
559.0,4648.0
560.0,4563.0
561.0,4636.0
562.0,4661.0
563.0,4625.0
564.0,4607.0
565.0,4588.0
566.0,4590.0
567.0,4619.0
568.0,4660.0
569.0,4732.0
570.0,4648.0
571.0,4637.0
572.0,4595.0
573.0,4713.0
574.0,4559.0
575.0,4594.0
576.0,4625.0
577.0,4636.0
578.0,4684.0
579.0,4652.0
580.0,4697.0
581.0,4684.0
582.0,4596.0
583.0,4687.0
584.0,4649.0
585.0,4613.0
586.0,4610.0
587.0,4623.0
588.0,4569.0
589.0,4658.0
590.0,4678.0
591.0,4597.0
592.0,4604.0
593.0,4639.0
594.0,4577.0
595.0,4665.0
596.0,4659.0
597.0,4634.0
598.0,4558.0
599.0,4669.0
600.0,4605.0
601.0,4711.0
602.0,4581.0
603.0,4621.0
604.0,4605.0
605.0,4660.0
606.0,4608.0
607.0,4594.0
608.0,4631.0
609.0,4559.0
610.0,4628.0
611.0,4547.0
612.0,4662.0
613.0,4564.0
614.0,4546.0
615.0,4600.0
616.0,4556.0
617.0,4583.0
618.0,4635.0
619.0,4600.0
620.0,4571.0
621.0,4609.0
622.0,4646.0
623.0,4660.0
624.0,4589.0
625.0,4612.0
626.0,4627.0
627.0,4616.0
628.0,4643.0
629.0,4631.0
630.0,4422.0
631.0,4576.0
632.0,4528.0
633.0,4535.0
634.0,4630.0
635.0,4584.0
636.0,4535.0
637.0,4514.0
638.0,4629.0
639.0,4570.0
640.0,4601.0
641.0,4527.0
642.0,4468.0
643.0,4521.0
644.0,4582.0
645.0,4541.0
646.0,4554.0
647.0,4485.0
648.0,4496.0
649.0,4570.0
650.0,4522.0
651.0,4557.0
652.0,4414.0
653.0,4577.0
654.0,4513.0
655.0,4491.0
656.0,4567.0
657.0,4508.0
658.0,4456.0
659.0,4468.0
660.0,4542.0
661.0,4542.0
662.0,4473.0
663.0,4440.0
664.0,4490.0
665.0,4508.0
666.0,4468.0
667.0,4459.0
668.0,4457.0
669.0,4448.0
670.0,4472.0
671.0,4416.0
672.0,4511.0
673.0,4338.0
674.0,4364.0
675.0,4414.0
676.0,4387.0
677.0,4452.0
678.0,4442.0
679.0,4383.0
680.0,4378.0
681.0,4350.0
682.0,4444.0
683.0,4431.0
684.0,4298.0
685.0,4292.0
686.0,4384.0
687.0,4409.0
688.0,4357.0
689.0,4334.0
690.0,4363.0
691.0,4281.0
692.0,4334.0
693.0,4395.0
694.0,4338.0
695.0,4260.0
696.0,4291.0
697.0,4326.0
698.0,4300.0
699.0,4348.0
700.0,4288.0
701.0,4290.0
702.0,4226.0
703.0,4308.0
704.0,4266.0
705.0,4261.0
706.0,4197.0
707.0,4176.0
708.0,4222.0
709.0,4296.0
710.0,4230.0
711.0,4182.0
712.0,4178.0
713.0,4241.0
714.0,4197.0
715.0,4191.0
716.0,4134.0
717.0,4127.0
718.0,4173.0
719.0,4123.0
720.0,4147.0
721.0,4101.0
722.0,4067.0
723.0,4148.0
724.0,4153.0
725.0,4087.0
726.0,4134.0
727.0,4082.0
728.0,4035.0
729.0,4048.0
730.0,4104.0
731.0,4059.0
732.0,3995.0
733.0,4093.0
734.0,4049.0
735.0,4038.0
736.0,4041.0
737.0,4008.0
738.0,3932.0
739.0,4007.0
740.0,3990.0
741.0,4030.0
742.0,3988.0
743.0,3978.0
744.0,3961.0
745.0,3949.0
746.0,3980.0
747.0,3979.0
748.0,3898.0
749.0,3868.0
750.0,3866.0
751.0,3967.0
752.0,3915.0
753.0,3921.0
754.0,3861.0
755.0,3889.0
756.0,3786.0
757.0,3871.0
758.0,3865.0
759.0,3880.0
760.0,3816.0
761.0,3796.0
762.0,3809.0
763.0,3875.0
764.0,3838.0
765.0,3798.0
766.0,3739.0
767.0,3797.0
768.0,3817.0
769.0,3802.0
770.0,3761.0
771.0,3682.0
772.0,3706.0
773.0,3712.0
774.0,3773.0
775.0,3694.0
776.0,3672.0
777.0,3708.0
778.0,3739.0
779.0,3671.0
780.0,3631.0
781.0,3614.0
782.0,3642.0
783.0,3716.0
784.0,3648.0
785.0,3661.0
786.0,3584.0
787.0,3593.0
788.0,3641.0
789.0,3502.0
790.0,3610.0
791.0,3567.0
792.0,3553.0
793.0,3547.0
794.0,3538.0
795.0,3609.0
796.0,3518.0
797.0,3469.0
798.0,3499.0
799.0,3467.0
800.0,3500.0
801.0,3472.0
802.0,3438.0
803.0,3437.0
804.0,3486.0
805.0,3438.0
806.0,3415.0
807.0,3486.0
808.0,3390.0
809.0,3404.0
810.0,3419.0
811.0,3345.0
812.0,3365.0
813.0,3354.0
814.0,3330.0
815.0,3418.0
816.0,3353.0
817.0,3305.0
818.0,3323.0
819.0,3267.0
820.0,3305.0
821.0,3372.0
822.0,3203.0
823.0,3322.0
824.0,3213.0
825.0,3277.0
826.0,3208.0
827.0,3260.0
828.0,3232.0
829.0,3237.0
830.0,3188.0
831.0,3166.0
832.0,3208.0
833.0,3158.0
834.0,3134.0
835.0,3119.0
836.0,3155.0
837.0,3171.0
838.0,3084.0
839.0,3098.0
840.0,3076.0
841.0,3125.0
842.0,3124.0
843.0,3018.0
844.0,3075.0
845.0,3024.0
846.0,3042.0
847.0,3044.0
848.0,3068.0
849.0,2990.0
850.0,2966.0
851.0,2983.0
852.0,2956.0
853.0,2990.0
854.0,2997.0
855.0,2942.0
856.0,2931.0
857.0,2920.0
858.0,2914.0
859.0,2885.0
860.0,2875.0
861.0,2875.0
862.0,2905.0
863.0,2824.0
864.0,2877.0
865.0,2876.0
866.0,2831.0
867.0,2813.0
868.0,2837.0
869.0,2807.0
870.0,2806.0
871.0,2803.0
872.0,2816.0
873.0,2754.0
874.0,2706.0
875.0,2743.0
876.0,2685.0
877.0,2707.0
878.0,2665.0
879.0,2690.0
880.0,2689.0
881.0,2692.0
882.0,2646.0
883.0,2658.0
884.0,2652.0
885.0,2643.0
886.0,2598.0
887.0,2574.0
888.0,2579.0
889.0,2615.0
890.0,2598.0
891.0,2514.0
892.0,2557.0
893.0,2524.0
894.0,2516.0
895.0,2541.0
896.0,2536.0
897.0,2529.0
898.0,2456.0
899.0,2549.0
900.0,2459.0
901.0,2417.0
902.0,2414.0
903.0,2393.0
904.0,2430.0
905.0,2401.0
906.0,2444.0
907.0,2385.0
908.0,2333.0
909.0,2406.0
910.0,2365.0
911.0,2376.0
912.0,2331.0
913.0,2346.0
914.0,2293.0
915.0,2309.0
916.0,2315.0
917.0,2291.0
918.0,2270.0
919.0,2247.0
920.0,2265.0
921.0,2258.0
922.0,2206.0
923.0,2202.0
924.0,2225.0
925.0,2208.0
926.0,2198.0
927.0,2164.0
928.0,2177.0
929.0,2137.0
930.0,2148.0
931.0,2135.0
932.0,2099.0
933.0,2115.0
934.0,2054.0
935.0,2066.0
936.0,2084.0
937.0,2068.0
938.0,2002.0
939.0,1990.0
940.0,2047.0
941.0,2013.0
942.0,2026.0
943.0,2022.0
944.0,1945.0
945.0,1940.0
946.0,1952.0
947.0,1957.0
948.0,1928.0
949.0,1943.0
950.0,1915.0
951.0,1878.0
952.0,1887.0
953.0,1919.0
954.0,1894.0
955.0,1839.0
956.0,1873.0
957.0,1897.0
958.0,1856.0
959.0,1819.0
960.0,1779.0
961.0,1830.0
962.0,1842.0
963.0,1807.0
964.0,1762.0
965.0,1755.0
966.0,1729.0
967.0,1713.0
968.0,1736.0
969.0,1736.0
970.0,1666.0
971.0,1692.0
972.0,1714.0
973.0,1690.0
974.0,1665.0
975.0,1664.0
976.0,1641.0
977.0,1646.0
978.0,1636.0
979.0,1619.0
980.0,1591.0
981.0,1586.0
982.0,1592.0
983.0,1603.0
984.0,1548.0
985.0,1543.0
986.0,1490.0
987.0,1509.0
988.0,1510.0
989.0,1503.0
990.0,1507.0
991.0,1470.0
992.0,1484.0
993.0,1471.0
994.0,1409.0
995.0,1462.0
996.0,1402.0
997.0,1421.0
998.0,1387.0
999.0,1418.0
1000.0,1378.0
1001.0,1353.0
1002.0,1360.0
1003.0,1350.0
1004.0,1322.0
1005.0,1355.0
1006.0,1298.0
1007.0,1302.0
1008.0,1311.0
1009.0,1271.0
1010.0,1267.0
1011.0,1255.0
1012.0,1267.0
1013.0,1235.0
1014.0,1226.0
1015.0,1218.0
1016.0,1184.0
1017.0,1163.0
1018.0,1191.0
1019.0,1152.0
1020.0,1152.0
1021.0,1170.0
1022.0,1124.0
1023.0,1106.0
