0.0,1168.0
1.0,1634.0
2.0,1524.0
3.0,1591.0
4.0,1559.0
5.0,1593.0
6.0,1544.0
7.0,1643.0
8.0,1603.0
9.0,1620.0
10.0,1656.0
11.0,1691.0
12.0,1758.0
13.0,1754.0
14.0,1777.0
15.0,1734.0
16.0,1765.0
17.0,1804.0
18.0,1878.0
19.0,1897.0
20.0,1909.0
21.0,1923.0
22.0,1977.0
23.0,1953.0
24.0,1964.0
25.0,2056.0
26.0,2020.0
27.0,2102.0
28.0,2089.0
29.0,2143.0
30.0,2092.0
31.0,2168.0
32.0,2163.0
33.0,2226.0
34.0,2193.0
35.0,2223.0
36.0,2237.0
37.0,2272.0
38.0,2307.0
39.0,2382.0
40.0,2367.0
41.0,2418.0
42.0,2478.0
43.0,2414.0
44.0,2410.0
45.0,2476.0
46.0,2515.0
47.0,2555.0
48.0,2595.0
49.0,2586.0
50.0,2585.0
51.0,2642.0
52.0,2679.0
53.0,2706.0
54.0,2741.0
55.0,2776.0
56.0,2827.0
57.0,2841.0
58.0,2825.0
59.0,2897.0
60.0,2931.0
61.0,2915.0
62.0,2946.0
63.0,2994.0
64.0,3043.0
65.0,3035.0
66.0,3082.0
67.0,3127.0
68.0,3159.0
69.0,3176.0
70.0,3166.0
71.0,3244.0
72.0,3233.0
73.0,3258.0
74.0,3365.0
75.0,3335.0
76.0,3416.0
77.0,3402.0
78.0,3421.0
79.0,3450.0
80.0,3500.0
81.0,3462.0
82.0,3549.0
83.0,3612.0
84.0,3629.0
85.0,3665.0
86.0,3682.0
87.0,3658.0
88.0,3702.0
89.0,3742.0
90.0,3776.0
91.0,3834.0
92.0,3834.0
93.0,3914.0
94.0,3917.0
95.0,3891.0
96.0,3928.0
97.0,4051.0
98.0,4026.0
99.0,4120.0
100.0,4097.0
101.0,4115.0
102.0,4209.0
103.0,4154.0
104.0,4287.0
105.0,4334.0
106.0,4329.0
107.0,4309.0
108.0,4345.0
109.0,4408.0
110.0,4430.0
111.0,4512.0
112.0,4587.0
113.0,4590.0
114.0,4568.0
115.0,4558.0
116.0,4659.0
117.0,4690.0
118.0,4711.0
119.0,4811.0
120.0,4863.0
121.0,4801.0
122.0,4806.0
123.0,4870.0
124.0,4948.0
125.0,4987.0
126.0,5059.0
127.0,5094.0
128.0,5137.0
129.0,5018.0
130.0,5162.0
131.0,5266.0
132.0,5196.0
133.0,5325.0
134.0,5311.0
135.0,5335.0
136.0,5288.0
137.0,5356.0
138.0,5370.0
139.0,5493.0
140.0,5531.0
141.0,5607.0
142.0,5619.0
143.0,5609.0
144.0,5588.0
145.0,5725.0
146.0,5735.0
147.0,5780.0
148.0,5892.0
149.0,5805.0
150.0,5845.0
151.0,5898.0
152.0,5959.0
153.0,5967.0
154.0,6108.0
155.0,6069.0
156.0,6165.0
157.0,6055.0
158.0,6106.0
159.0,6222.0
160.0,6251.0
161.0,6369.0
162.0,6428.0
163.0,6345.0
164.0,6407.0
165.0,6421.0
166.0,6498.0
167.0,6524.0
168.0,6537.0
169.0,6640.0
170.0,6616.0
171.0,6620.0
172.0,6706.0
173.0,6701.0
174.0,6798.0
175.0,6856.0
176.0,6926.0
177.0,6933.0
178.0,6980.0
179.0,6986.0
180.0,7025.0
181.0,7127.0
182.0,7192.0
183.0,7087.0
184.0,7242.0
185.0,7324.0
186.0,7231.0
187.0,7345.0
188.0,7417.0
189.0,7443.0
190.0,7509.0
191.0,7689.0
192.0,7472.0
193.0,7559.0
194.0,7495.0
195.0,7587.0
196.0,7681.0
197.0,7812.0
198.0,7879.0
199.0,7950.0
200.0,7785.0
201.0,7911.0
202.0,7940.0
203.0,7998.0
204.0,8066.0
205.0,8181.0
206.0,8149.0
207.0,8211.0
208.0,8161.0
209.0,8260.0
210.0,8341.0
211.0,8408.0
212.0,8450.0
213.0,8475.0
214.0,8444.0
215.0,8452.0
216.0,8558.0
217.0,8540.0
218.0,8685.0
219.0,8779.0
220.0,8740.0
221.0,8752.0
222.0,8674.0
223.0,8851.0
224.0,8941.0
225.0,9071.0
226.0,9008.0
227.0,9092.0
228.0,9014.0
229.0,9104.0
230.0,9218.0
231.0,9340.0
232.0,9380.0
233.0,9237.0
234.0,9375.0
235.0,9289.0
236.0,9456.0
237.0,9516.0
238.0,9584.0
239.0,9558.0
240.0,9545.0
241.0,9562.0
242.0,9716.0
243.0,9731.0
244.0,9774.0
245.0,9734.0
246.0,9999.0
247.0,9997.0
248.0,9899.0
249.0,10077.0
250.0,9907.0
251.0,10043.0
252.0,10100.0
253.0,10269.0
254.0,10292.0
255.0,10326.0
256.0,10254.0
257.0,10337.0
258.0,10340.0
259.0,10409.0
260.0,10576.0
261.0,10540.0
262.0,10438.0
263.0,10740.0
264.0,10518.0
265.0,10622.0
266.0,10693.0
267.0,10659.0
268.0,10848.0
269.0,10884.0
270.0,10721.0
271.0,10833.0
272.0,10980.0
273.0,10846.0
274.0,11102.0
275.0,11097.0
276.0,11074.0
277.0,11054.0
278.0,11172.0
279.0,11118.0
280.0,11331.0
281.0,11230.0
282.0,11325.0
283.0,11406.0
284.0,11284.0
285.0,11454.0
286.0,11469.0
287.0,11435.0
288.0,11636.0
289.0,11715.0
290.0,11610.0
291.0,11614.0
292.0,11485.0
293.0,11637.0
294.0,11792.0
295.0,11766.0
296.0,11878.0
297.0,11901.0
298.0,11889.0
299.0,11855.0
300.0,12000.0
301.0,11967.0
302.0,12259.0
303.0,12139.0
304.0,12068.0
305.0,12112.0
306.0,11880.0
307.0,12210.0
308.0,12441.0
309.0,12427.0
310.0,12455.0
311.0,12349.0
312.0,12255.0
313.0,12539.0
314.0,12406.0
315.0,12540.0
316.0,12642.0
317.0,12553.0
318.0,12655.0
319.0,12616.0
320.0,12686.0
321.0,12683.0
322.0,12745.0
323.0,12750.0
324.0,12917.0
325.0,12978.0
326.0,12930.0
327.0,12791.0
328.0,12926.0
329.0,12952.0
330.0,13088.0
331.0,13100.0
332.0,13175.0
333.0,13074.0
334.0,13069.0
335.0,13157.0
336.0,13297.0
337.0,13345.0
338.0,13318.0
339.0,13302.0
340.0,13325.0
341.0,13380.0
342.0,13186.0
343.0,13608.0
344.0,13694.0
345.0,13559.0
346.0,13515.0
347.0,13525.0
348.0,13332.0
349.0,13711.0
350.0,13768.0
351.0,13659.0
352.0,13830.0
353.0,13676.0
354.0,13654.0
355.0,13784.0
356.0,13711.0
357.0,13945.0
358.0,14028.0
359.0,14061.0
360.0,13977.0
361.0,13861.0
362.0,13825.0
363.0,14152.0
364.0,14136.0
365.0,14204.0
366.0,14236.0
367.0,14170.0
368.0,14081.0
369.0,14327.0
370.0,14214.0
371.0,14504.0
372.0,14430.0
373.0,14387.0
374.0,14203.0
375.0,14384.0
376.0,14388.0
377.0,14551.0
378.0,14744.0
379.0,14603.0
380.0,14691.0
381.0,14502.0
382.0,14508.0
383.0,14528.0
384.0,14733.0
385.0,14752.0
386.0,14826.0
387.0,14675.0
388.0,14851.0
389.0,14789.0
390.0,14844.0
391.0,14924.0
392.0,15032.0
393.0,14720.0
394.0,14861.0
395.0,15175.0
396.0,14927.0
397.0,14951.0
398.0,15018.0
399.0,15317.0
400.0,15204.0
401.0,15095.0
402.0,15144.0
403.0,15058.0
404.0,15169.0
405.0,15508.0
406.0,15306.0
407.0,15298.0
408.0,15299.0
409.0,15407.0
410.0,15265.0
411.0,15436.0
412.0,15574.0
413.0,15561.0
414.0,15545.0
415.0,15325.0
416.0,15590.0
417.0,15381.0
418.0,15408.0
419.0,15703.0
420.0,15735.0
421.0,15701.0
422.0,15627.0
423.0,15634.0
424.0,15669.0
425.0,15681.0
426.0,15784.0
427.0,16072.0
428.0,15872.0
429.0,15803.0
430.0,15724.0
431.0,15755.0
432.0,15920.0
433.0,16062.0
434.0,16102.0
435.0,15967.0
436.0,15607.0
437.0,16077.0
438.0,15909.0
439.0,16125.0
440.0,16235.0
441.0,16118.0
442.0,16211.0
443.0,16006.0
444.0,16172.0
445.0,16195.0
446.0,16310.0
447.0,16400.0
448.0,16355.0
449.0,16251.0
450.0,16086.0
451.0,16249.0
452.0,16328.0
453.0,16627.0
454.0,16469.0
455.0,16537.0
456.0,16402.0
457.0,16326.0
458.0,16252.0
459.0,16396.0
460.0,16474.0
461.0,16396.0
462.0,16834.0
463.0,16391.0
464.0,16462.0
465.0,16594.0
466.0,16605.0
467.0,16712.0
468.0,16771.0
469.0,16458.0
470.0,16782.0
471.0,16427.0
472.0,16782.0
473.0,16766.0
474.0,16819.0
475.0,16824.0
476.0,16727.0
477.0,16729.0
478.0,16758.0
479.0,16811.0
480.0,16762.0
481.0,16965.0
482.0,16798.0
483.0,16747.0
484.0,16846.0
485.0,16717.0
486.0,16974.0
487.0,16864.0
488.0,17069.0
489.0,17007.0
490.0,16859.0
491.0,16896.0
492.0,17048.0
493.0,16928.0
494.0,17024.0
495.0,17245.0
496.0,17052.0
497.0,17012.0
498.0,16904.0
499.0,17000.0
500.0,17110.0
501.0,16947.0
502.0,17312.0
503.0,17258.0
504.0,16840.0
505.0,17217.0
506.0,17101.0
507.0,17039.0
508.0,17432.0
509.0,17209.0
510.0,17348.0
511.0,17111.0
512.0,17067.0
513.0,17313.0
514.0,17226.0
515.0,17321.0
516.0,17353.0
517.0,17237.0
518.0,17076.0
519.0,17230.0
520.0,17237.0
521.0,17403.0
522.0,17418.0
523.0,17162.0
524.0,17391.0
525.0,17176.0
526.0,17328.0
527.0,17533.0
528.0,17402.0
529.0,17692.0
530.0,17434.0
531.0,17310.0
532.0,17364.0
533.0,17338.0
534.0,17348.0
535.0,17536.0
536.0,17385.0
537.0,17476.0
538.0,17397.0
539.0,17306.0
540.0,17420.0
541.0,17730.0
542.0,17348.0
543.0,17596.0
544.0,17399.0
545.0,17372.0
546.0,17435.0
547.0,17443.0
548.0,17577.0
549.0,17600.0
550.0,17441.0
551.0,17642.0
552.0,17402.0
553.0,17463.0
554.0,17683.0
555.0,17538.0
556.0,17579.0
557.0,17612.0
558.0,17480.0
559.0,17608.0
560.0,17530.0
561.0,17585.0
562.0,17631.0
563.0,17484.0
564.0,17699.0
565.0,17620.0
566.0,17327.0
567.0,17677.0
568.0,17554.0
569.0,17796.0
570.0,17818.0
571.0,17412.0
572.0,17520.0
573.0,17647.0
574.0,17567.0
575.0,17786.0
576.0,17678.0
577.0,17756.0
578.0,17458.0
579.0,17390.0
580.0,17571.0
581.0,17755.0
582.0,17660.0
583.0,17770.0
584.0,17573.0
585.0,17467.0
586.0,17733.0
587.0,17538.0
588.0,17556.0
589.0,17771.0
590.0,17708.0
591.0,17620.0
592.0,17489.0
593.0,17468.0
594.0,17670.0
595.0,17633.0
596.0,17837.0
597.0,17720.0
598.0,17454.0
599.0,17703.0
600.0,17572.0
601.0,17403.0
602.0,17782.0
603.0,17729.0
604.0,17647.0
605.0,17544.0
606.0,17355.0
607.0,17621.0
608.0,17697.0
609.0,17654.0
610.0,17721.0
611.0,17534.0
612.0,17334.0
613.0,17683.0
614.0,17413.0
615.0,17885.0
616.0,17754.0
617.0,17521.0
618.0,17447.0
619.0,17397.0
620.0,17759.0
621.0,17518.0
622.0,17713.0
623.0,17793.0
624.0,17501.0
625.0,17300.0
626.0,17566.0
627.0,17589.0
628.0,17758.0
629.0,17677.0
630.0,17589.0
631.0,17507.0
632.0,17586.0
633.0,17296.0
634.0,17595.0
635.0,17457.0
636.0,17552.0
637.0,17477.0
638.0,17235.0
639.0,17406.0
640.0,17369.0
641.0,17326.0
642.0,17805.0
643.0,17570.0
644.0,17267.0
645.0,17458.0
646.0,17367.0
647.0,17411.0
648.0,17309.0
649.0,17578.0
650.0,17290.0
651.0,17162.0
652.0,17194.0
653.0,17251.0
654.0,17255.0
655.0,17464.0
656.0,17366.0
657.0,17206.0
658.0,17234.0
659.0,17176.0
660.0,17327.0
661.0,17336.0
662.0,17306.0
663.0,17372.0
664.0,17210.0
665.0,17140.0
666.0,17270.0
667.0,16967.0
668.0,17275.0
669.0,17322.0
670.0,17293.0
671.0,17114.0
672.0,16981.0
673.0,17059.0
674.0,17177.0
675.0,17339.0
676.0,17109.0
677.0,17174.0
678.0,17046.0
679.0,16977.0
680.0,17035.0
681.0,16962.0
682.0,17079.0
683.0,17012.0
684.0,17081.0
685.0,16758.0
686.0,16796.0
687.0,16970.0
688.0,17111.0
689.0,17103.0
690.0,16953.0
691.0,16688.0
692.0,16912.0
693.0,16926.0
694.0,16700.0
695.0,16972.0
696.0,16938.0
697.0,16865.0
698.0,16639.0
699.0,16739.0
700.0,16908.0
701.0,16754.0
702.0,16857.0
703.0,16821.0
704.0,16551.0
705.0,16671.0
706.0,16672.0
707.0,16679.0
708.0,16847.0
709.0,16535.0
710.0,16675.0
711.0,16689.0
712.0,16494.0
713.0,16445.0
714.0,16676.0
715.0,16673.0
716.0,16579.0
717.0,16560.0
718.0,16278.0
719.0,16455.0
720.0,16460.0
721.0,16654.0
722.0,16468.0
723.0,16344.0
724.0,16261.0
725.0,16179.0
726.0,16359.0
727.0,16143.0
728.0,16177.0
729.0,16389.0
730.0,16219.0
731.0,16085.0
732.0,16221.0
733.0,16173.0
734.0,16341.0
735.0,16128.0
736.0,16052.0
737.0,16151.0
738.0,15885.0
739.0,16007.0
740.0,16022.0
741.0,16089.0
742.0,16195.0
743.0,15911.0
744.0,15894.0
745.0,15890.0
746.0,15781.0
747.0,15961.0
748.0,15934.0
749.0,16055.0
750.0,15769.0
751.0,15741.0
752.0,15629.0
753.0,15814.0
754.0,15881.0
755.0,15964.0
756.0,15581.0
757.0,15571.0
758.0,15800.0
759.0,15561.0
760.0,15710.0
761.0,15629.0
762.0,15587.0
763.0,15555.0
764.0,15414.0
765.0,15444.0
766.0,15636.0
767.0,15647.0
768.0,15419.0
769.0,15284.0
770.0,15210.0
771.0,15409.0
772.0,15202.0
773.0,15305.0
774.0,15345.0
775.0,15259.0
776.0,15229.0
777.0,15048.0
778.0,15156.0
779.0,15269.0
780.0,15121.0
781.0,15046.0
782.0,15187.0
783.0,15140.0
784.0,15046.0
785.0,14872.0
786.0,15229.0
787.0,15046.0
788.0,15061.0
789.0,14842.0
790.0,14684.0
791.0,14731.0
792.0,14961.0
793.0,14824.0
794.0,14977.0
795.0,14761.0
796.0,14605.0
797.0,14541.0
798.0,14532.0
799.0,14738.0
800.0,14641.0
801.0,14502.0
802.0,14472.0
803.0,14432.0
804.0,14398.0
805.0,14360.0
806.0,14396.0
807.0,14450.0
808.0,14347.0
809.0,14271.0
810.0,14243.0
811.0,13945.0
812.0,14400.0
813.0,14454.0
814.0,14155.0
815.0,14067.0
816.0,14062.0
817.0,14092.0
818.0,14104.0
819.0,14221.0
820.0,14213.0
821.0,13768.0
822.0,13945.0
823.0,13785.0
824.0,13877.0
825.0,14036.0
826.0,13847.0
827.0,13746.0
828.0,13623.0
829.0,13733.0
830.0,13502.0
831.0,13773.0
832.0,13796.0
833.0,13885.0
834.0,13434.0
835.0,13426.0
836.0,13544.0
837.0,13467.0
838.0,13550.0
839.0,13584.0
840.0,13306.0
841.0,13303.0
842.0,13241.0
843.0,13173.0
844.0,13377.0
845.0,13260.0
846.0,13408.0
847.0,13169.0
848.0,13134.0
849.0,13075.0
850.0,13050.0
851.0,13029.0
852.0,13079.0
853.0,13048.0
854.0,12881.0
855.0,12860.0
856.0,12955.0
857.0,12806.0
858.0,12833.0
859.0,13030.0
860.0,12748.0
861.0,12802.0
862.0,12886.0
863.0,12610.0
864.0,12808.0
865.0,12557.0
866.0,12716.0
867.0,12492.0
868.0,12413.0
869.0,12562.0
870.0,12487.0
871.0,12474.0
872.0,12491.0
873.0,12369.0
874.0,12321.0
875.0,12207.0
876.0,12268.0
877.0,12401.0
878.0,12220.0
879.0,12245.0
880.0,12161.0
881.0,11982.0
882.0,12076.0
883.0,12048.0
884.0,12203.0
885.0,11921.0
886.0,11895.0
887.0,11890.0
888.0,11735.0
889.0,11780.0
890.0,11880.0
891.0,11818.0
892.0,11577.0
893.0,11654.0
894.0,11442.0
895.0,11706.0
896.0,11728.0
897.0,11730.0
898.0,11570.0
899.0,11409.0
900.0,11400.0
901.0,11300.0
902.0,11360.0
903.0,11519.0
904.0,11330.0
905.0,11181.0
906.0,11155.0
907.0,11166.0
908.0,11194.0
909.0,11183.0
910.0,11217.0
911.0,11161.0
912.0,10962.0
913.0,10992.0
914.0,10987.0
915.0,11144.0
916.0,11003.0
917.0,10854.0
918.0,10817.0
919.0,10729.0
920.0,10693.0
921.0,10813.0
922.0,10784.0
923.0,10647.0
924.0,10588.0
925.0,10723.0
926.0,10604.0
927.0,10392.0
928.0,10621.0
929.0,10469.0
930.0,10434.0
931.0,10506.0
932.0,10297.0
933.0,10250.0
934.0,10290.0
935.0,10338.0
936.0,10373.0
937.0,10077.0
938.0,10209.0
939.0,10178.0
940.0,10099.0
941.0,10129.0
942.0,10096.0
943.0,10029.0
944.0,9953.0
945.0,9844.0
946.0,9835.0
947.0,9890.0
948.0,9840.0
949.0,9866.0
950.0,9635.0
951.0,9698.0
952.0,9664.0
953.0,9629.0
954.0,9604.0
955.0,9623.0
956.0,9638.0
957.0,9515.0
958.0,9322.0
959.0,9476.0
960.0,9526.0
961.0,9345.0
962.0,9475.0
963.0,9192.0
964.0,9255.0
965.0,9202.0
966.0,9046.0
967.0,9260.0
968.0,9186.0
969.0,9125.0
970.0,8928.0
971.0,9026.0
972.0,9053.0
973.0,9022.0
974.0,9020.0
975.0,8945.0
976.0,8757.0
977.0,8840.0
978.0,8821.0
979.0,8669.0
980.0,8805.0
981.0,8678.0
982.0,8666.0
983.0,8508.0
984.0,8604.0
985.0,8622.0
986.0,8552.0
987.0,8569.0
988.0,8451.0
989.0,8226.0
990.0,8493.0
991.0,8405.0
992.0,8342.0
993.0,8315.0
994.0,8163.0
995.0,8266.0
996.0,8102.0
997.0,8152.0
998.0,8102.0
999.0,8090.0
1000.0,8034.0
1001.0,7976.0
1002.0,7955.0
1003.0,7905.0
1004.0,8085.0
1005.0,7976.0
1006.0,7808.0
1007.0,7751.0
1008.0,7736.0
1009.0,7718.0
1010.0,7760.0
1011.0,7661.0
1012.0,7701.0
1013.0,7674.0
1014.0,7580.0
1015.0,7554.0
1016.0,7462.0
1017.0,7519.0
1018.0,7509.0
1019.0,7396.0
1020.0,7424.0
1021.0,7270.0
1022.0,7349.0
1023.0,7278.0
