0.0,1004.0
1.0,1210.0
2.0,1161.0
3.0,1200.0
4.0,1248.0
5.0,1258.0
6.0,1288.0
7.0,1302.0
8.0,1347.0
9.0,1384.0
10.0,1378.0
11.0,1429.0
12.0,1424.0
13.0,1406.0
14.0,1479.0
15.0,1506.0
16.0,1564.0
17.0,1594.0
18.0,1619.0
19.0,1637.0
20.0,1657.0
21.0,1706.0
22.0,1703.0
23.0,1768.0
24.0,1806.0
25.0,1814.0
26.0,1833.0
27.0,1843.0
28.0,1887.0
29.0,1913.0
30.0,1952.0
31.0,1998.0
32.0,2004.0
33.0,2024.0
34.0,2058.0
35.0,2125.0
36.0,2139.0
37.0,2181.0
38.0,2169.0
39.0,2246.0
40.0,2254.0
41.0,2297.0
42.0,2265.0
43.0,2330.0
44.0,2383.0
45.0,2401.0
46.0,2437.0
47.0,2510.0
48.0,2533.0
49.0,2562.0
50.0,2544.0
51.0,2593.0
52.0,2617.0
53.0,2689.0
54.0,2689.0
55.0,2759.0
56.0,2722.0
57.0,2741.0
58.0,2790.0
59.0,2867.0
60.0,2852.0
61.0,2887.0
62.0,2919.0
63.0,2938.0
64.0,2897.0
65.0,2955.0
66.0,2978.0
67.0,3046.0
68.0,3098.0
69.0,3106.0
70.0,3089.0
71.0,3170.0
72.0,3162.0
73.0,3191.0
74.0,3190.0
75.0,3242.0
76.0,3280.0
77.0,3373.0
78.0,3324.0
79.0,3399.0
80.0,3365.0
81.0,3380.0
82.0,3443.0
83.0,3455.0
84.0,3514.0
85.0,3565.0
86.0,3551.0
87.0,3553.0
88.0,3631.0
89.0,3672.0
90.0,3607.0
91.0,3747.0
92.0,3681.0
93.0,3715.0
94.0,3803.0
95.0,3800.0
96.0,3891.0
97.0,3833.0
98.0,3858.0
99.0,3924.0
100.0,3966.0
101.0,4062.0
102.0,4033.0
103.0,4035.0
104.0,4131.0
105.0,4103.0
106.0,4135.0
107.0,4209.0
108.0,4261.0
109.0,4261.0
110.0,4297.0
111.0,4382.0
112.0,4353.0
113.0,4379.0
114.0,4472.0
115.0,4405.0
116.0,4540.0
117.0,4544.0
118.0,4604.0
119.0,4559.0
120.0,4682.0
121.0,4704.0
122.0,4726.0
123.0,4740.0
124.0,4801.0
125.0,4906.0
126.0,4889.0
127.0,4954.0
128.0,4965.0
129.0,4996.0
130.0,5045.0
131.0,5032.0
132.0,5103.0
133.0,5127.0
134.0,5208.0
135.0,5225.0
136.0,5221.0
137.0,5318.0
138.0,5349.0
139.0,5381.0
140.0,5355.0
141.0,5426.0
142.0,5460.0
143.0,5503.0
144.0,5561.0
145.0,5693.0
146.0,5619.0
147.0,5618.0
148.0,5757.0
149.0,5801.0
150.0,5828.0
151.0,5871.0
152.0,5921.0
153.0,5924.0
154.0,5983.0
155.0,5995.0
156.0,6034.0
157.0,6013.0
158.0,6065.0
159.0,6221.0
160.0,6140.0
161.0,6209.0
162.0,6236.0
163.0,6268.0
164.0,6176.0
165.0,6354.0
166.0,6372.0
167.0,6369.0
168.0,6439.0
169.0,6554.0
170.0,6544.0
171.0,6549.0
172.0,6659.0
173.0,6660.0
174.0,6690.0
175.0,6713.0
176.0,6810.0
177.0,6710.0
178.0,6842.0
179.0,6894.0
180.0,6978.0
181.0,6918.0
182.0,7067.0
183.0,7022.0
184.0,7156.0
185.0,7040.0
186.0,7229.0
187.0,7278.0
188.0,7205.0
189.0,7356.0
190.0,7267.0
191.0,7368.0
192.0,7381.0
193.0,7484.0
194.0,7525.0
195.0,7559.0
196.0,7591.0
197.0,7564.0
198.0,7662.0
199.0,7814.0
200.0,7647.0
201.0,7807.0
202.0,7834.0
203.0,7870.0
204.0,7984.0
205.0,8059.0
206.0,8070.0
207.0,8120.0
208.0,7936.0
209.0,8212.0
210.0,8196.0
211.0,8298.0
212.0,8342.0
213.0,8376.0
214.0,8469.0
215.0,8462.0
216.0,8506.0
217.0,8512.0
218.0,8541.0
219.0,8566.0
220.0,8764.0
221.0,8757.0
222.0,8775.0
223.0,8907.0
224.0,8859.0
225.0,8913.0
226.0,8958.0
227.0,9033.0
228.0,9071.0
229.0,9077.0
230.0,9186.0
231.0,9035.0
232.0,9143.0
233.0,9166.0
234.0,9328.0
235.0,9330.0
236.0,9370.0
237.0,9474.0
238.0,9406.0
239.0,9513.0
240.0,9547.0
241.0,9651.0
242.0,9515.0
243.0,9644.0
244.0,9837.0
245.0,9751.0
246.0,9775.0
247.0,9857.0
248.0,9877.0
249.0,9804.0
250.0,9899.0
251.0,9971.0
252.0,9908.0
253.0,10112.0
254.0,10099.0
255.0,10105.0
256.0,10172.0
257.0,10211.0
258.0,10251.0
259.0,10181.0
260.0,10232.0
261.0,10304.0
262.0,10383.0
263.0,10383.0
264.0,10463.0
265.0,10365.0
266.0,10479.0
267.0,10537.0
268.0,10488.0
269.0,10462.0
270.0,10656.0
271.0,10586.0
272.0,10620.0
273.0,10745.0
274.0,10632.0
275.0,10669.0
276.0,10775.0
277.0,10966.0
278.0,10820.0
279.0,10909.0
280.0,10998.0
281.0,10949.0
282.0,10900.0
283.0,10825.0
284.0,10933.0
285.0,10897.0
286.0,10962.0
287.0,11155.0
288.0,11033.0
289.0,11175.0
290.0,11221.0
291.0,11153.0
292.0,11099.0
293.0,11219.0
294.0,11335.0
295.0,11208.0
296.0,11411.0
297.0,11484.0
298.0,11270.0
299.0,11400.0
300.0,11451.0
301.0,11371.0
302.0,11532.0
303.0,11640.0
304.0,11649.0
305.0,11596.0
306.0,11714.0
307.0,11676.0
308.0,11615.0
309.0,11759.0
310.0,11575.0
311.0,11760.0
312.0,11820.0
313.0,12013.0
314.0,11843.0
315.0,11750.0
316.0,11876.0
317.0,11924.0
318.0,11808.0
319.0,11927.0
320.0,12092.0
321.0,12003.0
322.0,12024.0
323.0,12174.0
324.0,12195.0
325.0,11937.0
326.0,12121.0
327.0,12250.0
328.0,12112.0
329.0,12311.0
330.0,12325.0
331.0,12276.0
332.0,12338.0
333.0,12253.0
334.0,12378.0
335.0,12283.0
336.0,12292.0
337.0,12364.0
338.0,12330.0
339.0,12336.0
340.0,12287.0
341.0,12335.0
342.0,12389.0
343.0,12394.0
344.0,12634.0
345.0,12530.0
346.0,12554.0
347.0,12637.0
348.0,12576.0
349.0,12739.0
350.0,12689.0
351.0,12583.0
352.0,12766.0
353.0,12821.0
354.0,12697.0
355.0,12828.0
356.0,12849.0
357.0,12782.0
358.0,12832.0
359.0,12885.0
360.0,12975.0
361.0,12837.0
362.0,12945.0
363.0,13155.0
364.0,12996.0
365.0,12931.0
366.0,13049.0
367.0,12835.0
368.0,12988.0
369.0,13122.0
370.0,13154.0
371.0,13164.0
372.0,13097.0
373.0,13206.0
374.0,12996.0
375.0,13118.0
376.0,13247.0
377.0,13311.0
378.0,13031.0
379.0,13503.0
380.0,13427.0
381.0,13192.0
382.0,13409.0
383.0,13369.0
384.0,13413.0
385.0,13410.0
386.0,13537.0
387.0,13666.0
388.0,13432.0
389.0,13587.0
390.0,13513.0
391.0,13485.0
392.0,13575.0
393.0,13643.0
394.0,13680.0
395.0,13638.0
396.0,13890.0
397.0,13647.0
398.0,13594.0
399.0,13635.0
400.0,13549.0
401.0,13653.0
402.0,13837.0
403.0,14011.0
404.0,13852.0
405.0,13774.0
406.0,13883.0
407.0,13930.0
408.0,13866.0
409.0,13974.0
410.0,13930.0
411.0,13997.0
412.0,14031.0
413.0,14001.0
414.0,14058.0
415.0,14124.0
416.0,14094.0
417.0,14032.0
418.0,14060.0
419.0,14177.0
420.0,14155.0
421.0,14292.0
422.0,14322.0
423.0,14291.0
424.0,14052.0
425.0,14261.0
426.0,14316.0
427.0,14242.0
428.0,14430.0
429.0,14320.0
430.0,14182.0
431.0,14366.0
432.0,14453.0
433.0,14379.0
434.0,14230.0
435.0,14590.0
436.0,14311.0
437.0,14434.0
438.0,14425.0
439.0,14435.0
440.0,14437.0
441.0,14450.0
442.0,14516.0
443.0,14521.0
444.0,14488.0
445.0,14681.0
446.0,14494.0
447.0,14548.0
448.0,14533.0
449.0,14521.0
450.0,14546.0
451.0,14647.0
452.0,14588.0
453.0,14776.0
454.0,14677.0
455.0,14778.0
456.0,14675.0
457.0,14711.0
458.0,14923.0
459.0,14553.0
460.0,14669.0
461.0,14903.0
462.0,14800.0
463.0,14699.0
464.0,14786.0
465.0,14705.0
466.0,14783.0
467.0,14741.0
468.0,14950.0
469.0,14877.0
470.0,14896.0
471.0,14914.0
472.0,14808.0
473.0,14826.0
474.0,14905.0
475.0,14923.0
476.0,15011.0
477.0,14905.0
478.0,14954.0
479.0,14958.0
480.0,15026.0
481.0,15186.0
482.0,14928.0
483.0,15069.0
484.0,15125.0
485.0,15289.0
486.0,15161.0
487.0,15105.0
488.0,15228.0
489.0,15100.0
490.0,15114.0
491.0,15181.0
492.0,15494.0
493.0,15171.0
494.0,15471.0
495.0,15260.0
496.0,15359.0
497.0,15290.0
498.0,15208.0
499.0,15490.0
500.0,15475.0
501.0,15480.0
502.0,15483.0
503.0,15673.0
504.0,15445.0
505.0,15421.0
506.0,15522.0
507.0,15545.0
508.0,15411.0
509.0,15484.0
510.0,15635.0
511.0,15596.0
512.0,15476.0
513.0,15539.0
514.0,15456.0
515.0,15587.0
516.0,15610.0
517.0,15693.0
518.0,15628.0
519.0,15566.0
520.0,15586.0
521.0,15548.0
522.0,15599.0
523.0,15705.0
524.0,15538.0
525.0,15609.0
526.0,15794.0
527.0,15638.0
528.0,15675.0
529.0,15749.0
530.0,15538.0
531.0,15617.0
532.0,15769.0
533.0,15804.0
534.0,15589.0
535.0,15750.0
536.0,15562.0
537.0,15712.0
538.0,15731.0
539.0,15799.0
540.0,15829.0
541.0,15774.0
542.0,15820.0
543.0,15746.0
544.0,15765.0
545.0,15775.0
546.0,15712.0
547.0,15610.0
548.0,15924.0
549.0,15984.0
550.0,16036.0
551.0,15909.0
552.0,15908.0
553.0,15885.0
554.0,15966.0
555.0,15961.0
556.0,16039.0
557.0,15962.0
558.0,16246.0
559.0,16049.0
560.0,15952.0
561.0,16053.0
562.0,16037.0
563.0,16010.0
564.0,16046.0
565.0,15993.0
566.0,16260.0
567.0,16091.0
568.0,16215.0
569.0,16098.0
570.0,16166.0
571.0,16262.0
572.0,15940.0
573.0,15965.0
574.0,16374.0
575.0,16171.0
576.0,16149.0
577.0,16318.0
578.0,16316.0
579.0,16158.0
580.0,16245.0
581.0,16304.0
582.0,16195.0
583.0,16325.0
584.0,16333.0
585.0,16353.0
586.0,16198.0
587.0,16268.0
588.0,16316.0
589.0,16176.0
590.0,16463.0
591.0,16434.0
592.0,16179.0
593.0,16290.0
594.0,16384.0
595.0,16196.0
596.0,16199.0
597.0,16281.0
598.0,16268.0
599.0,16246.0
600.0,16153.0
601.0,16156.0
602.0,16187.0
603.0,16285.0
604.0,16121.0
605.0,16200.0
606.0,16329.0
607.0,16285.0
608.0,16195.0
609.0,16031.0
610.0,16183.0
611.0,16108.0
612.0,16154.0
613.0,16326.0
614.0,16318.0
615.0,16362.0
616.0,16203.0
617.0,16203.0
618.0,16176.0
619.0,16329.0
620.0,16234.0
621.0,16392.0
622.0,16326.0
623.0,16225.0
624.0,16205.0
625.0,16343.0
626.0,16366.0
627.0,16237.0
628.0,16248.0
629.0,16370.0
630.0,16290.0
631.0,16241.0
632.0,16308.0
633.0,16175.0
634.0,16205.0
635.0,16368.0
636.0,16334.0
637.0,16241.0
638.0,16502.0
639.0,16374.0
640.0,16229.0
641.0,16419.0
642.0,16195.0
643.0,16305.0
644.0,16366.0
645.0,16374.0
646.0,16424.0
647.0,16350.0
648.0,16537.0
649.0,16286.0
650.0,16451.0
651.0,16386.0
652.0,16311.0
653.0,16420.0
654.0,16368.0
655.0,16278.0
656.0,16265.0
657.0,16404.0
658.0,16377.0
659.0,16220.0
660.0,16421.0
661.0,16382.0
662.0,16176.0
663.0,16404.0
664.0,16297.0
665.0,16325.0
666.0,16292.0
667.0,16333.0
668.0,16282.0
669.0,16406.0
670.0,16437.0
671.0,16281.0
672.0,16274.0
673.0,16117.0
674.0,16220.0
675.0,16267.0
676.0,16164.0
677.0,16367.0
678.0,16283.0
679.0,16255.0
680.0,16190.0
681.0,16317.0
682.0,16073.0
683.0,16072.0
684.0,16107.0
685.0,16150.0
686.0,16337.0
687.0,16003.0
688.0,16201.0
689.0,16167.0
690.0,16059.0
691.0,15971.0
692.0,16164.0
693.0,16175.0
694.0,16272.0
695.0,16025.0
696.0,16035.0
697.0,16037.0
698.0,16011.0
699.0,16041.0
700.0,15975.0
701.0,16104.0
702.0,16089.0
703.0,16108.0
704.0,16013.0
705.0,15991.0
706.0,16041.0
707.0,16067.0
708.0,16086.0
709.0,16096.0
710.0,16017.0
711.0,16040.0
712.0,15945.0
713.0,16066.0
714.0,16032.0
715.0,15974.0
716.0,15881.0
717.0,16025.0
718.0,16030.0
719.0,15884.0
720.0,16075.0
721.0,15936.0
722.0,15783.0
723.0,15971.0
724.0,16094.0
725.0,15889.0
726.0,16039.0
727.0,16037.0
728.0,15772.0
729.0,15865.0
730.0,15936.0
731.0,15977.0
732.0,15989.0
733.0,15974.0
734.0,16039.0
735.0,15856.0
736.0,15925.0
737.0,15817.0
738.0,15847.0
739.0,16028.0
740.0,15871.0
741.0,15771.0
742.0,15871.0
743.0,15962.0
744.0,15682.0
745.0,15846.0
746.0,15718.0
747.0,15736.0
748.0,15831.0
749.0,15798.0
750.0,15803.0
751.0,15583.0
752.0,15646.0
753.0,15497.0
754.0,15603.0
755.0,15565.0
756.0,15536.0
757.0,15519.0
758.0,15594.0
759.0,15340.0
760.0,15558.0
761.0,15445.0
762.0,15460.0
763.0,15478.0
764.0,15543.0
765.0,15510.0
766.0,15304.0
767.0,15424.0
768.0,15432.0
769.0,15195.0
770.0,15496.0
771.0,15455.0
772.0,15245.0
773.0,15311.0
774.0,15257.0
775.0,15152.0
776.0,15182.0
777.0,15310.0
778.0,15187.0
779.0,15305.0
780.0,15321.0
781.0,15276.0
782.0,15312.0
783.0,15178.0
784.0,15216.0
785.0,15082.0
786.0,15311.0
787.0,15212.0
788.0,15129.0
789.0,15231.0
790.0,15111.0
791.0,15091.0
792.0,15171.0
793.0,15102.0
794.0,14994.0
795.0,15138.0
796.0,14974.0
797.0,14973.0
798.0,15037.0
799.0,14987.0
800.0,14941.0
801.0,15051.0
802.0,15003.0
803.0,15078.0
804.0,14920.0
805.0,14899.0
806.0,14867.0
807.0,14772.0
808.0,14905.0
809.0,14852.0
810.0,15011.0
811.0,14990.0
812.0,14831.0
813.0,14791.0
814.0,14827.0
815.0,14728.0
816.0,14794.0
817.0,14944.0
818.0,14744.0
819.0,14839.0
820.0,14763.0
821.0,14623.0
822.0,14470.0
823.0,14553.0
824.0,14681.0
825.0,14677.0
826.0,14593.0
827.0,14627.0
828.0,14383.0
829.0,14569.0
830.0,14362.0
831.0,14510.0
832.0,14382.0
833.0,14550.0
834.0,14377.0
835.0,14457.0
836.0,14497.0
837.0,14289.0
838.0,14336.0
839.0,14328.0
840.0,14180.0
841.0,14146.0
842.0,14259.0
843.0,14212.0
844.0,14041.0
845.0,14113.0
846.0,14050.0
847.0,13880.0
848.0,14061.0
849.0,14036.0
850.0,14022.0
851.0,14080.0
852.0,13975.0
853.0,13903.0
854.0,13986.0
855.0,13960.0
856.0,13860.0
857.0,13897.0
858.0,13945.0
859.0,13745.0
860.0,13810.0
861.0,13879.0
862.0,13772.0
863.0,13746.0
864.0,13608.0
865.0,13600.0
866.0,13764.0
867.0,13738.0
868.0,13597.0
869.0,13539.0
870.0,13608.0
871.0,13583.0
872.0,13601.0
873.0,13634.0
874.0,13630.0
875.0,13357.0
876.0,13469.0
877.0,13402.0
878.0,13408.0
879.0,13526.0
880.0,13436.0
881.0,13503.0
882.0,13382.0
883.0,13368.0
884.0,13207.0
885.0,13435.0
886.0,13353.0
887.0,13221.0
888.0,13425.0
889.0,13267.0
890.0,13188.0
891.0,13187.0
892.0,13145.0
893.0,13194.0
894.0,13235.0
895.0,13146.0
896.0,13103.0
897.0,13195.0
898.0,13009.0
899.0,13141.0
900.0,13040.0
901.0,13029.0
902.0,12963.0
903.0,12975.0
904.0,12988.0
905.0,12904.0
906.0,12875.0
907.0,12918.0
908.0,12753.0
909.0,12801.0
910.0,12833.0
911.0,12653.0
912.0,12707.0
913.0,12714.0
914.0,12757.0
915.0,12619.0
916.0,12584.0
917.0,12592.0
918.0,12536.0
919.0,12674.0
920.0,12557.0
921.0,12419.0
922.0,12363.0
923.0,12334.0
924.0,12440.0
925.0,12362.0
926.0,12381.0
927.0,12357.0
928.0,12378.0
929.0,12274.0
930.0,12095.0
931.0,12186.0
932.0,12111.0
933.0,12169.0
934.0,12113.0
935.0,12185.0
936.0,12058.0
937.0,12030.0
938.0,12030.0
939.0,11990.0
940.0,12023.0
941.0,11965.0
942.0,12038.0
943.0,11955.0
944.0,11893.0
945.0,11772.0
946.0,11824.0
947.0,11878.0
948.0,11727.0
949.0,11834.0
950.0,11819.0
951.0,11758.0
952.0,11713.0
953.0,11647.0
954.0,11730.0
955.0,11753.0
956.0,11786.0
957.0,11575.0
958.0,11635.0
959.0,11582.0
960.0,11516.0
961.0,11439.0
962.0,11435.0
963.0,11490.0
964.0,11458.0
965.0,11433.0
966.0,11449.0
967.0,11319.0
968.0,11381.0
969.0,11250.0
970.0,11386.0
971.0,11399.0
972.0,11309.0
973.0,11316.0
974.0,11333.0
975.0,11151.0
976.0,11071.0
977.0,11186.0
978.0,11064.0
979.0,11142.0
980.0,11092.0
981.0,11048.0
982.0,11024.0
983.0,10974.0
984.0,10905.0
985.0,10876.0
986.0,11014.0
987.0,10861.0
988.0,10785.0
989.0,10945.0
990.0,10695.0
991.0,10784.0
992.0,10609.0
993.0,10760.0
994.0,10674.0
995.0,10629.0
996.0,10581.0
997.0,10620.0
998.0,10629.0
999.0,10526.0
1000.0,10463.0
1001.0,10556.0
1002.0,10472.0
1003.0,10412.0
1004.0,10545.0
1005.0,10269.0
1006.0,10228.0
1007.0,10287.0
1008.0,10174.0
1009.0,10285.0
1010.0,10350.0
1011.0,10195.0
1012.0,10034.0
1013.0,10260.0
1014.0,10105.0
1015.0,10047.0
1016.0,10053.0
1017.0,10092.0
1018.0,9997.0
1019.0,10066.0
1020.0,9763.0
1021.0,9822.0
1022.0,9845.0
1023.0,9758.0
