0.0,84.0
1.0,123.0
2.0,130.0
3.0,135.0
4.0,136.0
5.0,131.0
6.0,136.0
7.0,135.0
8.0,142.0
9.0,143.0
10.0,162.0
11.0,144.0
12.0,143.0
13.0,146.0
14.0,156.0
15.0,166.0
16.0,153.0
17.0,150.0
18.0,155.0
19.0,172.0
20.0,168.0
21.0,175.0
22.0,191.0
23.0,194.0
24.0,181.0
25.0,180.0
26.0,199.0
27.0,180.0
28.0,195.0
29.0,198.0
30.0,197.0
31.0,206.0
32.0,187.0
33.0,218.0
34.0,210.0
35.0,195.0
36.0,206.0
37.0,230.0
38.0,222.0
39.0,242.0
40.0,237.0
41.0,260.0
42.0,246.0
43.0,245.0
44.0,258.0
45.0,262.0
46.0,256.0
47.0,263.0
48.0,288.0
49.0,279.0
50.0,270.0
51.0,282.0
52.0,303.0
53.0,296.0
54.0,296.0
55.0,307.0
56.0,295.0
57.0,312.0
58.0,297.0
59.0,318.0
60.0,337.0
61.0,307.0
62.0,351.0
63.0,341.0
64.0,346.0
65.0,344.0
66.0,341.0
67.0,361.0
68.0,351.0
69.0,379.0
70.0,358.0
71.0,362.0
72.0,364.0
73.0,395.0
74.0,370.0
75.0,398.0
76.0,397.0
77.0,377.0
78.0,401.0
79.0,403.0
80.0,411.0
81.0,408.0
82.0,421.0
83.0,457.0
84.0,450.0
85.0,437.0
86.0,451.0
87.0,453.0
88.0,481.0
89.0,456.0
90.0,456.0
91.0,463.0
92.0,485.0
93.0,474.0
94.0,503.0
95.0,501.0
96.0,489.0
97.0,517.0
98.0,507.0
99.0,511.0
100.0,522.0
101.0,530.0
102.0,515.0
103.0,561.0
104.0,538.0
105.0,544.0
106.0,564.0
107.0,594.0
108.0,568.0
109.0,578.0
110.0,607.0
111.0,575.0
112.0,592.0
113.0,622.0
114.0,608.0
115.0,612.0
116.0,652.0
117.0,622.0
118.0,646.0
119.0,650.0
120.0,651.0
121.0,674.0
122.0,649.0
123.0,677.0
124.0,672.0
125.0,680.0
126.0,682.0
127.0,694.0
128.0,711.0
129.0,694.0
130.0,688.0
131.0,715.0
132.0,721.0
133.0,738.0
134.0,730.0
135.0,751.0
136.0,736.0
137.0,746.0
138.0,750.0
139.0,731.0
140.0,759.0
141.0,781.0
142.0,802.0
143.0,782.0
144.0,776.0
145.0,801.0
146.0,796.0
147.0,815.0
148.0,816.0
149.0,805.0
150.0,826.0
151.0,835.0
152.0,814.0
153.0,861.0
154.0,842.0
155.0,868.0
156.0,869.0
157.0,868.0
158.0,894.0
159.0,874.0
160.0,890.0
161.0,897.0
162.0,877.0
163.0,918.0
164.0,902.0
165.0,950.0
166.0,911.0
167.0,923.0
168.0,923.0
169.0,927.0
170.0,935.0
171.0,974.0
172.0,971.0
173.0,971.0
174.0,987.0
175.0,1001.0
176.0,967.0
177.0,1004.0
178.0,1009.0
179.0,965.0
180.0,1027.0
181.0,1001.0
182.0,1024.0
183.0,1035.0
184.0,1048.0
185.0,1058.0
186.0,1033.0
187.0,1097.0
188.0,1057.0
189.0,1060.0
190.0,1106.0
191.0,1115.0
192.0,1120.0
193.0,1116.0
194.0,1113.0
195.0,1122.0
196.0,1099.0
197.0,1125.0
198.0,1136.0
199.0,1131.0
200.0,1177.0
201.0,1157.0
202.0,1158.0
203.0,1167.0
204.0,1167.0
205.0,1189.0
206.0,1213.0
207.0,1239.0
208.0,1206.0
209.0,1216.0
210.0,1251.0
211.0,1279.0
212.0,1198.0
213.0,1228.0
214.0,1248.0
215.0,1289.0
216.0,1254.0
217.0,1302.0
218.0,1281.0
219.0,1271.0
220.0,1335.0
221.0,1323.0
222.0,1322.0
223.0,1290.0
224.0,1355.0
225.0,1333.0
226.0,1347.0
227.0,1360.0
228.0,1402.0
229.0,1390.0
230.0,1416.0
231.0,1405.0
232.0,1415.0
233.0,1462.0
234.0,1427.0
235.0,1389.0
236.0,1432.0
237.0,1465.0
238.0,1446.0
239.0,1473.0
240.0,1474.0
241.0,1447.0
242.0,1486.0
243.0,1510.0
244.0,1497.0
245.0,1486.0
246.0,1505.0
247.0,1515.0
248.0,1553.0
249.0,1483.0
250.0,1556.0
251.0,1552.0
252.0,1540.0
253.0,1549.0
254.0,1576.0
255.0,1599.0
256.0,1577.0
257.0,1577.0
258.0,1622.0
259.0,1632.0
260.0,1622.0
261.0,1647.0
262.0,1620.0
263.0,1649.0
264.0,1677.0
265.0,1696.0
266.0,1656.0
267.0,1705.0
268.0,1702.0
269.0,1681.0
270.0,1703.0
271.0,1716.0
272.0,1734.0
273.0,1716.0
274.0,1714.0
275.0,1731.0
276.0,1765.0
277.0,1766.0
278.0,1813.0
279.0,1801.0
280.0,1769.0
281.0,1762.0
282.0,1778.0
283.0,1831.0
284.0,1824.0
285.0,1801.0
286.0,1829.0
287.0,1865.0
288.0,1901.0
289.0,1898.0
290.0,1867.0
291.0,1859.0
292.0,1882.0
293.0,1876.0
294.0,1935.0
295.0,1945.0
296.0,1899.0
297.0,1926.0
298.0,1917.0
299.0,1942.0
300.0,1962.0
301.0,1992.0
302.0,1978.0
303.0,1965.0
304.0,2023.0
305.0,2021.0
306.0,2052.0
307.0,2011.0
308.0,2036.0
309.0,2051.0
310.0,2049.0
311.0,2091.0
312.0,2073.0
313.0,2060.0
314.0,2100.0
315.0,2062.0
316.0,2134.0
317.0,2062.0
318.0,2114.0
319.0,2086.0
320.0,2136.0
321.0,2180.0
322.0,2182.0
323.0,2160.0
324.0,2163.0
325.0,2150.0
326.0,2207.0
327.0,2235.0
328.0,2171.0
329.0,2271.0
330.0,2204.0
331.0,2210.0
332.0,2261.0
333.0,2222.0
334.0,2258.0
335.0,2279.0
336.0,2297.0
337.0,2279.0
338.0,2309.0
339.0,2297.0
340.0,2279.0
341.0,2330.0
342.0,2296.0
343.0,2315.0
344.0,2318.0
345.0,2381.0
346.0,2358.0
347.0,2364.0
348.0,2360.0
349.0,2413.0
350.0,2297.0
351.0,2384.0
352.0,2375.0
353.0,2433.0
354.0,2383.0
355.0,2440.0
356.0,2418.0
357.0,2444.0
358.0,2462.0
359.0,2489.0
360.0,2441.0
361.0,2480.0
362.0,2473.0
363.0,2452.0
364.0,2498.0
365.0,2568.0
366.0,2541.0
367.0,2563.0
368.0,2485.0
369.0,2572.0
370.0,2528.0
371.0,2558.0
372.0,2556.0
373.0,2614.0
374.0,2543.0
375.0,2564.0
376.0,2655.0
377.0,2629.0
378.0,2624.0
379.0,2598.0
380.0,2598.0
381.0,2616.0
382.0,2621.0
383.0,2685.0
384.0,2662.0
385.0,2623.0
386.0,2665.0
387.0,2703.0
388.0,2716.0
389.0,2745.0
390.0,2684.0
391.0,2684.0
392.0,2714.0
393.0,2743.0
394.0,2737.0
395.0,2713.0
396.0,2764.0
397.0,2761.0
398.0,2786.0
399.0,2841.0
400.0,2764.0
401.0,2781.0
402.0,2763.0
403.0,2792.0
404.0,2837.0
405.0,2796.0
406.0,2827.0
407.0,2873.0
408.0,2843.0
409.0,2799.0
410.0,2858.0
411.0,2877.0
412.0,2850.0
413.0,2810.0
414.0,2898.0
415.0,2895.0
416.0,2848.0
417.0,2910.0
418.0,2895.0
419.0,2915.0
420.0,2952.0
421.0,2880.0
422.0,2951.0
423.0,2927.0
424.0,2994.0
425.0,2955.0
426.0,2957.0
427.0,2982.0
428.0,2962.0
429.0,2973.0
430.0,2966.0
431.0,3003.0
432.0,3054.0
433.0,2976.0
434.0,3046.0
435.0,2996.0
436.0,3003.0
437.0,3050.0
438.0,3065.0
439.0,3076.0
440.0,3053.0
441.0,3044.0
442.0,3071.0
443.0,3085.0
444.0,3103.0
445.0,3100.0
446.0,3109.0
447.0,3095.0
448.0,3084.0
449.0,3137.0
450.0,3114.0
451.0,3104.0
452.0,3165.0
453.0,3178.0
454.0,3224.0
455.0,3161.0
456.0,3149.0
457.0,3182.0
458.0,3202.0
459.0,3167.0
460.0,3242.0
461.0,3171.0
462.0,3257.0
463.0,3261.0
464.0,3170.0
465.0,3249.0
466.0,3242.0
467.0,3252.0
468.0,3178.0
469.0,3294.0
470.0,3308.0
471.0,3275.0
472.0,3241.0
473.0,3248.0
474.0,3272.0
475.0,3250.0
476.0,3329.0
477.0,3311.0
478.0,3313.0
479.0,3341.0
480.0,3256.0
481.0,3339.0
482.0,3294.0
483.0,3244.0
484.0,3356.0
485.0,3381.0
486.0,3364.0
487.0,3297.0
488.0,3356.0
489.0,3338.0
490.0,3386.0
491.0,3343.0
492.0,3364.0
493.0,3439.0
494.0,3395.0
495.0,3414.0
496.0,3370.0
497.0,3355.0
498.0,3368.0
499.0,3388.0
500.0,3347.0
501.0,3441.0
502.0,3415.0
503.0,3390.0
504.0,3349.0
505.0,3436.0
506.0,3411.0
507.0,3452.0
508.0,3430.0
509.0,3481.0
510.0,3410.0
511.0,3440.0
512.0,3432.0
513.0,3498.0
514.0,3448.0
515.0,3434.0
516.0,3465.0
517.0,3486.0
518.0,3443.0
519.0,3503.0
520.0,3501.0
521.0,3414.0
522.0,3484.0
523.0,3516.0
524.0,3511.0
525.0,3525.0
526.0,3476.0
527.0,3486.0
528.0,3524.0
529.0,3499.0
530.0,3530.0
531.0,3508.0
532.0,3524.0
533.0,3508.0
534.0,3584.0
535.0,3547.0
536.0,3544.0
537.0,3486.0
538.0,3578.0
539.0,3562.0
540.0,3524.0
541.0,3577.0
542.0,3549.0
543.0,3542.0
544.0,3561.0
545.0,3578.0
546.0,3580.0
547.0,3589.0
548.0,3504.0
549.0,3569.0
550.0,3566.0
551.0,3533.0
552.0,3590.0
553.0,3514.0
554.0,3546.0
555.0,3630.0
556.0,3579.0
557.0,3610.0
558.0,3567.0
559.0,3669.0
560.0,3581.0
561.0,3612.0
562.0,3574.0
563.0,3584.0
564.0,3575.0
565.0,3554.0
566.0,3643.0
567.0,3626.0
568.0,3603.0
569.0,3589.0
570.0,3631.0
571.0,3557.0
572.0,3638.0
573.0,3583.0
574.0,3610.0
575.0,3609.0
576.0,3668.0
577.0,3673.0
578.0,3684.0
579.0,3613.0
580.0,3589.0
581.0,3636.0
582.0,3555.0
583.0,3692.0
584.0,3597.0
585.0,3580.0
586.0,3648.0
587.0,3611.0
588.0,3603.0
589.0,3654.0
590.0,3620.0
591.0,3596.0
592.0,3596.0
593.0,3607.0
594.0,3629.0
595.0,3592.0
596.0,3598.0
597.0,3605.0
598.0,3650.0
599.0,3663.0
600.0,3639.0
601.0,3654.0
602.0,3595.0
603.0,3597.0
604.0,3608.0
605.0,3711.0
606.0,3626.0
607.0,3609.0
608.0,3608.0
609.0,3628.0
610.0,3634.0
611.0,3632.0
612.0,3600.0
613.0,3564.0
614.0,3617.0
615.0,3631.0
616.0,3613.0
617.0,3574.0
618.0,3623.0
619.0,3601.0
620.0,3585.0
621.0,3621.0
622.0,3610.0
623.0,3564.0
624.0,3545.0
625.0,3664.0
626.0,3599.0
627.0,3561.0
628.0,3597.0
629.0,3560.0
630.0,3567.0
631.0,3574.0
632.0,3615.0
633.0,3605.0
634.0,3565.0
635.0,3520.0
636.0,3651.0
637.0,3565.0
638.0,3591.0
639.0,3555.0
640.0,3569.0
641.0,3552.0
642.0,3605.0
643.0,3551.0
644.0,3605.0
645.0,3524.0
646.0,3576.0
647.0,3586.0
648.0,3550.0
649.0,3542.0
650.0,3517.0
651.0,3552.0
652.0,3581.0
653.0,3564.0
654.0,3524.0
655.0,3497.0
656.0,3558.0
657.0,3549.0
658.0,3587.0
659.0,3541.0
660.0,3513.0
661.0,3492.0
662.0,3505.0
663.0,3604.0
664.0,3521.0
665.0,3471.0
666.0,3456.0
667.0,3517.0
668.0,3541.0
669.0,3484.0
670.0,3461.0
671.0,3460.0
672.0,3480.0
673.0,3511.0
674.0,3530.0
675.0,3463.0
676.0,3484.0
677.0,3423.0
678.0,3459.0
679.0,3499.0
680.0,3415.0
681.0,3432.0
682.0,3451.0
683.0,3468.0
684.0,3486.0
685.0,3443.0
686.0,3405.0
687.0,3446.0
688.0,3429.0
689.0,3418.0
690.0,3448.0
691.0,3367.0
692.0,3385.0
693.0,3424.0
694.0,3418.0
695.0,3407.0
696.0,3436.0
697.0,3291.0
698.0,3390.0
699.0,3358.0
700.0,3406.0
701.0,3309.0
702.0,3384.0
703.0,3347.0
704.0,3315.0
705.0,3337.0
706.0,3349.0
707.0,3372.0
708.0,3324.0
709.0,3310.0
710.0,3367.0
711.0,3312.0
712.0,3282.0
713.0,3270.0
714.0,3302.0
715.0,3315.0
716.0,3336.0
717.0,3244.0
718.0,3248.0
719.0,3262.0
720.0,3243.0
721.0,3322.0
722.0,3250.0
723.0,3196.0
724.0,3257.0
725.0,3219.0
726.0,3266.0
727.0,3262.0
728.0,3179.0
729.0,3239.0
730.0,3289.0
731.0,3213.0
732.0,3204.0
733.0,3215.0
734.0,3241.0
735.0,3206.0
736.0,3197.0
737.0,3210.0
738.0,3172.0
739.0,3178.0
740.0,3176.0
741.0,3134.0
742.0,3175.0
743.0,3148.0
744.0,3097.0
745.0,3160.0
746.0,3108.0
747.0,3122.0
748.0,3141.0
749.0,3153.0
750.0,3098.0
751.0,3053.0
752.0,3120.0
753.0,3101.0
754.0,3082.0
755.0,3060.0
756.0,3039.0
757.0,3079.0
758.0,3121.0
759.0,3052.0
760.0,3076.0
761.0,2997.0
762.0,3057.0
763.0,3016.0
764.0,3022.0
765.0,3010.0
766.0,3021.0
767.0,3034.0
768.0,3007.0
769.0,3040.0
770.0,2959.0
771.0,2998.0
772.0,2942.0
773.0,2983.0
774.0,2935.0
775.0,2919.0
776.0,2929.0
777.0,2922.0
778.0,2898.0
779.0,2939.0
780.0,2908.0
781.0,2904.0
782.0,2910.0
783.0,2910.0
784.0,2829.0
785.0,2843.0
786.0,2866.0
787.0,2867.0
788.0,2861.0
789.0,2906.0
790.0,2884.0
791.0,2828.0
792.0,2856.0
793.0,2825.0
794.0,2839.0
795.0,2772.0
796.0,2775.0
797.0,2781.0
798.0,2793.0
799.0,2802.0
800.0,2749.0
801.0,2767.0
802.0,2792.0
803.0,2777.0
804.0,2806.0
805.0,2746.0
806.0,2706.0
807.0,2703.0
808.0,2723.0
809.0,2723.0
810.0,2701.0
811.0,2712.0
812.0,2638.0
813.0,2618.0
814.0,2665.0
815.0,2636.0
816.0,2611.0
817.0,2661.0
818.0,2607.0
819.0,2649.0
820.0,2628.0
821.0,2579.0
822.0,2549.0
823.0,2612.0
824.0,2608.0
825.0,2564.0
826.0,2596.0
827.0,2561.0
828.0,2510.0
829.0,2554.0
830.0,2508.0
831.0,2538.0
832.0,2516.0
833.0,2546.0
834.0,2506.0
835.0,2552.0
836.0,2481.0
837.0,2456.0
838.0,2420.0
839.0,2443.0
840.0,2458.0
841.0,2494.0
842.0,2465.0
843.0,2416.0
844.0,2466.0
845.0,2422.0
846.0,2411.0
847.0,2384.0
848.0,2384.0
849.0,2383.0
850.0,2358.0
851.0,2396.0
852.0,2339.0
853.0,2367.0
854.0,2361.0
855.0,2296.0
856.0,2337.0
857.0,2301.0
858.0,2287.0
859.0,2282.0
860.0,2286.0
861.0,2269.0
862.0,2271.0
863.0,2277.0
864.0,2201.0
865.0,2281.0
866.0,2241.0
867.0,2228.0
868.0,2220.0
869.0,2211.0
870.0,2216.0
871.0,2215.0
872.0,2181.0
873.0,2175.0
874.0,2153.0
875.0,2194.0
876.0,2159.0
877.0,2134.0
878.0,2123.0
879.0,2099.0
880.0,2120.0
881.0,2100.0
882.0,2076.0
883.0,2094.0
884.0,2058.0
885.0,2062.0
886.0,2031.0
887.0,2081.0
888.0,2038.0
889.0,2086.0
890.0,1961.0
891.0,2044.0
892.0,2016.0
893.0,1994.0
894.0,1950.0
895.0,1981.0
896.0,1941.0
897.0,1989.0
898.0,1977.0
899.0,1954.0
900.0,1924.0
901.0,1923.0
902.0,1948.0
903.0,1927.0
904.0,1917.0
905.0,1903.0
906.0,1888.0
907.0,1903.0
908.0,1886.0
909.0,1818.0
910.0,1836.0
911.0,1807.0
912.0,1869.0
913.0,1821.0
914.0,1830.0
915.0,1795.0
916.0,1782.0
917.0,1770.0
918.0,1755.0
919.0,1767.0
920.0,1762.0
921.0,1697.0
922.0,1805.0
923.0,1723.0
924.0,1683.0
925.0,1735.0
926.0,1687.0
927.0,1690.0
928.0,1693.0
929.0,1697.0
930.0,1691.0
931.0,1655.0
932.0,1653.0
933.0,1635.0
934.0,1664.0
935.0,1603.0
936.0,1625.0
937.0,1601.0
938.0,1598.0
939.0,1628.0
940.0,1572.0
941.0,1564.0
942.0,1578.0
943.0,1584.0
944.0,1533.0
945.0,1516.0
946.0,1531.0
947.0,1510.0
948.0,1546.0
949.0,1495.0
950.0,1473.0
951.0,1520.0
952.0,1511.0
953.0,1472.0
954.0,1485.0
955.0,1465.0
956.0,1423.0
957.0,1420.0
958.0,1450.0
959.0,1443.0
960.0,1441.0
961.0,1355.0
962.0,1403.0
963.0,1391.0
964.0,1356.0
965.0,1350.0
966.0,1344.0
967.0,1367.0
968.0,1365.0
969.0,1347.0
970.0,1280.0
971.0,1329.0
972.0,1289.0
973.0,1294.0
974.0,1279.0
975.0,1301.0
976.0,1260.0
977.0,1283.0
978.0,1249.0
979.0,1270.0
980.0,1220.0
981.0,1207.0
982.0,1220.0
983.0,1217.0
984.0,1194.0
985.0,1165.0
986.0,1201.0
987.0,1197.0
988.0,1172.0
989.0,1135.0
990.0,1162.0
991.0,1138.0
992.0,1128.0
993.0,1118.0
994.0,1128.0
995.0,1092.0
996.0,1093.0
997.0,1121.0
998.0,1102.0
999.0,1070.0
1000.0,1048.0
1001.0,1039.0
1002.0,1016.0
1003.0,1043.0
1004.0,1036.0
1005.0,1020.0
1006.0,979.0
1007.0,974.0
1008.0,990.0
1009.0,1007.0
1010.0,946.0
1011.0,958.0
1012.0,978.0
1013.0,939.0
1014.0,966.0
1015.0,947.0
1016.0,918.0
1017.0,912.0
1018.0,861.0
1019.0,900.0
1020.0,873.0
1021.0,873.0
1022.0,862.0
1023.0,842.0
