0.0,1454.0
1.0,1894.0
2.0,1769.0
3.0,1776.0
4.0,1829.0
5.0,1791.0
6.0,1844.0
7.0,1865.0
8.0,1912.0
9.0,1898.0
10.0,1949.0
11.0,1925.0
12.0,1958.0
13.0,1992.0
14.0,1988.0
15.0,2035.0
16.0,2101.0
17.0,2113.0
18.0,2143.0
19.0,2120.0
20.0,2153.0
21.0,2211.0
22.0,2208.0
23.0,2218.0
24.0,2238.0
25.0,2311.0
26.0,2335.0
27.0,2321.0
28.0,2351.0
29.0,2390.0
30.0,2380.0
31.0,2412.0
32.0,2433.0
33.0,2485.0
34.0,2541.0
35.0,2556.0
36.0,2589.0
37.0,2567.0
38.0,2655.0
39.0,2591.0
40.0,2713.0
41.0,2694.0
42.0,2733.0
43.0,2739.0
44.0,2792.0
45.0,2815.0
46.0,2862.0
47.0,2881.0
48.0,2904.0
49.0,2981.0
50.0,2984.0
51.0,3031.0
52.0,3030.0
53.0,3000.0
54.0,3050.0
55.0,3120.0
56.0,3090.0
57.0,3261.0
58.0,3175.0
59.0,3252.0
60.0,3231.0
61.0,3306.0
62.0,3312.0
63.0,3364.0
64.0,3358.0
65.0,3300.0
66.0,3461.0
67.0,3447.0
68.0,3510.0
69.0,3503.0
70.0,3558.0
71.0,3629.0
72.0,3659.0
73.0,3691.0
74.0,3703.0
75.0,3727.0
76.0,3775.0
77.0,3755.0
78.0,3839.0
79.0,3820.0
80.0,3942.0
81.0,3921.0
82.0,4007.0
83.0,4001.0
84.0,4028.0
85.0,4041.0
86.0,4138.0
87.0,4129.0
88.0,4161.0
89.0,4255.0
90.0,4269.0
91.0,4322.0
92.0,4270.0
93.0,4320.0
94.0,4386.0
95.0,4425.0
96.0,4497.0
97.0,4454.0
98.0,4586.0
99.0,4571.0
100.0,4638.0
101.0,4617.0
102.0,4612.0
103.0,4690.0
104.0,4733.0
105.0,4812.0
106.0,4813.0
107.0,4850.0
108.0,4928.0
109.0,4950.0
110.0,4979.0
111.0,4964.0
112.0,4977.0
113.0,5018.0
114.0,5155.0
115.0,5205.0
116.0,5203.0
117.0,5194.0
118.0,5181.0
119.0,5277.0
120.0,5322.0
121.0,5404.0
122.0,5426.0
123.0,5472.0
124.0,5492.0
125.0,5541.0
126.0,5464.0
127.0,5547.0
128.0,5611.0
129.0,5630.0
130.0,5635.0
131.0,5803.0
132.0,5843.0
133.0,5832.0
134.0,5870.0
135.0,5883.0
136.0,5865.0
137.0,6030.0
138.0,6093.0
139.0,6079.0
140.0,6121.0
141.0,6134.0
142.0,6179.0
143.0,6147.0
144.0,6382.0
145.0,6288.0
146.0,6356.0
147.0,6516.0
148.0,6428.0
149.0,6375.0
150.0,6553.0
151.0,6615.0
152.0,6597.0
153.0,6745.0
154.0,6756.0
155.0,6749.0
156.0,6827.0
157.0,6800.0
158.0,6896.0
159.0,6857.0
160.0,6983.0
161.0,7021.0
162.0,7085.0
163.0,7125.0
164.0,7157.0
165.0,7088.0
166.0,7275.0
167.0,7265.0
168.0,7312.0
169.0,7368.0
170.0,7397.0
171.0,7383.0
172.0,7511.0
173.0,7512.0
174.0,7480.0
175.0,7549.0
176.0,7610.0
177.0,7705.0
178.0,7712.0
179.0,7862.0
180.0,7867.0
181.0,7822.0
182.0,7859.0
183.0,7943.0
184.0,7927.0
185.0,8132.0
186.0,8175.0
187.0,8189.0
188.0,8235.0
189.0,8233.0
190.0,8232.0
191.0,8315.0
192.0,8341.0
193.0,8441.0
194.0,8379.0
195.0,8492.0
196.0,8560.0
197.0,8542.0
198.0,8603.0
199.0,8541.0
200.0,8679.0
201.0,8740.0
202.0,8918.0
203.0,8770.0
204.0,8878.0
205.0,8921.0
206.0,8930.0
207.0,8892.0
208.0,9078.0
209.0,9108.0
210.0,9236.0
211.0,9405.0
212.0,9270.0
213.0,9237.0
214.0,9424.0
215.0,9385.0
216.0,9403.0
217.0,9491.0
218.0,9534.0
219.0,9679.0
220.0,9615.0
221.0,9730.0
222.0,9622.0
223.0,9905.0
224.0,9840.0
225.0,9944.0
226.0,9938.0
227.0,9947.0
228.0,9954.0
229.0,9991.0
230.0,10117.0
231.0,10123.0
232.0,10240.0
233.0,10327.0
234.0,10361.0
235.0,10368.0
236.0,10546.0
237.0,10438.0
238.0,10281.0
239.0,10419.0
240.0,10561.0
241.0,10550.0
242.0,10779.0
243.0,10756.0
244.0,10673.0
245.0,10891.0
246.0,10729.0
247.0,10859.0
248.0,10860.0
249.0,11024.0
250.0,10907.0
251.0,11102.0
252.0,11121.0
253.0,10941.0
254.0,11065.0
255.0,11178.0
256.0,11074.0
257.0,11259.0
258.0,11394.0
259.0,11265.0
260.0,11304.0
261.0,11406.0
262.0,11366.0
263.0,11346.0
264.0,11601.0
265.0,11654.0
266.0,11609.0
267.0,11679.0
268.0,11634.0
269.0,11575.0
270.0,11660.0
271.0,11833.0
272.0,11795.0
273.0,11885.0
274.0,11824.0
275.0,11901.0
276.0,11866.0
277.0,11977.0
278.0,11905.0
279.0,11950.0
280.0,12155.0
281.0,12173.0
282.0,12133.0
283.0,12170.0
284.0,12221.0
285.0,12256.0
286.0,12352.0
287.0,12288.0
288.0,12417.0
289.0,12525.0
290.0,12529.0
291.0,12195.0
292.0,12484.0
293.0,12536.0
294.0,12472.0
295.0,12591.0
296.0,12763.0
297.0,12766.0
298.0,12783.0
299.0,12686.0
300.0,12817.0
301.0,12827.0
302.0,12830.0
303.0,12967.0
304.0,12809.0
305.0,13027.0
306.0,13015.0
307.0,12746.0
308.0,12944.0
309.0,13078.0
310.0,13041.0
311.0,13333.0
312.0,13243.0
313.0,13201.0
314.0,13329.0
315.0,13139.0
316.0,13171.0
317.0,13208.0
318.0,13450.0
319.0,13418.0
320.0,13511.0
321.0,13510.0
322.0,13402.0
323.0,13378.0
324.0,13528.0
325.0,13553.0
326.0,13416.0
327.0,13753.0
328.0,13725.0
329.0,13476.0
330.0,13752.0
331.0,13689.0
332.0,13513.0
333.0,13814.0
334.0,13869.0
335.0,13913.0
336.0,14011.0
337.0,13677.0
338.0,13983.0
339.0,13974.0
340.0,13948.0
341.0,13999.0
342.0,14133.0
343.0,14131.0
344.0,14047.0
345.0,14212.0
346.0,14137.0
347.0,14202.0
348.0,14193.0
349.0,14420.0
350.0,14341.0
351.0,14397.0
352.0,14492.0
353.0,14297.0
354.0,14358.0
355.0,14411.0
356.0,14209.0
357.0,14577.0
358.0,14616.0
359.0,14589.0
360.0,14538.0
361.0,14723.0
362.0,14448.0
363.0,14432.0
364.0,14830.0
365.0,14638.0
366.0,14536.0
367.0,14929.0
368.0,14746.0
369.0,14702.0
370.0,14874.0
371.0,14866.0
372.0,14956.0
373.0,14896.0
374.0,15048.0
375.0,14959.0
376.0,15059.0
377.0,14944.0
378.0,15013.0
379.0,15238.0
380.0,15051.0
381.0,15113.0
382.0,15302.0
383.0,15321.0
384.0,15120.0
385.0,15286.0
386.0,15102.0
387.0,15295.0
388.0,15283.0
389.0,15489.0
390.0,15404.0
391.0,15376.0
392.0,15513.0
393.0,15294.0
394.0,15379.0
395.0,15674.0
396.0,15755.0
397.0,15536.0
398.0,15639.0
399.0,15600.0
400.0,15573.0
401.0,15548.0
402.0,15647.0
403.0,15695.0
404.0,15911.0
405.0,15926.0
406.0,15845.0
407.0,15743.0
408.0,15902.0
409.0,15646.0
410.0,15876.0
411.0,15918.0
412.0,15833.0
413.0,16098.0
414.0,16079.0
415.0,15931.0
416.0,15971.0
417.0,15961.0
418.0,15844.0
419.0,16193.0
420.0,16147.0
421.0,16176.0
422.0,16100.0
423.0,16266.0
424.0,16079.0
425.0,16161.0
426.0,16303.0
427.0,16175.0
428.0,16260.0
429.0,16392.0
430.0,16194.0
431.0,16440.0
432.0,16390.0
433.0,16231.0
434.0,16312.0
435.0,16575.0
436.0,16490.0
437.0,16666.0
438.0,16643.0
439.0,16370.0
440.0,16340.0
441.0,16598.0
442.0,16672.0
443.0,16497.0
444.0,16790.0
445.0,16585.0
446.0,16682.0
447.0,16668.0
448.0,16557.0
449.0,16511.0
450.0,16765.0
451.0,16984.0
452.0,16742.0
453.0,16829.0
454.0,16925.0
455.0,16641.0
456.0,16933.0
457.0,16838.0
458.0,16993.0
459.0,17099.0
460.0,17024.0
461.0,16884.0
462.0,17068.0
463.0,17182.0
464.0,16854.0
465.0,17164.0
466.0,17216.0
467.0,17075.0
468.0,17158.0
469.0,17093.0
470.0,16924.0
471.0,17082.0
472.0,17112.0
473.0,17102.0
474.0,17175.0
475.0,17414.0
476.0,17029.0
477.0,17271.0
478.0,17184.0
479.0,17175.0
480.0,17235.0
481.0,17533.0
482.0,17330.0
483.0,17391.0
484.0,17462.0
485.0,17233.0
486.0,17303.0
487.0,17480.0
488.0,17422.0
489.0,17524.0
490.0,17567.0
491.0,17529.0
492.0,17326.0
493.0,17668.0
494.0,17515.0
495.0,17396.0
496.0,17765.0
497.0,17580.0
498.0,17641.0
499.0,17793.0
500.0,17715.0
501.0,17490.0
502.0,17654.0
503.0,17644.0
504.0,17702.0
505.0,17875.0
506.0,17666.0
507.0,17601.0
508.0,17805.0
509.0,17697.0
510.0,17781.0
511.0,17776.0
512.0,17949.0
513.0,17696.0
514.0,17893.0
515.0,17857.0
516.0,17766.0
517.0,17941.0
518.0,17936.0
519.0,17869.0
520.0,18116.0
521.0,17974.0
522.0,17786.0
523.0,17978.0
524.0,18075.0
525.0,17815.0
526.0,18123.0
527.0,18239.0
528.0,17948.0
529.0,17974.0
530.0,18171.0
531.0,17932.0
532.0,18130.0
533.0,18390.0
534.0,18104.0
535.0,18179.0
536.0,18316.0
537.0,17900.0
538.0,18173.0
539.0,18220.0
540.0,17902.0
541.0,18350.0
542.0,18311.0
543.0,18101.0
544.0,18292.0
545.0,18366.0
546.0,18232.0
547.0,18163.0
548.0,18400.0
549.0,18202.0
550.0,18435.0
551.0,18484.0
552.0,18391.0
553.0,18256.0
554.0,18383.0
555.0,18168.0
556.0,18355.0
557.0,18464.0
558.0,18445.0
559.0,18365.0
560.0,18420.0
561.0,18152.0
562.0,18276.0
563.0,18586.0
564.0,18380.0
565.0,18547.0
566.0,18735.0
567.0,18381.0
568.0,18368.0
569.0,18586.0
570.0,18429.0
571.0,18568.0
572.0,18803.0
573.0,18394.0
574.0,18677.0
575.0,18601.0
576.0,18322.0
577.0,18498.0
578.0,18649.0
579.0,18529.0
580.0,18645.0
581.0,19020.0
582.0,18412.0
583.0,18613.0
584.0,18631.0
585.0,18501.0
586.0,18701.0
587.0,18803.0
588.0,18604.0
589.0,18643.0
590.0,18704.0
591.0,18665.0
592.0,18603.0
593.0,18721.0
594.0,18691.0
595.0,18872.0
596.0,18935.0
597.0,18655.0
598.0,18685.0
599.0,18778.0
600.0,18589.0
601.0,18770.0
602.0,19071.0
603.0,18788.0
604.0,18829.0
605.0,18951.0
606.0,18548.0
607.0,18721.0
608.0,18863.0
609.0,18848.0
610.0,18864.0
611.0,19089.0
612.0,18881.0
613.0,18692.0
614.0,18951.0
615.0,18475.0
616.0,18785.0
617.0,18945.0
618.0,18882.0
619.0,18646.0
620.0,19076.0
621.0,18607.0
622.0,18751.0
623.0,18959.0
624.0,18875.0
625.0,18701.0
626.0,19007.0
627.0,18931.0
628.0,18789.0
629.0,18984.0
630.0,18791.0
631.0,18690.0
632.0,19067.0
633.0,18956.0
634.0,18855.0
635.0,19054.0
636.0,18981.0
637.0,18903.0
638.0,19065.0
639.0,18799.0
640.0,19025.0
641.0,19123.0
642.0,18817.0
643.0,18760.0
644.0,18983.0
645.0,18651.0
646.0,18922.0
647.0,18907.0
648.0,19070.0
649.0,19027.0
650.0,18993.0
651.0,18709.0
652.0,18840.0
653.0,18985.0
654.0,18882.0
655.0,19046.0
656.0,19160.0
657.0,18848.0
658.0,18957.0
659.0,18827.0
660.0,18959.0
661.0,18929.0
662.0,19036.0
663.0,19056.0
664.0,19038.0
665.0,18958.0
666.0,18751.0
667.0,18823.0
668.0,19202.0
669.0,18796.0
670.0,18982.0
671.0,19013.0
672.0,18876.0
673.0,18805.0
674.0,18908.0
675.0,18814.0
676.0,18930.0
677.0,19094.0
678.0,18852.0
679.0,19053.0
680.0,18937.0
681.0,18658.0
682.0,18854.0
683.0,18722.0
684.0,18739.0
685.0,18915.0
686.0,18837.0
687.0,18635.0
688.0,18822.0
689.0,18782.0
690.0,18510.0
691.0,18906.0
692.0,18819.0
693.0,18676.0
694.0,18780.0
695.0,18555.0
696.0,18657.0
697.0,18544.0
698.0,18689.0
699.0,18709.0
700.0,18746.0
701.0,18803.0
702.0,18336.0
703.0,18710.0
704.0,18439.0
705.0,18546.0
706.0,18724.0
707.0,18445.0
708.0,18719.0
709.0,18669.0
710.0,18364.0
711.0,18461.0
712.0,18623.0
713.0,18604.0
714.0,18624.0
715.0,18736.0
716.0,18462.0
717.0,18472.0
718.0,18402.0
719.0,18503.0
720.0,18354.0
721.0,18832.0
722.0,18563.0
723.0,18557.0
724.0,18592.0
725.0,18359.0
726.0,18274.0
727.0,18524.0
728.0,18477.0
729.0,18628.0
730.0,18573.0
731.0,18415.0
732.0,18215.0
733.0,18462.0
734.0,18294.0
735.0,18056.0
736.0,18582.0
737.0,18376.0
738.0,18497.0
739.0,18367.0
740.0,18105.0
741.0,18104.0
742.0,18553.0
743.0,18049.0
744.0,18362.0
745.0,18469.0
746.0,18092.0
747.0,18345.0
748.0,18131.0
749.0,18230.0
750.0,18160.0
751.0,18318.0
752.0,18098.0
753.0,18164.0
754.0,18164.0
755.0,17947.0
756.0,17980.0
757.0,18248.0
758.0,18010.0
759.0,18288.0
760.0,17955.0
761.0,17810.0
762.0,18245.0
763.0,17964.0
764.0,17919.0
765.0,18087.0
766.0,17905.0
767.0,17795.0
768.0,18131.0
769.0,17820.0
770.0,17724.0
771.0,17848.0
772.0,17886.0
773.0,17805.0
774.0,18024.0
775.0,17730.0
776.0,17518.0
777.0,17844.0
778.0,17707.0
779.0,17567.0
780.0,17922.0
781.0,17636.0
782.0,17637.0
783.0,17697.0
784.0,17634.0
785.0,17632.0
786.0,17754.0
787.0,17732.0
788.0,17672.0
789.0,17773.0
790.0,17450.0
791.0,17424.0
792.0,17558.0
793.0,17476.0
794.0,17455.0
795.0,17678.0
796.0,17458.0
797.0,17553.0
798.0,17383.0
799.0,17179.0
800.0,17229.0
801.0,17339.0
802.0,17285.0
803.0,17415.0
804.0,17295.0
805.0,17114.0
806.0,17409.0
807.0,17151.0
808.0,17123.0
809.0,17458.0
810.0,17231.0
811.0,17051.0
812.0,17174.0
813.0,17184.0
814.0,16973.0
815.0,17102.0
816.0,16949.0
817.0,17089.0
818.0,17215.0
819.0,17096.0
820.0,16972.0
821.0,17059.0
822.0,16867.0
823.0,17102.0
824.0,16849.0
825.0,16842.0
826.0,16874.0
827.0,16879.0
828.0,16724.0
829.0,16805.0
830.0,16837.0
831.0,16735.0
832.0,16827.0
833.0,16572.0
834.0,16429.0
835.0,16587.0
836.0,16625.0
837.0,16554.0
838.0,16650.0
839.0,16598.0
840.0,16668.0
841.0,16569.0
842.0,16373.0
843.0,16203.0
844.0,16530.0
845.0,16447.0
846.0,16309.0
847.0,16536.0
848.0,16206.0
849.0,16214.0
850.0,16356.0
851.0,16307.0
852.0,16140.0
853.0,16373.0
854.0,16244.0
855.0,16117.0
856.0,16254.0
857.0,16055.0
858.0,16142.0
859.0,16171.0
860.0,16000.0
861.0,16066.0
862.0,16090.0
863.0,15995.0
864.0,15940.0
865.0,15938.0
866.0,15643.0
867.0,16048.0
868.0,16014.0
869.0,15819.0
870.0,15948.0
871.0,15642.0
872.0,15538.0
873.0,15990.0
874.0,15687.0
875.0,15585.0
876.0,15800.0
877.0,15753.0
878.0,15409.0
879.0,15547.0
880.0,15490.0
881.0,15487.0
882.0,15614.0
883.0,15506.0
884.0,15439.0
885.0,15424.0
886.0,15124.0
887.0,15241.0
888.0,15460.0
889.0,15278.0
890.0,15381.0
891.0,15294.0
892.0,15128.0
893.0,15205.0
894.0,15168.0
895.0,15067.0
896.0,15221.0
897.0,15131.0
898.0,15156.0
899.0,15099.0
900.0,14962.0
901.0,14823.0
902.0,15047.0
903.0,14845.0
904.0,15005.0
905.0,14918.0
906.0,14683.0
907.0,14809.0
908.0,14766.0
909.0,14670.0
910.0,14775.0
911.0,14787.0
912.0,14517.0
913.0,14667.0
914.0,14418.0
915.0,14555.0
916.0,14381.0
917.0,14662.0
918.0,14401.0
919.0,14670.0
920.0,14383.0
921.0,14241.0
922.0,14322.0
923.0,14077.0
924.0,14141.0
925.0,14387.0
926.0,14298.0
927.0,14213.0
928.0,14154.0
929.0,14077.0
930.0,14142.0
931.0,14146.0
932.0,14006.0
933.0,14111.0
934.0,13955.0
935.0,13963.0
936.0,14064.0
937.0,13767.0
938.0,13969.0
939.0,13776.0
940.0,13905.0
941.0,13737.0
942.0,13813.0
943.0,13561.0
944.0,13661.0
945.0,13656.0
946.0,13643.0
947.0,13689.0
948.0,13700.0
949.0,13547.0
950.0,13474.0
951.0,13539.0
952.0,13347.0
953.0,13363.0
954.0,13536.0
955.0,13324.0
956.0,13381.0
957.0,13299.0
958.0,13234.0
959.0,13219.0
960.0,13224.0
961.0,13237.0
962.0,13365.0
963.0,13067.0
964.0,13013.0
965.0,13015.0
966.0,12971.0
967.0,12895.0
968.0,12877.0
969.0,12952.0
970.0,12816.0
971.0,12780.0
972.0,12659.0
973.0,12664.0
974.0,12840.0
975.0,12683.0
976.0,12698.0
977.0,12760.0
978.0,12570.0
979.0,12612.0
980.0,12352.0
981.0,12399.0
982.0,12665.0
983.0,12430.0
984.0,12365.0
985.0,12418.0
986.0,12242.0
987.0,12135.0
988.0,12292.0
989.0,12124.0
990.0,12286.0
991.0,12172.0
992.0,12126.0
993.0,11948.0
994.0,12026.0
995.0,11920.0
996.0,12094.0
997.0,12172.0
998.0,11870.0
999.0,11954.0
1000.0,11871.0
1001.0,11752.0
1002.0,11767.0
1003.0,11795.0
1004.0,11825.0
1005.0,11798.0
1006.0,11692.0
1007.0,11659.0
1008.0,11661.0
1009.0,11449.0
1010.0,11521.0
1011.0,11615.0
1012.0,11546.0
1013.0,11440.0
1014.0,11374.0
1015.0,11364.0
1016.0,11319.0
1017.0,11305.0
1018.0,11297.0
1019.0,11346.0
1020.0,11286.0
1021.0,11159.0
1022.0,11149.0
1023.0,11156.0
