0.0,73.0
1.0,94.0
2.0,108.0
3.0,120.0
4.0,121.0
5.0,114.0
6.0,137.0
7.0,133.0
8.0,131.0
9.0,104.0
10.0,127.0
11.0,134.0
12.0,118.0
13.0,134.0
14.0,139.0
15.0,133.0
16.0,141.0
17.0,136.0
18.0,126.0
19.0,141.0
20.0,137.0
21.0,134.0
22.0,141.0
23.0,139.0
24.0,140.0
25.0,148.0
26.0,124.0
27.0,147.0
28.0,161.0
29.0,152.0
30.0,149.0
31.0,160.0
32.0,153.0
33.0,158.0
34.0,159.0
35.0,164.0
36.0,175.0
37.0,157.0
38.0,186.0
39.0,206.0
40.0,180.0
41.0,202.0
42.0,175.0
43.0,191.0
44.0,201.0
45.0,191.0
46.0,198.0
47.0,194.0
48.0,205.0
49.0,206.0
50.0,219.0
51.0,224.0
52.0,226.0
53.0,213.0
54.0,238.0
55.0,241.0
56.0,233.0
57.0,235.0
58.0,229.0
59.0,228.0
60.0,240.0
61.0,222.0
62.0,243.0
63.0,261.0
64.0,260.0
65.0,273.0
66.0,257.0
67.0,272.0
68.0,294.0
69.0,264.0
70.0,286.0
71.0,291.0
72.0,269.0
73.0,271.0
74.0,289.0
75.0,302.0
76.0,285.0
77.0,296.0
78.0,320.0
79.0,316.0
80.0,316.0
81.0,328.0
82.0,320.0
83.0,331.0
84.0,335.0
85.0,345.0
86.0,340.0
87.0,339.0
88.0,349.0
89.0,361.0
90.0,383.0
91.0,344.0
92.0,381.0
93.0,390.0
94.0,377.0
95.0,400.0
96.0,405.0
97.0,403.0
98.0,408.0
99.0,414.0
100.0,406.0
101.0,433.0
102.0,415.0
103.0,443.0
104.0,442.0
105.0,451.0
106.0,446.0
107.0,456.0
108.0,455.0
109.0,465.0
110.0,459.0
111.0,486.0
112.0,475.0
113.0,495.0
114.0,506.0
115.0,505.0
116.0,506.0
117.0,517.0
118.0,522.0
119.0,529.0
120.0,534.0
121.0,561.0
122.0,543.0
123.0,555.0
124.0,547.0
125.0,561.0
126.0,565.0
127.0,559.0
128.0,556.0
129.0,604.0
130.0,592.0
131.0,599.0
132.0,603.0
133.0,611.0
134.0,589.0
135.0,622.0
136.0,627.0
137.0,649.0
138.0,642.0
139.0,657.0
140.0,664.0
141.0,671.0
142.0,679.0
143.0,674.0
144.0,662.0
145.0,675.0
146.0,693.0
147.0,710.0
148.0,714.0
149.0,679.0
150.0,724.0
151.0,739.0
152.0,740.0
153.0,731.0
154.0,749.0
155.0,762.0
156.0,761.0
157.0,762.0
158.0,758.0
159.0,796.0
160.0,801.0
161.0,812.0
162.0,793.0
163.0,829.0
164.0,807.0
165.0,836.0
166.0,811.0
167.0,835.0
168.0,865.0
169.0,853.0
170.0,862.0
171.0,867.0
172.0,877.0
173.0,907.0
174.0,897.0
175.0,924.0
176.0,919.0
177.0,908.0
178.0,917.0
179.0,895.0
180.0,929.0
181.0,955.0
182.0,942.0
183.0,921.0
184.0,973.0
185.0,983.0
186.0,981.0
187.0,977.0
188.0,1007.0
189.0,998.0
190.0,981.0
191.0,995.0
192.0,1020.0
193.0,1015.0
194.0,1020.0
195.0,1033.0
196.0,1016.0
197.0,1037.0
198.0,1081.0
199.0,1066.0
200.0,1046.0
201.0,1068.0
202.0,1105.0
203.0,1086.0
204.0,1104.0
205.0,1082.0
206.0,1106.0
207.0,1100.0
208.0,1126.0
209.0,1130.0
210.0,1143.0
211.0,1114.0
212.0,1128.0
213.0,1136.0
214.0,1175.0
215.0,1174.0
216.0,1174.0
217.0,1169.0
218.0,1181.0
219.0,1174.0
220.0,1176.0
221.0,1212.0
222.0,1208.0
223.0,1229.0
224.0,1186.0
225.0,1231.0
226.0,1270.0
227.0,1265.0
228.0,1240.0
229.0,1301.0
230.0,1275.0
231.0,1300.0
232.0,1277.0
233.0,1311.0
234.0,1307.0
235.0,1302.0
236.0,1311.0
237.0,1339.0
238.0,1326.0
239.0,1333.0
240.0,1329.0
241.0,1325.0
242.0,1422.0
243.0,1392.0
244.0,1375.0
245.0,1409.0
246.0,1399.0
247.0,1431.0
248.0,1385.0
249.0,1443.0
250.0,1419.0
251.0,1424.0
252.0,1445.0
253.0,1461.0
254.0,1416.0
255.0,1460.0
256.0,1439.0
257.0,1498.0
258.0,1513.0
259.0,1462.0
260.0,1507.0
261.0,1512.0
262.0,1499.0
263.0,1554.0
264.0,1530.0
265.0,1540.0
266.0,1537.0
267.0,1516.0
268.0,1546.0
269.0,1552.0
270.0,1581.0
271.0,1567.0
272.0,1568.0
273.0,1591.0
274.0,1615.0
275.0,1606.0
276.0,1632.0
277.0,1588.0
278.0,1613.0
279.0,1618.0
280.0,1689.0
281.0,1637.0
282.0,1676.0
283.0,1618.0
284.0,1709.0
285.0,1672.0
286.0,1723.0
287.0,1667.0
288.0,1685.0
289.0,1659.0
290.0,1740.0
291.0,1735.0
292.0,1764.0
293.0,1772.0
294.0,1770.0
295.0,1769.0
296.0,1773.0
297.0,1745.0
298.0,1785.0
299.0,1793.0
300.0,1796.0
301.0,1810.0
302.0,1813.0
303.0,1852.0
304.0,1830.0
305.0,1853.0
306.0,1837.0
307.0,1883.0
308.0,1860.0
309.0,1854.0
310.0,1904.0
311.0,1890.0
312.0,1912.0
313.0,1975.0
314.0,1915.0
315.0,1914.0
316.0,1952.0
317.0,1942.0
318.0,1928.0
319.0,1984.0
320.0,1943.0
321.0,1966.0
322.0,2019.0
323.0,1989.0
324.0,1988.0
325.0,2015.0
326.0,2000.0
327.0,1973.0
328.0,2075.0
329.0,2032.0
330.0,2077.0
331.0,2031.0
332.0,2065.0
333.0,2070.0
334.0,2065.0
335.0,2113.0
336.0,2095.0
337.0,2108.0
338.0,2107.0
339.0,2108.0
340.0,2131.0
341.0,2099.0
342.0,2132.0
343.0,2099.0
344.0,2177.0
345.0,2208.0
346.0,2187.0
347.0,2146.0
348.0,2192.0
349.0,2191.0
350.0,2221.0
351.0,2204.0
352.0,2222.0
353.0,2225.0
354.0,2241.0
355.0,2263.0
356.0,2289.0
357.0,2260.0
358.0,2241.0
359.0,2260.0
360.0,2297.0
361.0,2313.0
362.0,2324.0
363.0,2295.0
364.0,2295.0
365.0,2304.0
366.0,2355.0
367.0,2359.0
368.0,2399.0
369.0,2314.0
370.0,2371.0
371.0,2343.0
372.0,2423.0
373.0,2374.0
374.0,2373.0
375.0,2356.0
376.0,2424.0
377.0,2442.0
378.0,2447.0
379.0,2405.0
380.0,2432.0
381.0,2424.0
382.0,2476.0
383.0,2465.0
384.0,2445.0
385.0,2472.0
386.0,2471.0
387.0,2463.0
388.0,2509.0
389.0,2535.0
390.0,2522.0
391.0,2498.0
392.0,2532.0
393.0,2567.0
394.0,2565.0
395.0,2531.0
396.0,2562.0
397.0,2574.0
398.0,2626.0
399.0,2562.0
400.0,2577.0
401.0,2629.0
402.0,2577.0
403.0,2608.0
404.0,2608.0
405.0,2621.0
406.0,2620.0
407.0,2585.0
408.0,2620.0
409.0,2668.0
410.0,2637.0
411.0,2671.0
412.0,2643.0
413.0,2621.0
414.0,2664.0
415.0,2699.0
416.0,2651.0
417.0,2696.0
418.0,2710.0
419.0,2705.0
420.0,2724.0
421.0,2667.0
422.0,2758.0
423.0,2742.0
424.0,2744.0
425.0,2771.0
426.0,2750.0
427.0,2726.0
428.0,2728.0
429.0,2770.0
430.0,2754.0
431.0,2828.0
432.0,2816.0
433.0,2810.0
434.0,2798.0
435.0,2794.0
436.0,2835.0
437.0,2779.0
438.0,2808.0
439.0,2787.0
440.0,2863.0
441.0,2862.0
442.0,2846.0
443.0,2859.0
444.0,2887.0
445.0,2900.0
446.0,2869.0
447.0,2897.0
448.0,2851.0
449.0,2839.0
450.0,2920.0
451.0,2922.0
452.0,2974.0
453.0,2910.0
454.0,2941.0
455.0,2906.0
456.0,2889.0
457.0,2993.0
458.0,2910.0
459.0,2939.0
460.0,2940.0
461.0,2929.0
462.0,2979.0
463.0,2983.0
464.0,2951.0
465.0,2913.0
466.0,2908.0
467.0,2966.0
468.0,3026.0
469.0,2978.0
470.0,2997.0
471.0,2935.0
472.0,3036.0
473.0,2970.0
474.0,3036.0
475.0,3063.0
476.0,3016.0
477.0,3036.0
478.0,3083.0
479.0,3071.0
480.0,3042.0
481.0,3058.0
482.0,3049.0
483.0,3067.0
484.0,3034.0
485.0,3063.0
486.0,3053.0
487.0,3096.0
488.0,3037.0
489.0,3122.0
490.0,3128.0
491.0,3117.0
492.0,3050.0
493.0,3124.0
494.0,3132.0
495.0,3048.0
496.0,3100.0
497.0,3021.0
498.0,3068.0
499.0,3135.0
500.0,3075.0
501.0,3132.0
502.0,3073.0
503.0,3115.0
504.0,3150.0
505.0,3082.0
506.0,3141.0
507.0,3168.0
508.0,3137.0
509.0,3200.0
510.0,3161.0
511.0,3210.0
512.0,3179.0
513.0,3133.0
514.0,3181.0
515.0,3162.0
516.0,3178.0
517.0,3119.0
518.0,3128.0
519.0,3132.0
520.0,3216.0
521.0,3152.0
522.0,3232.0
523.0,3197.0
524.0,3130.0
525.0,3246.0
526.0,3135.0
527.0,3193.0
528.0,3184.0
529.0,3189.0
530.0,3191.0
531.0,3171.0
532.0,3249.0
533.0,3237.0
534.0,3211.0
535.0,3224.0
536.0,3169.0
537.0,3218.0
538.0,3231.0
539.0,3169.0
540.0,3186.0
541.0,3195.0
542.0,3204.0
543.0,3230.0
544.0,3214.0
545.0,3254.0
546.0,3206.0
547.0,3176.0
548.0,3209.0
549.0,3255.0
550.0,3205.0
551.0,3223.0
552.0,3217.0
553.0,3196.0
554.0,3295.0
555.0,3236.0
556.0,3203.0
557.0,3272.0
558.0,3219.0
559.0,3298.0
560.0,3234.0
561.0,3186.0
562.0,3257.0
563.0,3309.0
564.0,3270.0
565.0,3248.0
566.0,3225.0
567.0,3243.0
568.0,3221.0
569.0,3253.0
570.0,3261.0
571.0,3204.0
572.0,3259.0
573.0,3254.0
574.0,3236.0
575.0,3271.0
576.0,3188.0
577.0,3276.0
578.0,3262.0
579.0,3263.0
580.0,3314.0
581.0,3243.0
582.0,3271.0
583.0,3202.0
584.0,3195.0
585.0,3233.0
586.0,3215.0
587.0,3244.0
588.0,3287.0
589.0,3269.0
590.0,3300.0
591.0,3243.0
592.0,3142.0
593.0,3258.0
594.0,3265.0
595.0,3271.0
596.0,3283.0
597.0,3239.0
598.0,3287.0
599.0,3265.0
600.0,3240.0
601.0,3230.0
602.0,3215.0
603.0,3181.0
604.0,3227.0
605.0,3235.0
606.0,3293.0
607.0,3197.0
608.0,3249.0
609.0,3200.0
610.0,3277.0
611.0,3243.0
612.0,3190.0
613.0,3218.0
614.0,3255.0
615.0,3262.0
616.0,3269.0
617.0,3187.0
618.0,3187.0
619.0,3229.0
620.0,3246.0
621.0,3217.0
622.0,3229.0
623.0,3208.0
624.0,3210.0
625.0,3248.0
626.0,3259.0
627.0,3245.0
628.0,3180.0
629.0,3195.0
630.0,3196.0
631.0,3179.0
632.0,3247.0
633.0,3189.0
634.0,3209.0
635.0,3188.0
636.0,3236.0
637.0,3174.0
638.0,3131.0
639.0,3152.0
640.0,3184.0
641.0,3214.0
642.0,3176.0
643.0,3150.0
644.0,3108.0
645.0,3263.0
646.0,3160.0
647.0,3239.0
648.0,3231.0
649.0,3122.0
650.0,3156.0
651.0,3163.0
652.0,3140.0
653.0,3191.0
654.0,3114.0
655.0,3167.0
656.0,3152.0
657.0,3194.0
658.0,3136.0
659.0,3182.0
660.0,3142.0
661.0,3096.0
662.0,3135.0
663.0,3141.0
664.0,3091.0
665.0,3129.0
666.0,3120.0
667.0,3103.0
668.0,3146.0
669.0,3083.0
670.0,3085.0
671.0,3180.0
672.0,3049.0
673.0,3142.0
674.0,3091.0
675.0,3073.0
676.0,3114.0
677.0,3072.0
678.0,3089.0
679.0,3093.0
680.0,3065.0
681.0,3002.0
682.0,3092.0
683.0,3052.0
684.0,3042.0
685.0,3045.0
686.0,3038.0
687.0,3025.0
688.0,3020.0
689.0,3101.0
690.0,3025.0
691.0,3068.0
692.0,3001.0
693.0,3055.0
694.0,3069.0
695.0,2975.0
696.0,2967.0
697.0,2966.0
698.0,2999.0
699.0,3005.0
700.0,2990.0
701.0,2999.0
702.0,3007.0
703.0,2972.0
704.0,3009.0
705.0,2992.0
706.0,2947.0
707.0,2970.0
708.0,2987.0
709.0,3021.0
710.0,2981.0
711.0,2907.0
712.0,2965.0
713.0,2945.0
714.0,2881.0
715.0,2933.0
716.0,2919.0
717.0,2906.0
718.0,2866.0
719.0,2899.0
720.0,2984.0
721.0,2961.0
722.0,2903.0
723.0,2866.0
724.0,2817.0
725.0,2876.0
726.0,2898.0
727.0,2827.0
728.0,2878.0
729.0,2800.0
730.0,2817.0
731.0,2842.0
732.0,2845.0
733.0,2803.0
734.0,2844.0
735.0,2834.0
736.0,2765.0
737.0,2809.0
738.0,2838.0
739.0,2823.0
740.0,2798.0
741.0,2733.0
742.0,2777.0
743.0,2739.0
744.0,2806.0
745.0,2766.0
746.0,2767.0
747.0,2716.0
748.0,2740.0
749.0,2769.0
750.0,2765.0
751.0,2736.0
752.0,2727.0
753.0,2692.0
754.0,2696.0
755.0,2704.0
756.0,2705.0
757.0,2672.0
758.0,2652.0
759.0,2680.0
760.0,2712.0
761.0,2676.0
762.0,2617.0
763.0,2651.0
764.0,2617.0
765.0,2668.0
766.0,2642.0
767.0,2632.0
768.0,2615.0
769.0,2559.0
770.0,2574.0
771.0,2633.0
772.0,2584.0
773.0,2546.0
774.0,2567.0
775.0,2566.0
776.0,2556.0
777.0,2553.0
778.0,2547.0
779.0,2591.0
780.0,2534.0
781.0,2561.0
782.0,2510.0
783.0,2482.0
784.0,2507.0
785.0,2480.0
786.0,2497.0
787.0,2486.0
788.0,2421.0
789.0,2504.0
790.0,2471.0
791.0,2522.0
792.0,2431.0
793.0,2438.0
794.0,2403.0
795.0,2418.0
796.0,2403.0
797.0,2391.0
798.0,2402.0
799.0,2410.0
800.0,2424.0
801.0,2393.0
802.0,2404.0
803.0,2367.0
804.0,2356.0
805.0,2375.0
806.0,2382.0
807.0,2351.0
808.0,2320.0
809.0,2334.0
810.0,2333.0
811.0,2299.0
812.0,2355.0
813.0,2322.0
814.0,2232.0
815.0,2272.0
816.0,2350.0
817.0,2246.0
818.0,2238.0
819.0,2234.0
820.0,2217.0
821.0,2294.0
822.0,2198.0
823.0,2212.0
824.0,2205.0
825.0,2210.0
826.0,2179.0
827.0,2171.0
828.0,2201.0
829.0,2151.0
830.0,2158.0
831.0,2151.0
832.0,2142.0
833.0,2099.0
834.0,2105.0
835.0,2097.0
836.0,2123.0
837.0,2090.0
838.0,2096.0
839.0,2124.0
840.0,2050.0
841.0,2067.0
842.0,2038.0
843.0,2096.0
844.0,2075.0
845.0,2027.0
846.0,2031.0
847.0,2041.0
848.0,1999.0
849.0,1988.0
850.0,2020.0
851.0,2015.0
852.0,1979.0
853.0,1995.0
854.0,1945.0
855.0,2011.0
856.0,1937.0
857.0,1949.0
858.0,1903.0
859.0,1928.0
860.0,1908.0
861.0,1911.0
862.0,1915.0
863.0,1921.0
864.0,1877.0
865.0,1876.0
866.0,1863.0
867.0,1863.0
868.0,1850.0
869.0,1847.0
870.0,1861.0
871.0,1824.0
872.0,1826.0
873.0,1808.0
874.0,1818.0
875.0,1754.0
876.0,1800.0
877.0,1799.0
878.0,1774.0
879.0,1766.0
880.0,1770.0
881.0,1760.0
882.0,1748.0
883.0,1751.0
884.0,1722.0
885.0,1749.0
886.0,1744.0
887.0,1733.0
888.0,1700.0
889.0,1682.0
890.0,1674.0
891.0,1673.0
892.0,1662.0
893.0,1656.0
894.0,1645.0
895.0,1635.0
896.0,1636.0
897.0,1641.0
898.0,1609.0
899.0,1650.0
900.0,1574.0
901.0,1618.0
902.0,1589.0
903.0,1522.0
904.0,1587.0
905.0,1544.0
906.0,1565.0
907.0,1520.0
908.0,1533.0
909.0,1559.0
910.0,1516.0
911.0,1532.0
912.0,1507.0
913.0,1492.0
914.0,1499.0
915.0,1476.0
916.0,1463.0
917.0,1471.0
918.0,1451.0
919.0,1472.0
920.0,1430.0
921.0,1450.0
922.0,1440.0
923.0,1403.0
924.0,1384.0
925.0,1408.0
926.0,1379.0
927.0,1352.0
928.0,1371.0
929.0,1375.0
930.0,1346.0
931.0,1316.0
932.0,1341.0
933.0,1360.0
934.0,1331.0
935.0,1315.0
936.0,1309.0
937.0,1304.0
938.0,1285.0
939.0,1269.0
940.0,1273.0
941.0,1288.0
942.0,1273.0
943.0,1269.0
944.0,1208.0
945.0,1250.0
946.0,1244.0
947.0,1252.0
948.0,1140.0
949.0,1169.0
950.0,1176.0
951.0,1181.0
952.0,1187.0
953.0,1122.0
954.0,1166.0
955.0,1144.0
956.0,1157.0
957.0,1144.0
958.0,1124.0
959.0,1121.0
960.0,1095.0
961.0,1092.0
962.0,1090.0
963.0,1082.0
964.0,1111.0
965.0,1038.0
966.0,1055.0
967.0,1037.0
968.0,1026.0
969.0,989.0
970.0,986.0
971.0,1013.0
972.0,968.0
973.0,978.0
974.0,995.0
975.0,988.0
976.0,969.0
977.0,995.0
978.0,933.0
979.0,925.0
980.0,968.0
981.0,931.0
982.0,901.0
983.0,926.0
984.0,915.0
985.0,888.0
986.0,883.0
987.0,880.0
988.0,852.0
989.0,859.0
990.0,826.0
991.0,849.0
992.0,829.0
993.0,829.0
994.0,818.0
995.0,808.0
996.0,811.0
997.0,815.0
998.0,770.0
999.0,803.0
1000.0,795.0
1001.0,744.0
1002.0,750.0
1003.0,771.0
1004.0,765.0
1005.0,741.0
1006.0,741.0
1007.0,727.0
1008.0,704.0
1009.0,752.0
1010.0,695.0
1011.0,688.0
1012.0,679.0
1013.0,676.0
1014.0,667.0
1015.0,677.0
1016.0,685.0
1017.0,659.0
1018.0,644.0
1019.0,612.0
1020.0,635.0
1021.0,637.0
1022.0,624.0
1023.0,624.0
