0.0,101.0
1.0,112.0
2.0,103.0
3.0,128.0
4.0,112.0
5.0,131.0
6.0,120.0
7.0,121.0
8.0,114.0
9.0,124.0
10.0,121.0
11.0,117.0
12.0,131.0
13.0,110.0
14.0,143.0
15.0,139.0
16.0,123.0
17.0,120.0
18.0,118.0
19.0,123.0
20.0,136.0
21.0,121.0
22.0,141.0
23.0,156.0
24.0,130.0
25.0,137.0
26.0,131.0
27.0,138.0
28.0,145.0
29.0,146.0
30.0,138.0
31.0,146.0
32.0,148.0
33.0,155.0
34.0,154.0
35.0,147.0
36.0,137.0
37.0,158.0
38.0,164.0
39.0,170.0
40.0,150.0
41.0,162.0
42.0,148.0
43.0,152.0
44.0,160.0
45.0,190.0
46.0,152.0
47.0,170.0
48.0,169.0
49.0,169.0
50.0,194.0
51.0,180.0
52.0,165.0
53.0,182.0
54.0,186.0
55.0,179.0
56.0,193.0
57.0,202.0
58.0,193.0
59.0,195.0
60.0,206.0
61.0,204.0
62.0,202.0
63.0,217.0
64.0,206.0
65.0,187.0
66.0,200.0
67.0,223.0
68.0,225.0
69.0,205.0
70.0,205.0
71.0,230.0
72.0,232.0
73.0,230.0
74.0,223.0
75.0,217.0
76.0,244.0
77.0,247.0
78.0,227.0
79.0,246.0
80.0,245.0
81.0,243.0
82.0,269.0
83.0,247.0
84.0,261.0
85.0,268.0
86.0,276.0
87.0,279.0
88.0,269.0
89.0,281.0
90.0,265.0
91.0,294.0
92.0,297.0
93.0,293.0
94.0,303.0
95.0,301.0
96.0,306.0
97.0,301.0
98.0,304.0
99.0,314.0
100.0,313.0
101.0,318.0
102.0,317.0
103.0,346.0
104.0,326.0
105.0,339.0
106.0,350.0
107.0,341.0
108.0,356.0
109.0,353.0
110.0,350.0
111.0,378.0
112.0,354.0
113.0,386.0
114.0,374.0
115.0,374.0
116.0,391.0
117.0,378.0
118.0,372.0
119.0,386.0
120.0,392.0
121.0,395.0
122.0,406.0
123.0,404.0
124.0,415.0
125.0,405.0
126.0,401.0
127.0,431.0
128.0,435.0
129.0,440.0
130.0,422.0
131.0,424.0
132.0,443.0
133.0,458.0
134.0,447.0
135.0,458.0
136.0,465.0
137.0,471.0
138.0,475.0
139.0,461.0
140.0,468.0
141.0,479.0
142.0,502.0
143.0,493.0
144.0,510.0
145.0,506.0
146.0,495.0
147.0,500.0
148.0,534.0
149.0,518.0
150.0,518.0
151.0,525.0
152.0,549.0
153.0,524.0
154.0,545.0
155.0,555.0
156.0,546.0
157.0,548.0
158.0,563.0
159.0,584.0
160.0,551.0
161.0,564.0
162.0,580.0
163.0,577.0
164.0,582.0
165.0,602.0
166.0,613.0
167.0,607.0
168.0,606.0
169.0,631.0
170.0,620.0
171.0,613.0
172.0,649.0
173.0,634.0
174.0,633.0
175.0,638.0
176.0,656.0
177.0,655.0
178.0,660.0
179.0,678.0
180.0,677.0
181.0,680.0
182.0,689.0
183.0,675.0
184.0,680.0
185.0,685.0
186.0,706.0
187.0,693.0
188.0,716.0
189.0,734.0
190.0,731.0
191.0,724.0
192.0,732.0
193.0,720.0
194.0,748.0
195.0,752.0
196.0,734.0
197.0,750.0
198.0,743.0
199.0,773.0
200.0,748.0
201.0,765.0
202.0,762.0
203.0,782.0
204.0,791.0
205.0,814.0
206.0,777.0
207.0,819.0
208.0,786.0
209.0,818.0
210.0,832.0
211.0,852.0
212.0,841.0
213.0,811.0
214.0,833.0
215.0,819.0
216.0,841.0
217.0,856.0
218.0,845.0
219.0,844.0
220.0,863.0
221.0,860.0
222.0,882.0
223.0,871.0
224.0,863.0
225.0,909.0
226.0,883.0
227.0,894.0
228.0,895.0
229.0,930.0
230.0,897.0
231.0,933.0
232.0,943.0
233.0,946.0
234.0,929.0
235.0,959.0
236.0,945.0
237.0,972.0
238.0,981.0
239.0,940.0
240.0,977.0
241.0,961.0
242.0,975.0
243.0,975.0
244.0,992.0
245.0,1020.0
246.0,1010.0
247.0,1004.0
248.0,1042.0
249.0,1017.0
250.0,1023.0
251.0,1025.0
252.0,1025.0
253.0,1042.0
254.0,1051.0
255.0,1027.0
256.0,1071.0
257.0,1039.0
258.0,1059.0
259.0,1088.0
260.0,1094.0
261.0,1092.0
262.0,1073.0
263.0,1101.0
264.0,1116.0
265.0,1092.0
266.0,1116.0
267.0,1104.0
268.0,1126.0
269.0,1129.0
270.0,1126.0
271.0,1174.0
272.0,1138.0
273.0,1142.0
274.0,1135.0
275.0,1167.0
276.0,1183.0
277.0,1162.0
278.0,1220.0
279.0,1173.0
280.0,1180.0
281.0,1172.0
282.0,1217.0
283.0,1219.0
284.0,1248.0
285.0,1248.0
286.0,1224.0
287.0,1213.0
288.0,1242.0
289.0,1268.0
290.0,1243.0
291.0,1249.0
292.0,1242.0
293.0,1262.0
294.0,1297.0
295.0,1253.0
296.0,1278.0
297.0,1279.0
298.0,1282.0
299.0,1292.0
300.0,1309.0
301.0,1317.0
302.0,1287.0
303.0,1333.0
304.0,1326.0
305.0,1367.0
306.0,1356.0
307.0,1342.0
308.0,1410.0
309.0,1367.0
310.0,1354.0
311.0,1383.0
312.0,1381.0
313.0,1406.0
314.0,1382.0
315.0,1348.0
316.0,1383.0
317.0,1437.0
318.0,1462.0
319.0,1418.0
320.0,1463.0
321.0,1442.0
322.0,1429.0
323.0,1428.0
324.0,1467.0
325.0,1433.0
326.0,1479.0
327.0,1467.0
328.0,1517.0
329.0,1482.0
330.0,1477.0
331.0,1530.0
332.0,1540.0
333.0,1496.0
334.0,1511.0
335.0,1531.0
336.0,1563.0
337.0,1513.0
338.0,1528.0
339.0,1538.0
340.0,1564.0
341.0,1515.0
342.0,1542.0
343.0,1600.0
344.0,1593.0
345.0,1563.0
346.0,1575.0
347.0,1590.0
348.0,1602.0
349.0,1568.0
350.0,1631.0
351.0,1602.0
352.0,1612.0
353.0,1609.0
354.0,1658.0
355.0,1617.0
356.0,1638.0
357.0,1638.0
358.0,1647.0
359.0,1678.0
360.0,1676.0
361.0,1658.0
362.0,1703.0
363.0,1662.0
364.0,1731.0
365.0,1703.0
366.0,1701.0
367.0,1705.0
368.0,1696.0
369.0,1715.0
370.0,1700.0
371.0,1727.0
372.0,1695.0
373.0,1738.0
374.0,1773.0
375.0,1742.0
376.0,1774.0
377.0,1754.0
378.0,1750.0
379.0,1834.0
380.0,1806.0
381.0,1761.0
382.0,1788.0
383.0,1811.0
384.0,1810.0
385.0,1798.0
386.0,1805.0
387.0,1842.0
388.0,1817.0
389.0,1815.0
390.0,1842.0
391.0,1775.0
392.0,1834.0
393.0,1806.0
394.0,1829.0
395.0,1858.0
396.0,1833.0
397.0,1867.0
398.0,1834.0
399.0,1865.0
400.0,1879.0
401.0,1868.0
402.0,1879.0
403.0,1912.0
404.0,1896.0
405.0,1850.0
406.0,1896.0
407.0,1937.0
408.0,1912.0
409.0,1918.0
410.0,1912.0
411.0,1951.0
412.0,1972.0
413.0,1948.0
414.0,1940.0
415.0,1900.0
416.0,1992.0
417.0,1957.0
418.0,1946.0
419.0,1969.0
420.0,1948.0
421.0,2025.0
422.0,2000.0
423.0,1966.0
424.0,1977.0
425.0,1995.0
426.0,1998.0
427.0,1975.0
428.0,1969.0
429.0,2034.0
430.0,2020.0
431.0,2006.0
432.0,2003.0
433.0,2018.0
434.0,2055.0
435.0,2019.0
436.0,2012.0
437.0,2076.0
438.0,2006.0
439.0,2054.0
440.0,2044.0
441.0,2062.0
442.0,2027.0
443.0,2114.0
444.0,2048.0
445.0,2073.0
446.0,2048.0
447.0,2058.0
448.0,2096.0
449.0,2083.0
450.0,2085.0
451.0,2131.0
452.0,2090.0
453.0,2144.0
454.0,2117.0
455.0,2098.0
456.0,2120.0
457.0,2151.0
458.0,2132.0
459.0,2125.0
460.0,2115.0
461.0,2109.0
462.0,2142.0
463.0,2142.0
464.0,2144.0
465.0,2128.0
466.0,2170.0
467.0,2176.0
468.0,2170.0
469.0,2193.0
470.0,2153.0
471.0,2124.0
472.0,2162.0
473.0,2199.0
474.0,2173.0
475.0,2237.0
476.0,2170.0
477.0,2211.0
478.0,2181.0
479.0,2204.0
480.0,2212.0
481.0,2170.0
482.0,2163.0
483.0,2231.0
484.0,2234.0
485.0,2205.0
486.0,2220.0
487.0,2206.0
488.0,2228.0
489.0,2207.0
490.0,2228.0
491.0,2262.0
492.0,2224.0
493.0,2240.0
494.0,2270.0
495.0,2230.0
496.0,2223.0
497.0,2226.0
498.0,2258.0
499.0,2254.0
500.0,2244.0
501.0,2291.0
502.0,2273.0
503.0,2291.0
504.0,2256.0
505.0,2270.0
506.0,2290.0
507.0,2317.0
508.0,2261.0
509.0,2291.0
510.0,2273.0
511.0,2276.0
512.0,2244.0
513.0,2275.0
514.0,2245.0
515.0,2260.0
516.0,2277.0
517.0,2276.0
518.0,2273.0
519.0,2286.0
520.0,2305.0
521.0,2296.0
522.0,2304.0
523.0,2314.0
524.0,2300.0
525.0,2367.0
526.0,2319.0
527.0,2311.0
528.0,2282.0
529.0,2335.0
530.0,2315.0
531.0,2324.0
532.0,2319.0
533.0,2385.0
534.0,2334.0
535.0,2355.0
536.0,2315.0
537.0,2297.0
538.0,2340.0
539.0,2334.0
540.0,2344.0
541.0,2361.0
542.0,2322.0
543.0,2342.0
544.0,2344.0
545.0,2319.0
546.0,2325.0
547.0,2362.0
548.0,2307.0
549.0,2421.0
550.0,2317.0
551.0,2345.0
552.0,2398.0
553.0,2326.0
554.0,2356.0
555.0,2354.0
556.0,2340.0
557.0,2341.0
558.0,2358.0
559.0,2352.0
560.0,2386.0
561.0,2315.0
562.0,2389.0
563.0,2292.0
564.0,2382.0
565.0,2385.0
566.0,2387.0
567.0,2404.0
568.0,2344.0
569.0,2320.0
570.0,2349.0
571.0,2391.0
572.0,2402.0
573.0,2383.0
574.0,2286.0
575.0,2342.0
576.0,2397.0
577.0,2312.0
578.0,2405.0
579.0,2375.0
580.0,2382.0
581.0,2341.0
582.0,2381.0
583.0,2410.0
584.0,2365.0
585.0,2397.0
586.0,2379.0
587.0,2397.0
588.0,2386.0
589.0,2367.0
590.0,2396.0
591.0,2437.0
592.0,2339.0
593.0,2341.0
594.0,2431.0
595.0,2342.0
596.0,2370.0
597.0,2434.0
598.0,2387.0
599.0,2376.0
600.0,2363.0
601.0,2371.0
602.0,2368.0
603.0,2349.0
604.0,2412.0
605.0,2344.0
606.0,2404.0
607.0,2382.0
608.0,2404.0
609.0,2384.0
610.0,2385.0
611.0,2367.0
612.0,2402.0
613.0,2396.0
614.0,2430.0
615.0,2394.0
616.0,2383.0
617.0,2389.0
618.0,2365.0
619.0,2358.0
620.0,2405.0
621.0,2319.0
622.0,2375.0
623.0,2378.0
624.0,2355.0
625.0,2354.0
626.0,2322.0
627.0,2382.0
628.0,2347.0
629.0,2375.0
630.0,2333.0
631.0,2359.0
632.0,2355.0
633.0,2404.0
634.0,2376.0
635.0,2334.0
636.0,2351.0
637.0,2341.0
638.0,2327.0
639.0,2375.0
640.0,2341.0
641.0,2332.0
642.0,2378.0
643.0,2336.0
644.0,2366.0
645.0,2319.0
646.0,2323.0
647.0,2348.0
648.0,2333.0
649.0,2329.0
650.0,2289.0
651.0,2336.0
652.0,2358.0
653.0,2330.0
654.0,2337.0
655.0,2364.0
656.0,2300.0
657.0,2300.0
658.0,2321.0
659.0,2362.0
660.0,2319.0
661.0,2299.0
662.0,2306.0
663.0,2284.0
664.0,2347.0
665.0,2287.0
666.0,2321.0
667.0,2288.0
668.0,2296.0
669.0,2307.0
670.0,2278.0
671.0,2266.0
672.0,2283.0
673.0,2277.0
674.0,2288.0
675.0,2291.0
676.0,2256.0
677.0,2222.0
678.0,2298.0
679.0,2305.0
680.0,2239.0
681.0,2217.0
682.0,2243.0
683.0,2263.0
684.0,2304.0
685.0,2283.0
686.0,2222.0
687.0,2231.0
688.0,2211.0
689.0,2222.0
690.0,2224.0
691.0,2216.0
692.0,2251.0
693.0,2238.0
694.0,2258.0
695.0,2182.0
696.0,2243.0
697.0,2217.0
698.0,2236.0
699.0,2260.0
700.0,2210.0
701.0,2208.0
702.0,2171.0
703.0,2218.0
704.0,2182.0
705.0,2162.0
706.0,2188.0
707.0,2190.0
708.0,2246.0
709.0,2174.0
710.0,2214.0
711.0,2129.0
712.0,2165.0
713.0,2207.0
714.0,2122.0
715.0,2192.0
716.0,2137.0
717.0,2121.0
718.0,2144.0
719.0,2136.0
720.0,2166.0
721.0,2081.0
722.0,2132.0
723.0,2148.0
724.0,2152.0
725.0,2119.0
726.0,2069.0
727.0,2070.0
728.0,2141.0
729.0,2101.0
730.0,2103.0
731.0,2076.0
732.0,2088.0
733.0,2148.0
734.0,2089.0
735.0,2051.0
736.0,2099.0
737.0,2092.0
738.0,2035.0
739.0,2083.0
740.0,2084.0
741.0,2032.0
742.0,2019.0
743.0,2054.0
744.0,2002.0
745.0,2017.0
746.0,2032.0
747.0,2057.0
748.0,2021.0
749.0,2003.0
750.0,2014.0
751.0,2018.0
752.0,2056.0
753.0,2004.0
754.0,1984.0
755.0,1986.0
756.0,2047.0
757.0,1944.0
758.0,2000.0
759.0,2011.0
760.0,1989.0
761.0,1983.0
762.0,1974.0
763.0,1983.0
764.0,1940.0
765.0,1950.0
766.0,1928.0
767.0,1951.0
768.0,1916.0
769.0,1888.0
770.0,1941.0
771.0,1908.0
772.0,1886.0
773.0,1913.0
774.0,1894.0
775.0,1834.0
776.0,1876.0
777.0,1910.0
778.0,1883.0
779.0,1890.0
780.0,1898.0
781.0,1845.0
782.0,1868.0
783.0,1813.0
784.0,1829.0
785.0,1833.0
786.0,1853.0
787.0,1793.0
788.0,1852.0
789.0,1786.0
790.0,1870.0
791.0,1780.0
792.0,1776.0
793.0,1788.0
794.0,1837.0
795.0,1790.0
796.0,1791.0
797.0,1770.0
798.0,1782.0
799.0,1791.0
800.0,1779.0
801.0,1785.0
802.0,1788.0
803.0,1757.0
804.0,1754.0
805.0,1757.0
806.0,1726.0
807.0,1733.0
808.0,1715.0
809.0,1733.0
810.0,1745.0
811.0,1723.0
812.0,1722.0
813.0,1706.0
814.0,1647.0
815.0,1694.0
816.0,1692.0
817.0,1649.0
818.0,1662.0
819.0,1690.0
820.0,1680.0
821.0,1655.0
822.0,1628.0
823.0,1672.0
824.0,1609.0
825.0,1623.0
826.0,1632.0
827.0,1628.0
828.0,1608.0
829.0,1621.0
830.0,1567.0
831.0,1628.0
832.0,1593.0
833.0,1586.0
834.0,1605.0
835.0,1570.0
836.0,1547.0
837.0,1553.0
838.0,1564.0
839.0,1533.0
840.0,1534.0
841.0,1526.0
842.0,1531.0
843.0,1531.0
844.0,1551.0
845.0,1515.0
846.0,1515.0
847.0,1530.0
848.0,1482.0
849.0,1500.0
850.0,1478.0
851.0,1469.0
852.0,1473.0
853.0,1467.0
854.0,1477.0
855.0,1441.0
856.0,1477.0
857.0,1457.0
858.0,1424.0
859.0,1468.0
860.0,1421.0
861.0,1448.0
862.0,1449.0
863.0,1433.0
864.0,1407.0
865.0,1398.0
866.0,1413.0
867.0,1402.0
868.0,1415.0
869.0,1408.0
870.0,1366.0
871.0,1394.0
872.0,1351.0
873.0,1367.0
874.0,1364.0
875.0,1351.0
876.0,1314.0
877.0,1358.0
878.0,1339.0
879.0,1346.0
880.0,1323.0
881.0,1307.0
882.0,1318.0
883.0,1338.0
884.0,1288.0
885.0,1296.0
886.0,1270.0
887.0,1277.0
888.0,1312.0
889.0,1250.0
890.0,1266.0
891.0,1222.0
892.0,1253.0
893.0,1263.0
894.0,1228.0
895.0,1250.0
896.0,1208.0
897.0,1194.0
898.0,1242.0
899.0,1253.0
900.0,1224.0
901.0,1220.0
902.0,1176.0
903.0,1189.0
904.0,1197.0
905.0,1148.0
906.0,1148.0
907.0,1174.0
908.0,1157.0
909.0,1159.0
910.0,1138.0
911.0,1123.0
912.0,1148.0
913.0,1128.0
914.0,1134.0
915.0,1109.0
916.0,1152.0
917.0,1101.0
918.0,1084.0
919.0,1074.0
920.0,1087.0
921.0,1089.0
922.0,1083.0
923.0,1027.0
924.0,1046.0
925.0,1024.0
926.0,1055.0
927.0,1022.0
928.0,1029.0
929.0,1013.0
930.0,1015.0
931.0,1012.0
932.0,1012.0
933.0,1002.0
934.0,971.0
935.0,969.0
936.0,963.0
937.0,953.0
938.0,974.0
939.0,971.0
940.0,942.0
941.0,934.0
942.0,962.0
943.0,938.0
944.0,957.0
945.0,937.0
946.0,892.0
947.0,922.0
948.0,897.0
949.0,892.0
950.0,900.0
951.0,871.0
952.0,903.0
953.0,881.0
954.0,855.0
955.0,854.0
956.0,863.0
957.0,854.0
958.0,819.0
959.0,844.0
960.0,806.0
961.0,816.0
962.0,799.0
963.0,809.0
964.0,805.0
965.0,786.0
966.0,767.0
967.0,789.0
968.0,764.0
969.0,766.0
970.0,735.0
971.0,761.0
972.0,742.0
973.0,747.0
974.0,781.0
975.0,743.0
976.0,736.0
977.0,727.0
978.0,730.0
979.0,715.0
980.0,702.0
981.0,692.0
982.0,663.0
983.0,661.0
984.0,685.0
985.0,699.0
986.0,682.0
987.0,659.0
988.0,624.0
989.0,649.0
990.0,660.0
991.0,631.0
992.0,638.0
993.0,605.0
994.0,627.0
995.0,632.0
996.0,607.0
997.0,609.0
998.0,607.0
999.0,586.0
1000.0,592.0
1001.0,610.0
1002.0,562.0
1003.0,551.0
1004.0,571.0
1005.0,564.0
1006.0,546.0
1007.0,558.0
1008.0,538.0
1009.0,539.0
1010.0,544.0
1011.0,502.0
1012.0,509.0
1013.0,549.0
1014.0,522.0
1015.0,507.0
1016.0,506.0
1017.0,488.0
1018.0,480.0
1019.0,487.0
1020.0,484.0
1021.0,452.0
1022.0,469.0
1023.0,477.0
