0.0,526.0
1.0,829.0
2.0,801.0
3.0,838.0
4.0,802.0
5.0,852.0
6.0,851.0
7.0,848.0
8.0,881.0
9.0,860.0
10.0,924.0
11.0,923.0
12.0,897.0
13.0,937.0
14.0,950.0
15.0,977.0
16.0,973.0
17.0,969.0
18.0,973.0
19.0,1009.0
20.0,1007.0
21.0,1003.0
22.0,1053.0
23.0,1052.0
24.0,1069.0
25.0,1065.0
26.0,1057.0
27.0,1096.0
28.0,1077.0
29.0,1114.0
30.0,1146.0
31.0,1111.0
32.0,1169.0
33.0,1149.0
34.0,1159.0
35.0,1189.0
36.0,1205.0
37.0,1223.0
38.0,1234.0
39.0,1197.0
40.0,1217.0
41.0,1238.0
42.0,1254.0
43.0,1264.0
44.0,1295.0
45.0,1316.0
46.0,1336.0
47.0,1323.0
48.0,1352.0
49.0,1339.0
50.0,1358.0
51.0,1397.0
52.0,1423.0
53.0,1410.0
54.0,1432.0
55.0,1454.0
56.0,1464.0
57.0,1420.0
58.0,1457.0
59.0,1552.0
60.0,1488.0
61.0,1516.0
62.0,1508.0
63.0,1484.0
64.0,1570.0
65.0,1596.0
66.0,1613.0
67.0,1633.0
68.0,1619.0
69.0,1647.0
70.0,1635.0
71.0,1667.0
72.0,1709.0
73.0,1681.0
74.0,1716.0
75.0,1709.0
76.0,1687.0
77.0,1737.0
78.0,1843.0
79.0,1803.0
80.0,1781.0
81.0,1810.0
82.0,1818.0
83.0,1853.0
84.0,1887.0
85.0,1880.0
86.0,1890.0
87.0,1928.0
88.0,1961.0
89.0,1928.0
90.0,1964.0
91.0,1989.0
92.0,1968.0
93.0,2057.0
94.0,2014.0
95.0,2020.0
96.0,2053.0
97.0,2064.0
98.0,2082.0
99.0,2121.0
100.0,2132.0
101.0,2158.0
102.0,2146.0
103.0,2114.0
104.0,2153.0
105.0,2213.0
106.0,2240.0
107.0,2228.0
108.0,2286.0
109.0,2265.0
110.0,2309.0
111.0,2302.0
112.0,2305.0
113.0,2337.0
114.0,2355.0
115.0,2418.0
116.0,2357.0
117.0,2371.0
118.0,2420.0
119.0,2480.0
120.0,2492.0
121.0,2498.0
122.0,2509.0
123.0,2542.0
124.0,2510.0
125.0,2547.0
126.0,2528.0
127.0,2593.0
128.0,2642.0
129.0,2635.0
130.0,2646.0
131.0,2639.0
132.0,2700.0
133.0,2751.0
134.0,2776.0
135.0,2720.0
136.0,2763.0
137.0,2744.0
138.0,2815.0
139.0,2787.0
140.0,2863.0
141.0,2845.0
142.0,2886.0
143.0,2933.0
144.0,2919.0
145.0,2938.0
146.0,2961.0
147.0,3067.0
148.0,2976.0
149.0,3056.0
150.0,3050.0
151.0,3038.0
152.0,3072.0
153.0,3104.0
154.0,3155.0
155.0,3161.0
156.0,3159.0
157.0,3167.0
158.0,3123.0
159.0,3281.0
160.0,3275.0
161.0,3237.0
162.0,3294.0
163.0,3284.0
164.0,3338.0
165.0,3354.0
166.0,3427.0
167.0,3440.0
168.0,3470.0
169.0,3398.0
170.0,3479.0
171.0,3398.0
172.0,3520.0
173.0,3558.0
174.0,3534.0
175.0,3599.0
176.0,3587.0
177.0,3566.0
178.0,3635.0
179.0,3658.0
180.0,3665.0
181.0,3742.0
182.0,3746.0
183.0,3731.0
184.0,3687.0
185.0,3720.0
186.0,3807.0
187.0,3793.0
188.0,3832.0
189.0,3934.0
190.0,3947.0
191.0,3835.0
192.0,3878.0
193.0,3942.0
194.0,4005.0
195.0,3948.0
196.0,4033.0
197.0,4024.0
198.0,4008.0
199.0,4059.0
200.0,4171.0
201.0,4182.0
202.0,4156.0
203.0,4188.0
204.0,4256.0
205.0,4219.0
206.0,4261.0
207.0,4267.0
208.0,4375.0
209.0,4312.0
210.0,4273.0
211.0,4385.0
212.0,4376.0
213.0,4428.0
214.0,4477.0
215.0,4473.0
216.0,4509.0
217.0,4481.0
218.0,4506.0
219.0,4622.0
220.0,4570.0
221.0,4598.0
222.0,4659.0
223.0,4632.0
224.0,4693.0
225.0,4620.0
226.0,4712.0
227.0,4830.0
228.0,4767.0
229.0,4818.0
230.0,4826.0
231.0,4823.0
232.0,4810.0
233.0,4902.0
234.0,4911.0
235.0,4989.0
236.0,4965.0
237.0,4988.0
238.0,4937.0
239.0,5007.0
240.0,5070.0
241.0,5128.0
242.0,5069.0
243.0,5177.0
244.0,5146.0
245.0,5134.0
246.0,5170.0
247.0,5244.0
248.0,5347.0
249.0,5281.0
250.0,5229.0
251.0,5277.0
252.0,5332.0
253.0,5463.0
254.0,5427.0
255.0,5411.0
256.0,5470.0
257.0,5422.0
258.0,5371.0
259.0,5589.0
260.0,5481.0
261.0,5584.0
262.0,5607.0
263.0,5594.0
264.0,5610.0
265.0,5598.0
266.0,5765.0
267.0,5761.0
268.0,5737.0
269.0,5843.0
270.0,5677.0
271.0,5691.0
272.0,5829.0
273.0,5834.0
274.0,5938.0
275.0,5919.0
276.0,5886.0
277.0,5900.0
278.0,5970.0
279.0,5938.0
280.0,6085.0
281.0,6064.0
282.0,5944.0
283.0,6025.0
284.0,6046.0
285.0,6086.0
286.0,6149.0
287.0,6163.0
288.0,6212.0
289.0,6175.0
290.0,6258.0
291.0,6083.0
292.0,6147.0
293.0,6314.0
294.0,6417.0
295.0,6318.0
296.0,6297.0
297.0,6295.0
298.0,6397.0
299.0,6342.0
300.0,6403.0
301.0,6553.0
302.0,6325.0
303.0,6403.0
304.0,6442.0
305.0,6464.0
306.0,6568.0
307.0,6560.0
308.0,6573.0
309.0,6626.0
310.0,6472.0
311.0,6570.0
312.0,6697.0
313.0,6694.0
314.0,6745.0
315.0,6707.0
316.0,6779.0
317.0,6724.0
318.0,6642.0
319.0,6862.0
320.0,6834.0
321.0,6867.0
322.0,6767.0
323.0,6897.0
324.0,6869.0
325.0,6897.0
326.0,6985.0
327.0,6999.0
328.0,6917.0
329.0,6945.0
330.0,6920.0
331.0,7006.0
332.0,7121.0
333.0,7042.0
334.0,7114.0
335.0,7011.0
336.0,7101.0
337.0,7001.0
338.0,7179.0
339.0,7173.0
340.0,7190.0
341.0,7275.0
342.0,7221.0
343.0,7241.0
344.0,7245.0
345.0,7220.0
346.0,7397.0
347.0,7412.0
348.0,7288.0
349.0,7349.0
350.0,7442.0
351.0,7441.0
352.0,7427.0
353.0,7469.0
354.0,7449.0
355.0,7473.0
356.0,7462.0
357.0,7492.0
358.0,7544.0
359.0,7521.0
360.0,7583.0
361.0,7654.0
362.0,7560.0
363.0,7578.0
364.0,7604.0
365.0,7620.0
366.0,7768.0
367.0,7764.0
368.0,7563.0
369.0,7582.0
370.0,7759.0
371.0,7785.0
372.0,7738.0
373.0,7885.0
374.0,7713.0
375.0,7797.0
376.0,7830.0
377.0,7849.0
378.0,7837.0
379.0,7903.0
380.0,7962.0
381.0,7928.0
382.0,7876.0
383.0,7957.0
384.0,7931.0
385.0,8035.0
386.0,8083.0
387.0,8051.0
388.0,8014.0
389.0,7967.0
390.0,7982.0
391.0,8156.0
392.0,8124.0
393.0,8108.0
394.0,8131.0
395.0,8160.0
396.0,8157.0
397.0,8148.0
398.0,8311.0
399.0,8242.0
400.0,8333.0
401.0,8195.0
402.0,8205.0
403.0,8320.0
404.0,8267.0
405.0,8389.0
406.0,8355.0
407.0,8281.0
408.0,8229.0
409.0,8363.0
410.0,8349.0
411.0,8469.0
412.0,8447.0
413.0,8370.0
414.0,8512.0
415.0,8387.0
416.0,8447.0
417.0,8564.0
418.0,8453.0
419.0,8559.0
420.0,8503.0
421.0,8500.0
422.0,8555.0
423.0,8643.0
424.0,8628.0
425.0,8659.0
426.0,8731.0
427.0,8532.0
428.0,8585.0
429.0,8677.0
430.0,8723.0
431.0,8785.0
432.0,8703.0
433.0,8661.0
434.0,8672.0
435.0,8697.0
436.0,8707.0
437.0,8675.0
438.0,8920.0
439.0,8820.0
440.0,8705.0
441.0,8738.0
442.0,8814.0
443.0,8787.0
444.0,8859.0
445.0,8885.0
446.0,8750.0
447.0,8956.0
448.0,8859.0
449.0,8804.0
450.0,8935.0
451.0,8964.0
452.0,8964.0
453.0,8933.0
454.0,8938.0
455.0,8996.0
456.0,8980.0
457.0,9050.0
458.0,9148.0
459.0,8998.0
460.0,9025.0
461.0,8942.0
462.0,9119.0
463.0,9217.0
464.0,9059.0
465.0,9146.0
466.0,8963.0
467.0,9123.0
468.0,9229.0
469.0,9240.0
470.0,9309.0
471.0,9287.0
472.0,9064.0
473.0,9230.0
474.0,9253.0
475.0,9303.0
476.0,9413.0
477.0,9230.0
478.0,9343.0
479.0,9228.0
480.0,9380.0
481.0,9393.0
482.0,9401.0
483.0,9330.0
484.0,9307.0
485.0,9389.0
486.0,9406.0
487.0,9333.0
488.0,9384.0
489.0,9506.0
490.0,9415.0
491.0,9343.0
492.0,9320.0
493.0,9402.0
494.0,9471.0
495.0,9528.0
496.0,9502.0
497.0,9494.0
498.0,9393.0
499.0,9375.0
500.0,9458.0
501.0,9512.0
502.0,9613.0
503.0,9587.0
504.0,9501.0
505.0,9460.0
506.0,9597.0
507.0,9552.0
508.0,9637.0
509.0,9701.0
510.0,9608.0
511.0,9614.0
512.0,9519.0
513.0,9596.0
514.0,9651.0
515.0,9636.0
516.0,9630.0
517.0,9602.0
518.0,9672.0
519.0,9624.0
520.0,9708.0
521.0,9778.0
522.0,9774.0
523.0,9825.0
524.0,9694.0
525.0,9537.0
526.0,9803.0
527.0,9851.0
528.0,9807.0
529.0,9836.0
530.0,9747.0
531.0,9664.0
532.0,9692.0
533.0,9926.0
534.0,9811.0
535.0,9699.0
536.0,9828.0
537.0,9663.0
538.0,9764.0
539.0,9830.0
540.0,9773.0
541.0,9913.0
542.0,9835.0
543.0,9693.0
544.0,9794.0
545.0,9815.0
546.0,9929.0
547.0,9923.0
548.0,9838.0
549.0,9719.0
550.0,9833.0
551.0,9885.0
552.0,9951.0
553.0,9988.0
554.0,9972.0
555.0,9898.0
556.0,9854.0
557.0,9850.0
558.0,9909.0
559.0,10033.0
560.0,9911.0
561.0,9975.0
562.0,9860.0
563.0,9951.0
564.0,9897.0
565.0,10023.0
566.0,10031.0
567.0,10027.0
568.0,9794.0
569.0,9831.0
570.0,9960.0
571.0,9869.0
572.0,10039.0
573.0,10036.0
574.0,10033.0
575.0,9875.0
576.0,9903.0
577.0,10041.0
578.0,9960.0
579.0,10106.0
580.0,10053.0
581.0,9886.0
582.0,9862.0
583.0,9943.0
584.0,9986.0
585.0,10086.0
586.0,10039.0
587.0,9853.0
588.0,10017.0
589.0,9994.0
590.0,10167.0
591.0,9945.0
592.0,10008.0
593.0,9915.0
594.0,10001.0
595.0,9837.0
596.0,9938.0
597.0,10113.0
598.0,10058.0
599.0,10042.0
600.0,10108.0
601.0,9970.0
602.0,10020.0
603.0,10140.0
604.0,10010.0
605.0,10097.0
606.0,9961.0
607.0,9846.0
608.0,9998.0
609.0,10055.0
610.0,10184.0
611.0,10054.0
612.0,9986.0
613.0,9906.0
614.0,9889.0
615.0,10023.0
616.0,10015.0
617.0,10027.0
618.0,9975.0
619.0,9929.0
620.0,10028.0
621.0,10058.0
622.0,10055.0
623.0,10129.0
624.0,9904.0
625.0,9937.0
626.0,9991.0
627.0,9954.0
628.0,10037.0
629.0,9953.0
630.0,10073.0
631.0,9897.0
632.0,9825.0
633.0,9894.0
634.0,10106.0
635.0,9972.0
636.0,10031.0
637.0,10038.0
638.0,9931.0
639.0,9874.0
640.0,9902.0
641.0,9989.0
642.0,10044.0
643.0,9910.0
644.0,9873.0
645.0,9642.0
646.0,9849.0
647.0,10083.0
648.0,9876.0
649.0,9947.0
650.0,9791.0
651.0,9778.0
652.0,9774.0
653.0,9810.0
654.0,10073.0
655.0,9863.0
656.0,9867.0
657.0,9778.0
658.0,9757.0
659.0,9873.0
660.0,10004.0
661.0,9869.0
662.0,9778.0
663.0,9796.0
664.0,9645.0
665.0,9685.0
666.0,9910.0
667.0,9836.0
668.0,9753.0
669.0,9697.0
670.0,9677.0
671.0,9688.0
672.0,9790.0
673.0,9735.0
674.0,9714.0
675.0,9651.0
676.0,9634.0
677.0,9677.0
678.0,9767.0
679.0,9641.0
680.0,9714.0
681.0,9710.0
682.0,9644.0
683.0,9558.0
684.0,9692.0
685.0,9738.0
686.0,9831.0
687.0,9536.0
688.0,9496.0
689.0,9638.0
690.0,9550.0
691.0,9694.0
692.0,9613.0
693.0,9523.0
694.0,9500.0
695.0,9486.0
696.0,9356.0
697.0,9512.0
698.0,9558.0
699.0,9519.0
700.0,9413.0
701.0,9348.0
702.0,9415.0
703.0,9395.0
704.0,9596.0
705.0,9431.0
706.0,9417.0
707.0,9349.0
708.0,9328.0
709.0,9424.0
710.0,9441.0
711.0,9395.0
712.0,9313.0
713.0,9395.0
714.0,9290.0
715.0,9280.0
716.0,9259.0
717.0,9363.0
718.0,9373.0
719.0,9307.0
720.0,9131.0
721.0,9334.0
722.0,9183.0
723.0,9495.0
724.0,9284.0
725.0,9181.0
726.0,9155.0
727.0,9170.0
728.0,9182.0
729.0,9183.0
730.0,9126.0
731.0,9259.0
732.0,9028.0
733.0,9072.0
734.0,9077.0
735.0,9212.0
736.0,9280.0
737.0,9045.0
738.0,9007.0
739.0,8984.0
740.0,8968.0
741.0,9063.0
742.0,9134.0
743.0,9006.0
744.0,9041.0
745.0,8917.0
746.0,8860.0
747.0,8954.0
748.0,9026.0
749.0,8960.0
750.0,8902.0
751.0,8913.0
752.0,8838.0
753.0,8943.0
754.0,8908.0
755.0,8804.0
756.0,8900.0
757.0,8822.0
758.0,8785.0
759.0,8858.0
760.0,8807.0
761.0,8743.0
762.0,8681.0
763.0,8683.0
764.0,8738.0
765.0,8643.0
766.0,8827.0
767.0,8718.0
768.0,8768.0
769.0,8538.0
770.0,8589.0
771.0,8611.0
772.0,8642.0
773.0,8795.0
774.0,8548.0
775.0,8569.0
776.0,8461.0
777.0,8556.0
778.0,8618.0
779.0,8545.0
780.0,8547.0
781.0,8473.0
782.0,8241.0
783.0,8493.0
784.0,8478.0
785.0,8471.0
786.0,8392.0
787.0,8364.0
788.0,8386.0
789.0,8317.0
790.0,8382.0
791.0,8315.0
792.0,8270.0
793.0,8251.0
794.0,8204.0
795.0,8217.0
796.0,8283.0
797.0,8235.0
798.0,8185.0
799.0,8188.0
800.0,8043.0
801.0,8076.0
802.0,8062.0
803.0,8168.0
804.0,8087.0
805.0,8140.0
806.0,7943.0
807.0,7926.0
808.0,8093.0
809.0,8095.0
810.0,8045.0
811.0,7936.0
812.0,7930.0
813.0,7864.0
814.0,7832.0
815.0,7994.0
816.0,8010.0
817.0,7920.0
818.0,7865.0
819.0,7791.0
820.0,7817.0
821.0,7835.0
822.0,7819.0
823.0,7855.0
824.0,7700.0
825.0,7695.0
826.0,7680.0
827.0,7695.0
828.0,7669.0
829.0,7723.0
830.0,7673.0
831.0,7506.0
832.0,7598.0
833.0,7546.0
834.0,7694.0
835.0,7580.0
836.0,7482.0
837.0,7539.0
838.0,7432.0
839.0,7522.0
840.0,7518.0
841.0,7521.0
842.0,7521.0
843.0,7431.0
844.0,7349.0
845.0,7279.0
846.0,7486.0
847.0,7431.0
848.0,7413.0
849.0,7296.0
850.0,7272.0
851.0,7306.0
852.0,7236.0
853.0,7338.0
854.0,7234.0
855.0,7206.0
856.0,7114.0
857.0,7215.0
858.0,7120.0
859.0,7137.0
860.0,7103.0
861.0,7128.0
862.0,7023.0
863.0,7104.0
864.0,7153.0
865.0,6983.0
866.0,7014.0
867.0,6877.0
868.0,6933.0
869.0,6863.0
870.0,6982.0
871.0,6972.0
872.0,6913.0
873.0,6813.0
874.0,6805.0
875.0,6812.0
876.0,6880.0
877.0,6856.0
878.0,6746.0
879.0,6786.0
880.0,6778.0
881.0,6715.0
882.0,6791.0
883.0,6786.0
884.0,6735.0
885.0,6650.0
886.0,6541.0
887.0,6572.0
888.0,6627.0
889.0,6608.0
890.0,6614.0
891.0,6521.0
892.0,6452.0
893.0,6518.0
894.0,6438.0
895.0,6503.0
896.0,6442.0
897.0,6415.0
898.0,6341.0
899.0,6390.0
900.0,6305.0
901.0,6458.0
902.0,6290.0
903.0,6340.0
904.0,6232.0
905.0,6243.0
906.0,6255.0
907.0,6327.0
908.0,6278.0
909.0,6161.0
910.0,6178.0
911.0,6144.0
912.0,6099.0
913.0,6169.0
914.0,6169.0
915.0,6097.0
916.0,5958.0
917.0,6032.0
918.0,5938.0
919.0,6031.0
920.0,5971.0
921.0,5994.0
922.0,5964.0
923.0,5867.0
924.0,5932.0
925.0,5956.0
926.0,5885.0
927.0,5877.0
928.0,5783.0
929.0,5756.0
930.0,5712.0
931.0,5895.0
932.0,5730.0
933.0,5756.0
934.0,5662.0
935.0,5690.0
936.0,5600.0
937.0,5671.0
938.0,5672.0
939.0,5586.0
940.0,5620.0
941.0,5563.0
942.0,5532.0
943.0,5521.0
944.0,5601.0
945.0,5514.0
946.0,5450.0
947.0,5417.0
948.0,5382.0
949.0,5477.0
950.0,5408.0
951.0,5425.0
952.0,5326.0
953.0,5265.0
954.0,5271.0
955.0,5299.0
956.0,5275.0
957.0,5304.0
958.0,5163.0
959.0,5230.0
960.0,5212.0
961.0,5188.0
962.0,5157.0
963.0,5161.0
964.0,5053.0
965.0,5165.0
966.0,5109.0
967.0,5075.0
968.0,5048.0
969.0,5017.0
970.0,4948.0
971.0,4931.0
972.0,4900.0
973.0,4910.0
974.0,4970.0
975.0,4978.0
976.0,4831.0
977.0,4782.0
978.0,4860.0
979.0,4823.0
980.0,4835.0
981.0,4757.0
982.0,4740.0
983.0,4712.0
984.0,4697.0
985.0,4700.0
986.0,4704.0
987.0,4626.0
988.0,4651.0
989.0,4528.0
990.0,4558.0
991.0,4588.0
992.0,4628.0
993.0,4484.0
994.0,4506.0
995.0,4436.0
996.0,4419.0
997.0,4473.0
998.0,4460.0
999.0,4372.0
1000.0,4394.0
1001.0,4349.0
1002.0,4350.0
1003.0,4363.0
1004.0,4333.0
1005.0,4297.0
1006.0,4285.0
1007.0,4212.0
1008.0,4232.0
1009.0,4217.0
1010.0,4250.0
1011.0,4231.0
1012.0,4089.0
1013.0,4109.0
1014.0,4170.0
1015.0,4077.0
1016.0,4079.0
1017.0,4102.0
1018.0,4074.0
1019.0,3964.0
1020.0,4001.0
1021.0,3997.0
1022.0,3993.0
1023.0,3940.0
