0.0,231.0
1.0,373.0
2.0,367.0
3.0,385.0
4.0,365.0
5.0,377.0
6.0,395.0
7.0,385.0
8.0,408.0
9.0,397.0
10.0,414.0
11.0,429.0
12.0,449.0
13.0,424.0
14.0,468.0
15.0,458.0
16.0,446.0
17.0,464.0
18.0,470.0
19.0,503.0
20.0,508.0
21.0,491.0
22.0,522.0
23.0,533.0
24.0,550.0
25.0,533.0
26.0,550.0
27.0,553.0
28.0,561.0
29.0,566.0
30.0,563.0
31.0,595.0
32.0,603.0
33.0,618.0
34.0,622.0
35.0,623.0
36.0,640.0
37.0,620.0
38.0,642.0
39.0,663.0
40.0,629.0
41.0,682.0
42.0,691.0
43.0,699.0
44.0,704.0
45.0,719.0
46.0,732.0
47.0,727.0
48.0,743.0
49.0,734.0
50.0,747.0
51.0,748.0
52.0,761.0
53.0,773.0
54.0,780.0
55.0,781.0
56.0,798.0
57.0,773.0
58.0,801.0
59.0,813.0
60.0,832.0
61.0,840.0
62.0,849.0
63.0,827.0
64.0,852.0
65.0,879.0
66.0,874.0
67.0,870.0
68.0,893.0
69.0,876.0
70.0,886.0
71.0,930.0
72.0,902.0
73.0,931.0
74.0,956.0
75.0,934.0
76.0,980.0
77.0,945.0
78.0,971.0
79.0,975.0
80.0,996.0
81.0,1003.0
82.0,1009.0
83.0,1003.0
84.0,1053.0
85.0,1071.0
86.0,1038.0
87.0,1062.0
88.0,1054.0
89.0,1094.0
90.0,1068.0
91.0,1081.0
92.0,1103.0
93.0,1131.0
94.0,1130.0
95.0,1132.0
96.0,1128.0
97.0,1139.0
98.0,1184.0
99.0,1134.0
100.0,1157.0
101.0,1190.0
102.0,1183.0
103.0,1193.0
104.0,1282.0
105.0,1247.0
106.0,1215.0
107.0,1281.0
108.0,1246.0
109.0,1259.0
110.0,1251.0
111.0,1313.0
112.0,1315.0
113.0,1300.0
114.0,1319.0
115.0,1298.0
116.0,1347.0
117.0,1333.0
118.0,1370.0
119.0,1382.0
120.0,1372.0
121.0,1349.0
122.0,1414.0
123.0,1402.0
124.0,1406.0
125.0,1364.0
126.0,1439.0
127.0,1427.0
128.0,1461.0
129.0,1472.0
130.0,1515.0
131.0,1469.0
132.0,1502.0
133.0,1495.0
134.0,1541.0
135.0,1546.0
136.0,1572.0
137.0,1512.0
138.0,1540.0
139.0,1598.0
140.0,1586.0
141.0,1582.0
142.0,1625.0
143.0,1595.0
144.0,1619.0
145.0,1592.0
146.0,1674.0
147.0,1682.0
148.0,1670.0
149.0,1681.0
150.0,1626.0
151.0,1660.0
152.0,1671.0
153.0,1738.0
154.0,1702.0
155.0,1757.0
156.0,1744.0
157.0,1784.0
158.0,1799.0
159.0,1830.0
160.0,1851.0
161.0,1820.0
162.0,1851.0
163.0,1836.0
164.0,1859.0
165.0,1924.0
166.0,1893.0
167.0,1907.0
168.0,1896.0
169.0,1882.0
170.0,1894.0
171.0,1922.0
172.0,1997.0
173.0,1980.0
174.0,2025.0
175.0,1957.0
176.0,2023.0
177.0,2037.0
178.0,2030.0
179.0,2094.0
180.0,2054.0
181.0,2067.0
182.0,2075.0
183.0,2101.0
184.0,2142.0
185.0,2124.0
186.0,2167.0
187.0,2088.0
188.0,2098.0
189.0,2196.0
190.0,2175.0
191.0,2206.0
192.0,2240.0
193.0,2229.0
194.0,2236.0
195.0,2262.0
196.0,2265.0
197.0,2302.0
198.0,2326.0
199.0,2297.0
200.0,2324.0
201.0,2315.0
202.0,2349.0
203.0,2326.0
204.0,2390.0
205.0,2405.0
206.0,2354.0
207.0,2385.0
208.0,2451.0
209.0,2432.0
210.0,2496.0
211.0,2475.0
212.0,2471.0
213.0,2507.0
214.0,2486.0
215.0,2566.0
216.0,2545.0
217.0,2587.0
218.0,2586.0
219.0,2539.0
220.0,2571.0
221.0,2593.0
222.0,2647.0
223.0,2633.0
224.0,2655.0
225.0,2620.0
226.0,2657.0
227.0,2657.0
228.0,2742.0
229.0,2730.0
230.0,2738.0
231.0,2725.0
232.0,2741.0
233.0,2703.0
234.0,2830.0
235.0,2835.0
236.0,2841.0
237.0,2787.0
238.0,2881.0
239.0,2879.0
240.0,2871.0
241.0,2887.0
242.0,2903.0
243.0,2883.0
244.0,2907.0
245.0,3005.0
246.0,2960.0
247.0,2984.0
248.0,3047.0
249.0,3000.0
250.0,2952.0
251.0,3048.0
252.0,3036.0
253.0,3092.0
254.0,3065.0
255.0,3084.0
256.0,3117.0
257.0,3115.0
258.0,3187.0
259.0,3167.0
260.0,3224.0
261.0,3190.0
262.0,3173.0
263.0,3214.0
264.0,3293.0
265.0,3332.0
266.0,3285.0
267.0,3300.0
268.0,3278.0
269.0,3260.0
270.0,3356.0
271.0,3400.0
272.0,3336.0
273.0,3385.0
274.0,3330.0
275.0,3347.0
276.0,3426.0
277.0,3389.0
278.0,3486.0
279.0,3444.0
280.0,3420.0
281.0,3461.0
282.0,3465.0
283.0,3542.0
284.0,3531.0
285.0,3559.0
286.0,3502.0
287.0,3520.0
288.0,3633.0
289.0,3659.0
290.0,3689.0
291.0,3651.0
292.0,3603.0
293.0,3645.0
294.0,3678.0
295.0,3711.0
296.0,3760.0
297.0,3768.0
298.0,3733.0
299.0,3768.0
300.0,3747.0
301.0,3783.0
302.0,3871.0
303.0,3771.0
304.0,3843.0
305.0,3775.0
306.0,3854.0
307.0,3881.0
308.0,3904.0
309.0,3916.0
310.0,3872.0
311.0,3964.0
312.0,3912.0
313.0,3923.0
314.0,4060.0
315.0,3969.0
316.0,4006.0
317.0,3927.0
318.0,3968.0
319.0,4099.0
320.0,4033.0
321.0,4096.0
322.0,4142.0
323.0,4008.0
324.0,4114.0
325.0,4177.0
326.0,4208.0
327.0,4185.0
328.0,4106.0
329.0,4223.0
330.0,4221.0
331.0,4312.0
332.0,4247.0
333.0,4313.0
334.0,4204.0
335.0,4241.0
336.0,4318.0
337.0,4292.0
338.0,4366.0
339.0,4389.0
340.0,4280.0
341.0,4260.0
342.0,4342.0
343.0,4343.0
344.0,4474.0
345.0,4388.0
346.0,4457.0
347.0,4440.0
348.0,4456.0
349.0,4462.0
350.0,4516.0
351.0,4521.0
352.0,4495.0
353.0,4444.0
354.0,4524.0
355.0,4591.0
356.0,4607.0
357.0,4570.0
358.0,4591.0
359.0,4603.0
360.0,4563.0
361.0,4661.0
362.0,4557.0
363.0,4719.0
364.0,4676.0
365.0,4640.0
366.0,4674.0
367.0,4667.0
368.0,4741.0
369.0,4832.0
370.0,4753.0
371.0,4748.0
372.0,4710.0
373.0,4789.0
374.0,4745.0
375.0,4794.0
376.0,4797.0
377.0,4815.0
378.0,4820.0
379.0,4816.0
380.0,4926.0
381.0,4877.0
382.0,4836.0
383.0,4914.0
384.0,4833.0
385.0,4984.0
386.0,4890.0
387.0,4979.0
388.0,4926.0
389.0,4956.0
390.0,4951.0
391.0,4972.0
392.0,5069.0
393.0,5057.0
394.0,5079.0
395.0,5026.0
396.0,5000.0
397.0,5058.0
398.0,5084.0
399.0,5128.0
400.0,5083.0
401.0,5144.0
402.0,5104.0
403.0,5113.0
404.0,5233.0
405.0,5259.0
406.0,5146.0
407.0,5138.0
408.0,5106.0
409.0,5224.0
410.0,5298.0
411.0,5234.0
412.0,5284.0
413.0,5265.0
414.0,5219.0
415.0,5283.0
416.0,5369.0
417.0,5363.0
418.0,5361.0
419.0,5277.0
420.0,5339.0
421.0,5380.0
422.0,5387.0
423.0,5451.0
424.0,5473.0
425.0,5360.0
426.0,5442.0
427.0,5401.0
428.0,5448.0
429.0,5501.0
430.0,5540.0
431.0,5439.0
432.0,5471.0
433.0,5423.0
434.0,5465.0
435.0,5552.0
436.0,5527.0
437.0,5600.0
438.0,5465.0
439.0,5542.0
440.0,5587.0
441.0,5612.0
442.0,5527.0
443.0,5558.0
444.0,5561.0
445.0,5543.0
446.0,5700.0
447.0,5618.0
448.0,5635.0
449.0,5646.0
450.0,5594.0
451.0,5661.0
452.0,5718.0
453.0,5737.0
454.0,5689.0
455.0,5658.0
456.0,5722.0
457.0,5688.0
458.0,5751.0
459.0,5744.0
460.0,5764.0
461.0,5746.0
462.0,5707.0
463.0,5837.0
464.0,5768.0
465.0,5840.0
466.0,5777.0
467.0,5765.0
468.0,5793.0
469.0,5839.0
470.0,5820.0
471.0,5874.0
472.0,5924.0
473.0,5828.0
474.0,5802.0
475.0,5870.0
476.0,5826.0
477.0,5914.0
478.0,5985.0
479.0,5798.0
480.0,5856.0
481.0,5846.0
482.0,5943.0
483.0,5984.0
484.0,5964.0
485.0,5877.0
486.0,5959.0
487.0,5916.0
488.0,6067.0
489.0,6009.0
490.0,5963.0
491.0,6013.0
492.0,5993.0
493.0,6023.0
494.0,6082.0
495.0,6133.0
496.0,6037.0
497.0,6036.0
498.0,6011.0
499.0,6013.0
500.0,6020.0
501.0,6078.0
502.0,6127.0
503.0,6019.0
504.0,6111.0
505.0,6061.0
506.0,6062.0
507.0,6197.0
508.0,6151.0
509.0,6204.0
510.0,6017.0
511.0,6134.0
512.0,6132.0
513.0,6155.0
514.0,6222.0
515.0,6106.0
516.0,6073.0
517.0,6202.0
518.0,6230.0
519.0,6198.0
520.0,6097.0
521.0,6136.0
522.0,6189.0
523.0,6179.0
524.0,6231.0
525.0,6234.0
526.0,6210.0
527.0,6121.0
528.0,6141.0
529.0,6270.0
530.0,6238.0
531.0,6255.0
532.0,6185.0
533.0,6289.0
534.0,6212.0
535.0,6266.0
536.0,6323.0
537.0,6372.0
538.0,6220.0
539.0,6134.0
540.0,6224.0
541.0,6362.0
542.0,6305.0
543.0,6412.0
544.0,6324.0
545.0,6243.0
546.0,6229.0
547.0,6364.0
548.0,6379.0
549.0,6272.0
550.0,6329.0
551.0,6269.0
552.0,6284.0
553.0,6362.0
554.0,6401.0
555.0,6323.0
556.0,6320.0
557.0,6349.0
558.0,6247.0
559.0,6366.0
560.0,6349.0
561.0,6412.0
562.0,6290.0
563.0,6407.0
564.0,6357.0
565.0,6450.0
566.0,6401.0
567.0,6401.0
568.0,6355.0
569.0,6311.0
570.0,6313.0
571.0,6454.0
572.0,6420.0
573.0,6388.0
574.0,6422.0
575.0,6279.0
576.0,6372.0
577.0,6438.0
578.0,6405.0
579.0,6500.0
580.0,6305.0
581.0,6295.0
582.0,6425.0
583.0,6493.0
584.0,6446.0
585.0,6389.0
586.0,6320.0
587.0,6392.0
588.0,6416.0
589.0,6469.0
590.0,6409.0
591.0,6403.0
592.0,6377.0
593.0,6343.0
594.0,6415.0
595.0,6409.0
596.0,6494.0
597.0,6420.0
598.0,6401.0
599.0,6373.0
600.0,6349.0
601.0,6386.0
602.0,6588.0
603.0,6382.0
604.0,6382.0
605.0,6440.0
606.0,6453.0
607.0,6455.0
608.0,6425.0
609.0,6442.0
610.0,6409.0
611.0,6380.0
612.0,6463.0
613.0,6444.0
614.0,6422.0
615.0,6373.0
616.0,6499.0
617.0,6339.0
618.0,6429.0
619.0,6437.0
620.0,6408.0
621.0,6377.0
622.0,6395.0
623.0,6426.0
624.0,6405.0
625.0,6443.0
626.0,6339.0
627.0,6376.0
628.0,6365.0
629.0,6396.0
630.0,6470.0
631.0,6527.0
632.0,6435.0
633.0,6297.0
634.0,6456.0
635.0,6439.0
636.0,6436.0
637.0,6412.0
638.0,6382.0
639.0,6455.0
640.0,6401.0
641.0,6436.0
642.0,6490.0
643.0,6415.0
644.0,6372.0
645.0,6416.0
646.0,6403.0
647.0,6396.0
648.0,6431.0
649.0,6389.0
650.0,6394.0
651.0,6381.0
652.0,6441.0
653.0,6364.0
654.0,6437.0
655.0,6459.0
656.0,6292.0
657.0,6399.0
658.0,6348.0
659.0,6502.0
660.0,6342.0
661.0,6319.0
662.0,6390.0
663.0,6242.0
664.0,6415.0
665.0,6361.0
666.0,6341.0
667.0,6351.0
668.0,6312.0
669.0,6236.0
670.0,6322.0
671.0,6409.0
672.0,6424.0
673.0,6247.0
674.0,6273.0
675.0,6276.0
676.0,6319.0
677.0,6342.0
678.0,6378.0
679.0,6265.0
680.0,6218.0
681.0,6310.0
682.0,6294.0
683.0,6352.0
684.0,6298.0
685.0,6278.0
686.0,6236.0
687.0,6296.0
688.0,6316.0
689.0,6294.0
690.0,6217.0
691.0,6235.0
692.0,6238.0
693.0,6163.0
694.0,6198.0
695.0,6289.0
696.0,6224.0
697.0,6128.0
698.0,6230.0
699.0,6170.0
700.0,6216.0
701.0,6255.0
702.0,6215.0
703.0,6074.0
704.0,6127.0
705.0,6216.0
706.0,6212.0
707.0,6120.0
708.0,6091.0
709.0,6189.0
710.0,6178.0
711.0,6111.0
712.0,6146.0
713.0,6079.0
714.0,6081.0
715.0,6170.0
716.0,6130.0
717.0,6159.0
718.0,6060.0
719.0,6036.0
720.0,6055.0
721.0,5952.0
722.0,6089.0
723.0,6171.0
724.0,6130.0
725.0,5932.0
726.0,6014.0
727.0,6034.0
728.0,6057.0
729.0,5967.0
730.0,5950.0
731.0,5950.0
732.0,5892.0
733.0,5915.0
734.0,6007.0
735.0,5971.0
736.0,6006.0
737.0,6047.0
738.0,5828.0
739.0,5967.0
740.0,5970.0
741.0,5966.0
742.0,5901.0
743.0,5876.0
744.0,5862.0
745.0,5991.0
746.0,5971.0
747.0,5950.0
748.0,5808.0
749.0,5906.0
750.0,5879.0
751.0,5879.0
752.0,5882.0
753.0,5876.0
754.0,5663.0
755.0,5858.0
756.0,5734.0
757.0,5877.0
758.0,5753.0
759.0,5766.0
760.0,5709.0
761.0,5818.0
762.0,5711.0
763.0,5719.0
764.0,5794.0
765.0,5765.0
766.0,5677.0
767.0,5596.0
768.0,5700.0
769.0,5723.0
770.0,5639.0
771.0,5595.0
772.0,5635.0
773.0,5631.0
774.0,5693.0
775.0,5682.0
776.0,5571.0
777.0,5571.0
778.0,5580.0
779.0,5622.0
780.0,5586.0
781.0,5593.0
782.0,5600.0
783.0,5487.0
784.0,5459.0
785.0,5517.0
786.0,5581.0
787.0,5498.0
788.0,5457.0
789.0,5386.0
790.0,5487.0
791.0,5516.0
792.0,5439.0
793.0,5409.0
794.0,5365.0
795.0,5406.0
796.0,5329.0
797.0,5410.0
798.0,5373.0
799.0,5298.0
800.0,5288.0
801.0,5286.0
802.0,5328.0
803.0,5349.0
804.0,5378.0
805.0,5245.0
806.0,5214.0
807.0,5286.0
808.0,5133.0
809.0,5246.0
810.0,5218.0
811.0,5260.0
812.0,5126.0
813.0,5232.0
814.0,5152.0
815.0,5261.0
816.0,5133.0
817.0,5163.0
818.0,5153.0
819.0,5118.0
820.0,5210.0
821.0,5074.0
822.0,5068.0
823.0,5003.0
824.0,5017.0
825.0,5110.0
826.0,4992.0
827.0,5003.0
828.0,5027.0
829.0,4947.0
830.0,4886.0
831.0,5019.0
832.0,4995.0
833.0,4918.0
834.0,4914.0
835.0,4890.0
836.0,4861.0
837.0,4937.0
838.0,4873.0
839.0,4959.0
840.0,4783.0
841.0,4859.0
842.0,4871.0
843.0,4825.0
844.0,4843.0
845.0,4763.0
846.0,4730.0
847.0,4748.0
848.0,4784.0
849.0,4797.0
850.0,4702.0
851.0,4708.0
852.0,4712.0
853.0,4651.0
854.0,4650.0
855.0,4704.0
856.0,4621.0
857.0,4545.0
858.0,4597.0
859.0,4613.0
860.0,4588.0
861.0,4609.0
862.0,4622.0
863.0,4440.0
864.0,4459.0
865.0,4569.0
866.0,4534.0
867.0,4538.0
868.0,4513.0
869.0,4431.0
870.0,4482.0
871.0,4499.0
872.0,4495.0
873.0,4411.0
874.0,4298.0
875.0,4413.0
876.0,4379.0
877.0,4326.0
878.0,4322.0
879.0,4257.0
880.0,4305.0
881.0,4281.0
882.0,4311.0
883.0,4246.0
884.0,4334.0
885.0,4241.0
886.0,4212.0
887.0,4169.0
888.0,4156.0
889.0,4115.0
890.0,4219.0
891.0,4097.0
892.0,4051.0
893.0,4074.0
894.0,4078.0
895.0,4055.0
896.0,4073.0
897.0,4043.0
898.0,4032.0
899.0,4053.0
900.0,4033.0
901.0,4005.0
902.0,3990.0
903.0,3992.0
904.0,3957.0
905.0,3919.0
906.0,3992.0
907.0,3862.0
908.0,3900.0
909.0,3822.0
910.0,3830.0
911.0,3921.0
912.0,3873.0
913.0,3841.0
914.0,3794.0
915.0,3770.0
916.0,3794.0
917.0,3783.0
918.0,3734.0
919.0,3780.0
920.0,3760.0
921.0,3751.0
922.0,3655.0
923.0,3680.0
924.0,3695.0
925.0,3644.0
926.0,3664.0
927.0,3666.0
928.0,3677.0
929.0,3594.0
930.0,3565.0
931.0,3525.0
932.0,3562.0
933.0,3498.0
934.0,3521.0
935.0,3478.0
936.0,3415.0
937.0,3431.0
938.0,3482.0
939.0,3394.0
940.0,3436.0
941.0,3387.0
942.0,3307.0
943.0,3317.0
944.0,3370.0
945.0,3340.0
946.0,3346.0
947.0,3288.0
948.0,3279.0
949.0,3265.0
950.0,3225.0
951.0,3257.0
952.0,3226.0
953.0,3187.0
954.0,3160.0
955.0,3211.0
956.0,3203.0
957.0,3164.0
958.0,3153.0
959.0,3076.0
960.0,3160.0
961.0,3163.0
962.0,3065.0
963.0,3094.0
964.0,3048.0
965.0,3030.0
966.0,2982.0
967.0,3082.0
968.0,3039.0
969.0,3013.0
970.0,2940.0
971.0,2965.0
972.0,2992.0
973.0,2936.0
974.0,2948.0
975.0,2887.0
976.0,2868.0
977.0,2916.0
978.0,2861.0
979.0,2804.0
980.0,2809.0
981.0,2831.0
982.0,2805.0
983.0,2849.0
984.0,2775.0
985.0,2751.0
986.0,2744.0
987.0,2770.0
988.0,2738.0
989.0,2731.0
990.0,2692.0
991.0,2708.0
992.0,2679.0
993.0,2628.0
994.0,2670.0
995.0,2632.0
996.0,2682.0
997.0,2591.0
998.0,2589.0
999.0,2569.0
1000.0,2599.0
1001.0,2538.0
1002.0,2541.0
1003.0,2490.0
1004.0,2514.0
1005.0,2539.0
1006.0,2503.0
1007.0,2478.0
1008.0,2455.0
1009.0,2450.0
1010.0,2448.0
1011.0,2413.0
1012.0,2443.0
1013.0,2394.0
1014.0,2373.0
1015.0,2357.0
1016.0,2381.0
1017.0,2335.0
1018.0,2336.0
1019.0,2315.0
1020.0,2281.0
1021.0,2288.0
1022.0,2285.0
1023.0,2273.0
