0.0,1389.0
1.0,1861.0
2.0,1742.0
3.0,1798.0
4.0,1840.0
5.0,1781.0
6.0,1847.0
7.0,1796.0
8.0,1863.0
9.0,1911.0
10.0,1964.0
11.0,1932.0
12.0,1927.0
13.0,1986.0
14.0,1960.0
15.0,1972.0
16.0,2056.0
17.0,2080.0
18.0,2117.0
19.0,2125.0
20.0,2164.0
21.0,2160.0
22.0,2207.0
23.0,2200.0
24.0,2266.0
25.0,2255.0
26.0,2286.0
27.0,2327.0
28.0,2349.0
29.0,2391.0
30.0,2389.0
31.0,2437.0
32.0,2465.0
33.0,2464.0
34.0,2543.0
35.0,2542.0
36.0,2552.0
37.0,2591.0
38.0,2608.0
39.0,2648.0
40.0,2677.0
41.0,2684.0
42.0,2739.0
43.0,2780.0
44.0,2827.0
45.0,2772.0
46.0,2799.0
47.0,2799.0
48.0,2881.0
49.0,2948.0
50.0,2984.0
51.0,2940.0
52.0,3029.0
53.0,3011.0
54.0,3056.0
55.0,3102.0
56.0,3124.0
57.0,3138.0
58.0,3152.0
59.0,3246.0
60.0,3241.0
61.0,3265.0
62.0,3302.0
63.0,3332.0
64.0,3280.0
65.0,3367.0
66.0,3436.0
67.0,3431.0
68.0,3530.0
69.0,3514.0
70.0,3532.0
71.0,3581.0
72.0,3656.0
73.0,3645.0
74.0,3674.0
75.0,3753.0
76.0,3771.0
77.0,3810.0
78.0,3786.0
79.0,3880.0
80.0,3920.0
81.0,3958.0
82.0,4025.0
83.0,4097.0
84.0,4041.0
85.0,4072.0
86.0,4159.0
87.0,4117.0
88.0,4158.0
89.0,4286.0
90.0,4217.0
91.0,4300.0
92.0,4354.0
93.0,4354.0
94.0,4332.0
95.0,4406.0
96.0,4427.0
97.0,4514.0
98.0,4547.0
99.0,4556.0
100.0,4555.0
101.0,4563.0
102.0,4668.0
103.0,4733.0
104.0,4833.0
105.0,4839.0
106.0,4921.0
107.0,4887.0
108.0,4938.0
109.0,4951.0
110.0,4991.0
111.0,4944.0
112.0,5121.0
113.0,5176.0
114.0,5195.0
115.0,5205.0
116.0,5175.0
117.0,5252.0
118.0,5337.0
119.0,5285.0
120.0,5394.0
121.0,5479.0
122.0,5483.0
123.0,5564.0
124.0,5513.0
125.0,5612.0
126.0,5571.0
127.0,5681.0
128.0,5761.0
129.0,5775.0
130.0,5863.0
131.0,5838.0
132.0,5813.0
133.0,5929.0
134.0,5969.0
135.0,5992.0
136.0,6066.0
137.0,6089.0
138.0,6124.0
139.0,6189.0
140.0,6143.0
141.0,6254.0
142.0,6343.0
143.0,6335.0
144.0,6485.0
145.0,6402.0
146.0,6504.0
147.0,6503.0
148.0,6559.0
149.0,6653.0
150.0,6666.0
151.0,6686.0
152.0,6754.0
153.0,6791.0
154.0,6792.0
155.0,6877.0
156.0,6872.0
157.0,6888.0
158.0,7004.0
159.0,7092.0
160.0,7150.0
161.0,7149.0
162.0,7211.0
163.0,7293.0
164.0,7244.0
165.0,7383.0
166.0,7361.0
167.0,7518.0
168.0,7520.0
169.0,7600.0
170.0,7521.0
171.0,7544.0
172.0,7602.0
173.0,7637.0
174.0,7771.0
175.0,7860.0
176.0,7861.0
177.0,7960.0
178.0,7889.0
179.0,7942.0
180.0,8079.0
181.0,8040.0
182.0,8186.0
183.0,8225.0
184.0,8329.0
185.0,8325.0
186.0,8319.0
187.0,8242.0
188.0,8416.0
189.0,8475.0
190.0,8535.0
191.0,8625.0
192.0,8614.0
193.0,8725.0
194.0,8657.0
195.0,8727.0
196.0,8740.0
197.0,8874.0
198.0,8930.0
199.0,8932.0
200.0,9104.0
201.0,8971.0
202.0,9142.0
203.0,9037.0
204.0,9141.0
205.0,9263.0
206.0,9379.0
207.0,9352.0
208.0,9325.0
209.0,9473.0
210.0,9373.0
211.0,9554.0
212.0,9645.0
213.0,9723.0
214.0,9781.0
215.0,9786.0
216.0,9797.0
217.0,9736.0
218.0,10024.0
219.0,9916.0
220.0,9962.0
221.0,10115.0
222.0,10207.0
223.0,10176.0
224.0,10196.0
225.0,10052.0
226.0,10389.0
227.0,10400.0
228.0,10463.0
229.0,10418.0
230.0,10566.0
231.0,10571.0
232.0,10582.0
233.0,10678.0
234.0,10736.0
235.0,10723.0
236.0,10886.0
237.0,10918.0
238.0,10903.0
239.0,11003.0
240.0,10858.0
241.0,11003.0
242.0,11119.0
243.0,11145.0
244.0,11323.0
245.0,11286.0
246.0,11356.0
247.0,11377.0
248.0,11259.0
249.0,11410.0
250.0,11612.0
251.0,11612.0
252.0,11741.0
253.0,11675.0
254.0,11700.0
255.0,11617.0
256.0,11814.0
257.0,11837.0
258.0,11871.0
259.0,11907.0
260.0,11988.0
261.0,12082.0
262.0,11974.0
263.0,12006.0
264.0,12103.0
265.0,12082.0
266.0,12266.0
267.0,12309.0
268.0,12386.0
269.0,12322.0
270.0,12393.0
271.0,12324.0
272.0,12383.0
273.0,12547.0
274.0,12403.0
275.0,12592.0
276.0,12738.0
277.0,12593.0
278.0,12601.0
279.0,12682.0
280.0,12816.0
281.0,12857.0
282.0,12896.0
283.0,12867.0
284.0,12922.0
285.0,12835.0
286.0,12977.0
287.0,12870.0
288.0,12998.0
289.0,13232.0
290.0,13256.0
291.0,13255.0
292.0,13184.0
293.0,13244.0
294.0,13304.0
295.0,13295.0
296.0,13435.0
297.0,13602.0
298.0,13503.0
299.0,13600.0
300.0,13588.0
301.0,13578.0
302.0,13664.0
303.0,13698.0
304.0,13823.0
305.0,13716.0
306.0,13833.0
307.0,14068.0
308.0,13645.0
309.0,13916.0
310.0,13950.0
311.0,13966.0
312.0,14138.0
313.0,14115.0
314.0,14111.0
315.0,14033.0
316.0,14176.0
317.0,14176.0
318.0,14238.0
319.0,14437.0
320.0,14376.0
321.0,14605.0
322.0,14430.0
323.0,14405.0
324.0,14484.0
325.0,14682.0
326.0,14532.0
327.0,14646.0
328.0,14851.0
329.0,14622.0
330.0,14853.0
331.0,14827.0
332.0,14777.0
333.0,14877.0
334.0,14863.0
335.0,14957.0
336.0,15141.0
337.0,15021.0
338.0,15054.0
339.0,15070.0
340.0,15101.0
341.0,14996.0
342.0,15083.0
343.0,15406.0
344.0,15286.0
345.0,15336.0
346.0,15221.0
347.0,15186.0
348.0,15487.0
349.0,15535.0
350.0,15479.0
351.0,15638.0
352.0,15675.0
353.0,15432.0
354.0,15464.0
355.0,15721.0
356.0,15725.0
357.0,15842.0
358.0,15885.0
359.0,15820.0
360.0,15711.0
361.0,15810.0
362.0,15753.0
363.0,15950.0
364.0,15982.0
365.0,15914.0
366.0,16176.0
367.0,16130.0
368.0,15943.0
369.0,16175.0
370.0,16126.0
371.0,16097.0
372.0,16225.0
373.0,16376.0
374.0,16326.0
375.0,16376.0
376.0,16367.0
377.0,16246.0
378.0,16452.0
379.0,16427.0
380.0,16715.0
381.0,16602.0
382.0,16452.0
383.0,16650.0
384.0,16533.0
385.0,16716.0
386.0,16607.0
387.0,16898.0
388.0,16727.0
389.0,16935.0
390.0,16787.0
391.0,16767.0
392.0,16903.0
393.0,16815.0
394.0,17149.0
395.0,16949.0
396.0,17006.0
397.0,17230.0
398.0,17024.0
399.0,16977.0
400.0,17143.0
401.0,17245.0
402.0,17274.0
403.0,17287.0
404.0,17258.0
405.0,17351.0
406.0,17227.0
407.0,17235.0
408.0,17320.0
409.0,17499.0
410.0,17408.0
411.0,17546.0
412.0,17476.0
413.0,17557.0
414.0,17545.0
415.0,17601.0
416.0,17651.0
417.0,17761.0
418.0,17810.0
419.0,17887.0
420.0,17720.0
421.0,17712.0
422.0,17553.0
423.0,17841.0
424.0,18006.0
425.0,17946.0
426.0,17961.0
427.0,17818.0
428.0,17922.0
429.0,17922.0
430.0,17913.0
431.0,17941.0
432.0,18282.0
433.0,18269.0
434.0,18090.0
435.0,18066.0
436.0,18126.0
437.0,18262.0
438.0,18126.0
439.0,18112.0
440.0,18517.0
441.0,18394.0
442.0,18464.0
443.0,18291.0
444.0,18299.0
445.0,18339.0
446.0,18389.0
447.0,18755.0
448.0,18713.0
449.0,18433.0
450.0,18427.0
451.0,18534.0
452.0,18533.0
453.0,18618.0
454.0,18803.0
455.0,18837.0
456.0,18760.0
457.0,18737.0
458.0,18741.0
459.0,18689.0
460.0,18912.0
461.0,18843.0
462.0,19029.0
463.0,18967.0
464.0,18947.0
465.0,18860.0
466.0,18867.0
467.0,18930.0
468.0,19058.0
469.0,19180.0
470.0,19253.0
471.0,19107.0
472.0,19092.0
473.0,19060.0
474.0,19180.0
475.0,19264.0
476.0,19043.0
477.0,19446.0
478.0,19326.0
479.0,19135.0
480.0,19287.0
481.0,19221.0
482.0,19175.0
483.0,19337.0
484.0,19256.0
485.0,19599.0
486.0,19419.0
487.0,19544.0
488.0,19472.0
489.0,19272.0
490.0,19440.0
491.0,19685.0
492.0,19707.0
493.0,19674.0
494.0,19487.0
495.0,19645.0
496.0,19403.0
497.0,19485.0
498.0,19936.0
499.0,19609.0
500.0,19853.0
501.0,19722.0
502.0,19664.0
503.0,19769.0
504.0,19822.0
505.0,19764.0
506.0,19769.0
507.0,19888.0
508.0,19897.0
509.0,19882.0
510.0,19831.0
511.0,19789.0
512.0,19971.0
513.0,19905.0
514.0,20081.0
515.0,20171.0
516.0,19885.0
517.0,19947.0
518.0,20134.0
519.0,20024.0
520.0,20039.0
521.0,20201.0
522.0,20190.0
523.0,19988.0
524.0,20109.0
525.0,20034.0
526.0,20122.0
527.0,20277.0
528.0,20247.0
529.0,20212.0
530.0,20370.0
531.0,20070.0
532.0,20157.0
533.0,20199.0
534.0,20126.0
535.0,20433.0
536.0,20386.0
537.0,20430.0
538.0,20228.0
539.0,20217.0
540.0,20224.0
541.0,20378.0
542.0,20278.0
543.0,20489.0
544.0,20495.0
545.0,20395.0
546.0,20348.0
547.0,20358.0
548.0,20159.0
549.0,20540.0
550.0,20577.0
551.0,20531.0
552.0,20495.0
553.0,20529.0
554.0,20574.0
555.0,20474.0
556.0,20578.0
557.0,20572.0
558.0,20589.0
559.0,20605.0
560.0,20519.0
561.0,20416.0
562.0,20590.0
563.0,20475.0
564.0,20665.0
565.0,20844.0
566.0,20762.0
567.0,20709.0
568.0,20689.0
569.0,20800.0
570.0,20675.0
571.0,20647.0
572.0,20825.0
573.0,20838.0
574.0,20747.0
575.0,20751.0
576.0,20762.0
577.0,20856.0
578.0,20678.0
579.0,20915.0
580.0,21117.0
581.0,20994.0
582.0,20627.0
583.0,20782.0
584.0,20776.0
585.0,20811.0
586.0,20878.0
587.0,20862.0
588.0,20917.0
589.0,21027.0
590.0,20773.0
591.0,20853.0
592.0,20870.0
593.0,20956.0
594.0,20883.0
595.0,20971.0
596.0,20981.0
597.0,20956.0
598.0,21044.0
599.0,20853.0
600.0,20970.0
601.0,21083.0
602.0,21026.0
603.0,20989.0
604.0,20971.0
605.0,20878.0
606.0,20885.0
607.0,20781.0
608.0,21046.0
609.0,21181.0
610.0,21117.0
611.0,20902.0
612.0,21174.0
613.0,20951.0
614.0,20920.0
615.0,21073.0
616.0,20985.0
617.0,21166.0
618.0,21202.0
619.0,20811.0
620.0,21091.0
621.0,21044.0
622.0,20956.0
623.0,21199.0
624.0,21256.0
625.0,20815.0
626.0,21127.0
627.0,21038.0
628.0,20949.0
629.0,21178.0
630.0,21053.0
631.0,21195.0
632.0,21178.0
633.0,21056.0
634.0,21039.0
635.0,20914.0
636.0,21175.0
637.0,21003.0
638.0,21287.0
639.0,21088.0
640.0,21083.0
641.0,20895.0
642.0,20977.0
643.0,21089.0
644.0,21144.0
645.0,21120.0
646.0,20954.0
647.0,21080.0
648.0,21096.0
649.0,20832.0
650.0,21044.0
651.0,21099.0
652.0,21130.0
653.0,21088.0
654.0,21242.0
655.0,21037.0
656.0,20769.0
657.0,20843.0
658.0,20973.0
659.0,21085.0
660.0,21082.0
661.0,21060.0
662.0,21071.0
663.0,20955.0
664.0,21005.0
665.0,20936.0
666.0,21062.0
667.0,21055.0
668.0,21101.0
669.0,20970.0
670.0,20927.0
671.0,20764.0
672.0,20948.0
673.0,21284.0
674.0,20886.0
675.0,21088.0
676.0,20987.0
677.0,20772.0
678.0,21008.0
679.0,20764.0
680.0,20814.0
681.0,20977.0
682.0,21217.0
683.0,21107.0
684.0,20820.0
685.0,20841.0
686.0,20874.0
687.0,21039.0
688.0,21072.0
689.0,21012.0
690.0,20959.0
691.0,20787.0
692.0,20785.0
693.0,20663.0
694.0,20751.0
695.0,20889.0
696.0,20803.0
697.0,20881.0
698.0,20938.0
699.0,20669.0
700.0,20645.0
701.0,20812.0
702.0,20736.0
703.0,20812.0
704.0,20847.0
705.0,20698.0
706.0,20452.0
707.0,20612.0
708.0,20608.0
709.0,20630.0
710.0,20711.0
711.0,20807.0
712.0,20606.0
713.0,20510.0
714.0,20656.0
715.0,20245.0
716.0,20750.0
717.0,20654.0
718.0,20661.0
719.0,20705.0
720.0,20385.0
721.0,20539.0
722.0,20439.0
723.0,20472.0
724.0,20557.0
725.0,20479.0
726.0,20445.0
727.0,20431.0
728.0,20300.0
729.0,20266.0
730.0,20442.0
731.0,20411.0
732.0,20445.0
733.0,20306.0
734.0,20381.0
735.0,20249.0
736.0,20151.0
737.0,20125.0
738.0,20590.0
739.0,20415.0
740.0,20262.0
741.0,20179.0
742.0,20035.0
743.0,20242.0
744.0,20097.0
745.0,20287.0
746.0,20132.0
747.0,20144.0
748.0,20129.0
749.0,20030.0
750.0,20101.0
751.0,20153.0
752.0,20220.0
753.0,20012.0
754.0,20220.0
755.0,20007.0
756.0,20076.0
757.0,19836.0
758.0,20019.0
759.0,19809.0
760.0,19944.0
761.0,19948.0
762.0,20025.0
763.0,19683.0
764.0,19772.0
765.0,19711.0
766.0,19819.0
767.0,20024.0
768.0,19834.0
769.0,19654.0
770.0,19572.0
771.0,19604.0
772.0,19563.0
773.0,19726.0
774.0,19573.0
775.0,19678.0
776.0,19662.0
777.0,19556.0
778.0,19540.0
779.0,19451.0
780.0,19375.0
781.0,19579.0
782.0,19529.0
783.0,19491.0
784.0,19471.0
785.0,19337.0
786.0,19381.0
787.0,19519.0
788.0,19389.0
789.0,19255.0
790.0,19517.0
791.0,18948.0
792.0,19015.0
793.0,19170.0
794.0,19368.0
795.0,19199.0
796.0,19275.0
797.0,19247.0
798.0,19091.0
799.0,19120.0
800.0,18946.0
801.0,19068.0
802.0,18928.0
803.0,19237.0
804.0,19003.0
805.0,18950.0
806.0,18777.0
807.0,18806.0
808.0,18908.0
809.0,19114.0
810.0,19060.0
811.0,18823.0
812.0,18709.0
813.0,18679.0
814.0,18751.0
815.0,18601.0
816.0,18790.0
817.0,18815.0
818.0,18608.0
819.0,18706.0
820.0,18531.0
821.0,18400.0
822.0,18466.0
823.0,18759.0
824.0,18760.0
825.0,18337.0
826.0,18608.0
827.0,18391.0
828.0,18229.0
829.0,18142.0
830.0,18394.0
831.0,18413.0
832.0,18374.0
833.0,18361.0
834.0,18000.0
835.0,18100.0
836.0,18197.0
837.0,18081.0
838.0,18244.0
839.0,18125.0
840.0,18085.0
841.0,18112.0
842.0,17801.0
843.0,17941.0
844.0,18038.0
845.0,17850.0
846.0,18030.0
847.0,17818.0
848.0,17894.0
849.0,17720.0
850.0,17584.0
851.0,17828.0
852.0,17715.0
853.0,17879.0
854.0,17686.0
855.0,17514.0
856.0,17498.0
857.0,17511.0
858.0,17619.0
859.0,17539.0
860.0,17464.0
861.0,17548.0
862.0,17343.0
863.0,17396.0
864.0,17434.0
865.0,17124.0
866.0,17569.0
867.0,17325.0
868.0,17189.0
869.0,17109.0
870.0,17085.0
871.0,16964.0
872.0,17272.0
873.0,17043.0
874.0,17210.0
875.0,16918.0
876.0,16848.0
877.0,16932.0
878.0,16870.0
879.0,16805.0
880.0,16994.0
881.0,16942.0
882.0,17026.0
883.0,16731.0
884.0,16664.0
885.0,16496.0
886.0,16925.0
887.0,16588.0
888.0,16666.0
889.0,16596.0
890.0,16464.0
891.0,16451.0
892.0,16293.0
893.0,16468.0
894.0,16520.0
895.0,16530.0
896.0,16352.0
897.0,16134.0
898.0,16162.0
899.0,16016.0
900.0,16320.0
901.0,16204.0
902.0,16079.0
903.0,16265.0
904.0,15929.0
905.0,16071.0
906.0,15922.0
907.0,15942.0
908.0,15948.0
909.0,15824.0
910.0,15883.0
911.0,15841.0
912.0,15597.0
913.0,15697.0
914.0,15863.0
915.0,15687.0
916.0,15630.0
917.0,15694.0
918.0,15541.0
919.0,15561.0
920.0,15380.0
921.0,15371.0
922.0,15420.0
923.0,15479.0
924.0,15365.0
925.0,15293.0
926.0,15131.0
927.0,15179.0
928.0,15175.0
929.0,15241.0
930.0,15449.0
931.0,15108.0
932.0,14961.0
933.0,15009.0
934.0,14908.0
935.0,14995.0
936.0,15100.0
937.0,15232.0
938.0,14832.0
939.0,14786.0
940.0,14716.0
941.0,14793.0
942.0,14674.0
943.0,14665.0
944.0,14796.0
945.0,14529.0
946.0,14519.0
947.0,14394.0
948.0,14266.0
949.0,14439.0
950.0,14483.0
951.0,14424.0
952.0,14401.0
953.0,14276.0
954.0,14151.0
955.0,14118.0
956.0,14340.0
957.0,14328.0
958.0,14132.0
959.0,14224.0
960.0,13929.0
961.0,14009.0
962.0,14013.0
963.0,13989.0
964.0,14030.0
965.0,13991.0
966.0,13789.0
967.0,13798.0
968.0,13797.0
969.0,13746.0
970.0,13751.0
971.0,13740.0
972.0,13647.0
973.0,13675.0
974.0,13423.0
975.0,13431.0
976.0,13520.0
977.0,13516.0
978.0,13516.0
979.0,13292.0
980.0,13334.0
981.0,13210.0
982.0,13191.0
983.0,13117.0
984.0,13204.0
985.0,13111.0
986.0,13082.0
987.0,13054.0
988.0,13012.0
989.0,12977.0
990.0,12786.0
991.0,12992.0
992.0,13004.0
993.0,12910.0
994.0,12702.0
995.0,12654.0
996.0,12564.0
997.0,12577.0
998.0,12709.0
999.0,12530.0
1000.0,12571.0
1001.0,12495.0
1002.0,12363.0
1003.0,12372.0
1004.0,12257.0
1005.0,12489.0
1006.0,12446.0
1007.0,12234.0
1008.0,12246.0
1009.0,12119.0
1010.0,12064.0
1011.0,12053.0
1012.0,12101.0
1013.0,12125.0
1014.0,12081.0
1015.0,11860.0
1016.0,11801.0
1017.0,11877.0
1018.0,11823.0
1019.0,11985.0
1020.0,11839.0
1021.0,11718.0
1022.0,11711.0
1023.0,11586.0
