0.0,87.0
1.0,100.0
2.0,109.0
3.0,118.0
4.0,103.0
5.0,97.0
6.0,101.0
7.0,117.0
8.0,107.0
9.0,109.0
10.0,103.0
11.0,107.0
12.0,125.0
13.0,133.0
14.0,119.0
15.0,134.0
16.0,107.0
17.0,117.0
18.0,113.0
19.0,118.0
20.0,125.0
21.0,140.0
22.0,125.0
23.0,116.0
24.0,135.0
25.0,134.0
26.0,134.0
27.0,120.0
28.0,148.0
29.0,131.0
30.0,134.0
31.0,132.0
32.0,134.0
33.0,134.0
34.0,141.0
35.0,140.0
36.0,144.0
37.0,156.0
38.0,171.0
39.0,140.0
40.0,163.0
41.0,166.0
42.0,143.0
43.0,139.0
44.0,162.0
45.0,164.0
46.0,156.0
47.0,154.0
48.0,172.0
49.0,169.0
50.0,158.0
51.0,169.0
52.0,173.0
53.0,177.0
54.0,200.0
55.0,178.0
56.0,175.0
57.0,192.0
58.0,179.0
59.0,198.0
60.0,183.0
61.0,187.0
62.0,189.0
63.0,192.0
64.0,204.0
65.0,215.0
66.0,196.0
67.0,231.0
68.0,222.0
69.0,195.0
70.0,208.0
71.0,210.0
72.0,222.0
73.0,215.0
74.0,235.0
75.0,217.0
76.0,240.0
77.0,207.0
78.0,247.0
79.0,249.0
80.0,233.0
81.0,253.0
82.0,238.0
83.0,263.0
84.0,251.0
85.0,254.0
86.0,261.0
87.0,264.0
88.0,283.0
89.0,286.0
90.0,275.0
91.0,265.0
92.0,284.0
93.0,279.0
94.0,291.0
95.0,308.0
96.0,296.0
97.0,315.0
98.0,293.0
99.0,293.0
100.0,309.0
101.0,311.0
102.0,321.0
103.0,326.0
104.0,323.0
105.0,346.0
106.0,334.0
107.0,339.0
108.0,354.0
109.0,337.0
110.0,344.0
111.0,350.0
112.0,361.0
113.0,363.0
114.0,371.0
115.0,375.0
116.0,397.0
117.0,398.0
118.0,384.0
119.0,404.0
120.0,402.0
121.0,390.0
122.0,412.0
123.0,433.0
124.0,429.0
125.0,421.0
126.0,424.0
127.0,436.0
128.0,435.0
129.0,466.0
130.0,457.0
131.0,458.0
132.0,451.0
133.0,448.0
134.0,463.0
135.0,483.0
136.0,467.0
137.0,480.0
138.0,491.0
139.0,502.0
140.0,512.0
141.0,494.0
142.0,495.0
143.0,482.0
144.0,513.0
145.0,534.0
146.0,528.0
147.0,511.0
148.0,511.0
149.0,566.0
150.0,553.0
151.0,550.0
152.0,563.0
153.0,561.0
154.0,586.0
155.0,584.0
156.0,597.0
157.0,613.0
158.0,597.0
159.0,598.0
160.0,605.0
161.0,615.0
162.0,623.0
163.0,616.0
164.0,639.0
165.0,643.0
166.0,634.0
167.0,653.0
168.0,638.0
169.0,633.0
170.0,675.0
171.0,656.0
172.0,686.0
173.0,667.0
174.0,671.0
175.0,688.0
176.0,679.0
177.0,696.0
178.0,726.0
179.0,718.0
180.0,736.0
181.0,706.0
182.0,721.0
183.0,731.0
184.0,734.0
185.0,747.0
186.0,758.0
187.0,774.0
188.0,780.0
189.0,784.0
190.0,801.0
191.0,804.0
192.0,798.0
193.0,789.0
194.0,813.0
195.0,794.0
196.0,793.0
197.0,805.0
198.0,802.0
199.0,833.0
200.0,844.0
201.0,852.0
202.0,853.0
203.0,877.0
204.0,866.0
205.0,859.0
206.0,891.0
207.0,921.0
208.0,887.0
209.0,928.0
210.0,921.0
211.0,925.0
212.0,900.0
213.0,937.0
214.0,921.0
215.0,926.0
216.0,961.0
217.0,924.0
218.0,967.0
219.0,938.0
220.0,946.0
221.0,982.0
222.0,979.0
223.0,986.0
224.0,956.0
225.0,1006.0
226.0,1029.0
227.0,1010.0
228.0,1002.0
229.0,1033.0
230.0,1033.0
231.0,1022.0
232.0,1057.0
233.0,1056.0
234.0,1043.0
235.0,1021.0
236.0,1073.0
237.0,1079.0
238.0,1072.0
239.0,1065.0
240.0,1060.0
241.0,1093.0
242.0,1095.0
243.0,1087.0
244.0,1100.0
245.0,1123.0
246.0,1120.0
247.0,1122.0
248.0,1141.0
249.0,1126.0
250.0,1168.0
251.0,1184.0
252.0,1148.0
253.0,1197.0
254.0,1137.0
255.0,1167.0
256.0,1205.0
257.0,1175.0
258.0,1197.0
259.0,1168.0
260.0,1220.0
261.0,1213.0
262.0,1226.0
263.0,1216.0
264.0,1224.0
265.0,1242.0
266.0,1260.0
267.0,1253.0
268.0,1255.0
269.0,1261.0
270.0,1292.0
271.0,1272.0
272.0,1319.0
273.0,1261.0
274.0,1331.0
275.0,1305.0
276.0,1313.0
277.0,1325.0
278.0,1325.0
279.0,1370.0
280.0,1354.0
281.0,1348.0
282.0,1346.0
283.0,1378.0
284.0,1360.0
285.0,1367.0
286.0,1397.0
287.0,1425.0
288.0,1392.0
289.0,1414.0
290.0,1428.0
291.0,1435.0
292.0,1418.0
293.0,1433.0
294.0,1469.0
295.0,1465.0
296.0,1498.0
297.0,1442.0
298.0,1436.0
299.0,1450.0
300.0,1487.0
301.0,1499.0
302.0,1500.0
303.0,1530.0
304.0,1506.0
305.0,1513.0
306.0,1508.0
307.0,1525.0
308.0,1493.0
309.0,1510.0
310.0,1577.0
311.0,1532.0
312.0,1573.0
313.0,1582.0
314.0,1588.0
315.0,1573.0
316.0,1584.0
317.0,1591.0
318.0,1596.0
319.0,1589.0
320.0,1586.0
321.0,1606.0
322.0,1633.0
323.0,1631.0
324.0,1681.0
325.0,1643.0
326.0,1673.0
327.0,1658.0
328.0,1667.0
329.0,1693.0
330.0,1659.0
331.0,1688.0
332.0,1662.0
333.0,1698.0
334.0,1738.0
335.0,1701.0
336.0,1728.0
337.0,1724.0
338.0,1760.0
339.0,1770.0
340.0,1753.0
341.0,1763.0
342.0,1765.0
343.0,1779.0
344.0,1817.0
345.0,1778.0
346.0,1781.0
347.0,1824.0
348.0,1793.0
349.0,1783.0
350.0,1823.0
351.0,1831.0
352.0,1824.0
353.0,1808.0
354.0,1896.0
355.0,1855.0
356.0,1863.0
357.0,1877.0
358.0,1893.0
359.0,1942.0
360.0,1893.0
361.0,1910.0
362.0,1842.0
363.0,1924.0
364.0,1952.0
365.0,1930.0
366.0,1940.0
367.0,1933.0
368.0,1953.0
369.0,1889.0
370.0,1915.0
371.0,1978.0
372.0,1957.0
373.0,1960.0
374.0,1941.0
375.0,1989.0
376.0,2018.0
377.0,1946.0
378.0,2028.0
379.0,1979.0
380.0,2030.0
381.0,2021.0
382.0,1995.0
383.0,2026.0
384.0,2053.0
385.0,2062.0
386.0,2081.0
387.0,2055.0
388.0,2056.0
389.0,2069.0
390.0,2032.0
391.0,2107.0
392.0,2096.0
393.0,2116.0
394.0,2089.0
395.0,2077.0
396.0,2092.0
397.0,2115.0
398.0,2108.0
399.0,2124.0
400.0,2110.0
401.0,2148.0
402.0,2114.0
403.0,2190.0
404.0,2111.0
405.0,2113.0
406.0,2159.0
407.0,2192.0
408.0,2172.0
409.0,2165.0
410.0,2149.0
411.0,2230.0
412.0,2196.0
413.0,2208.0
414.0,2232.0
415.0,2202.0
416.0,2200.0
417.0,2196.0
418.0,2246.0
419.0,2226.0
420.0,2225.0
421.0,2248.0
422.0,2308.0
423.0,2275.0
424.0,2249.0
425.0,2273.0
426.0,2291.0
427.0,2283.0
428.0,2314.0
429.0,2273.0
430.0,2295.0
431.0,2275.0
432.0,2307.0
433.0,2294.0
434.0,2361.0
435.0,2282.0
436.0,2298.0
437.0,2337.0
438.0,2345.0
439.0,2316.0
440.0,2341.0
441.0,2317.0
442.0,2324.0
443.0,2337.0
444.0,2370.0
445.0,2339.0
446.0,2351.0
447.0,2396.0
448.0,2343.0
449.0,2355.0
450.0,2336.0
451.0,2397.0
452.0,2396.0
453.0,2352.0
454.0,2386.0
455.0,2405.0
456.0,2422.0
457.0,2423.0
458.0,2396.0
459.0,2458.0
460.0,2398.0
461.0,2418.0
462.0,2412.0
463.0,2421.0
464.0,2431.0
465.0,2399.0
466.0,2443.0
467.0,2396.0
468.0,2458.0
469.0,2441.0
470.0,2423.0
471.0,2457.0
472.0,2453.0
473.0,2481.0
474.0,2454.0
475.0,2458.0
476.0,2505.0
477.0,2486.0
478.0,2501.0
479.0,2480.0
480.0,2481.0
481.0,2544.0
482.0,2481.0
483.0,2512.0
484.0,2523.0
485.0,2479.0
486.0,2485.0
487.0,2503.0
488.0,2546.0
489.0,2513.0
490.0,2576.0
491.0,2538.0
492.0,2576.0
493.0,2516.0
494.0,2516.0
495.0,2521.0
496.0,2570.0
497.0,2549.0
498.0,2545.0
499.0,2514.0
500.0,2490.0
501.0,2573.0
502.0,2563.0
503.0,2544.0
504.0,2581.0
505.0,2565.0
506.0,2625.0
507.0,2542.0
508.0,2544.0
509.0,2595.0
510.0,2562.0
511.0,2584.0
512.0,2550.0
513.0,2486.0
514.0,2584.0
515.0,2553.0
516.0,2597.0
517.0,2604.0
518.0,2570.0
519.0,2579.0
520.0,2578.0
521.0,2655.0
522.0,2603.0
523.0,2609.0
524.0,2593.0
525.0,2584.0
526.0,2630.0
527.0,2706.0
528.0,2608.0
529.0,2585.0
530.0,2609.0
531.0,2592.0
532.0,2621.0
533.0,2632.0
534.0,2606.0
535.0,2637.0
536.0,2608.0
537.0,2657.0
538.0,2687.0
539.0,2632.0
540.0,2593.0
541.0,2575.0
542.0,2617.0
543.0,2630.0
544.0,2636.0
545.0,2661.0
546.0,2677.0
547.0,2636.0
548.0,2642.0
549.0,2591.0
550.0,2636.0
551.0,2591.0
552.0,2686.0
553.0,2668.0
554.0,2633.0
555.0,2601.0
556.0,2594.0
557.0,2659.0
558.0,2665.0
559.0,2707.0
560.0,2630.0
561.0,2667.0
562.0,2638.0
563.0,2668.0
564.0,2663.0
565.0,2675.0
566.0,2627.0
567.0,2718.0
568.0,2658.0
569.0,2653.0
570.0,2641.0
571.0,2696.0
572.0,2699.0
573.0,2726.0
574.0,2633.0
575.0,2671.0
576.0,2622.0
577.0,2661.0
578.0,2692.0
579.0,2667.0
580.0,2637.0
581.0,2637.0
582.0,2694.0
583.0,2749.0
584.0,2677.0
585.0,2623.0
586.0,2652.0
587.0,2682.0
588.0,2648.0
589.0,2705.0
590.0,2711.0
591.0,2673.0
592.0,2656.0
593.0,2722.0
594.0,2671.0
595.0,2677.0
596.0,2624.0
597.0,2662.0
598.0,2721.0
599.0,2647.0
600.0,2679.0
601.0,2717.0
602.0,2622.0
603.0,2701.0
604.0,2677.0
605.0,2701.0
606.0,2658.0
607.0,2599.0
608.0,2703.0
609.0,2674.0
610.0,2620.0
611.0,2670.0
612.0,2605.0
613.0,2678.0
614.0,2681.0
615.0,2665.0
616.0,2645.0
617.0,2681.0
618.0,2642.0
619.0,2684.0
620.0,2637.0
621.0,2624.0
622.0,2661.0
623.0,2696.0
624.0,2643.0
625.0,2655.0
626.0,2621.0
627.0,2613.0
628.0,2684.0
629.0,2640.0
630.0,2680.0
631.0,2631.0
632.0,2573.0
633.0,2629.0
634.0,2637.0
635.0,2633.0
636.0,2628.0
637.0,2671.0
638.0,2620.0
639.0,2640.0
640.0,2643.0
641.0,2572.0
642.0,2618.0
643.0,2606.0
644.0,2604.0
645.0,2621.0
646.0,2587.0
647.0,2588.0
648.0,2592.0
649.0,2562.0
650.0,2613.0
651.0,2593.0
652.0,2586.0
653.0,2577.0
654.0,2593.0
655.0,2640.0
656.0,2635.0
657.0,2555.0
658.0,2602.0
659.0,2643.0
660.0,2567.0
661.0,2608.0
662.0,2536.0
663.0,2561.0
664.0,2550.0
665.0,2605.0
666.0,2546.0
667.0,2567.0
668.0,2554.0
669.0,2577.0
670.0,2537.0
671.0,2566.0
672.0,2557.0
673.0,2521.0
674.0,2561.0
675.0,2495.0
676.0,2548.0
677.0,2504.0
678.0,2524.0
679.0,2527.0
680.0,2581.0
681.0,2519.0
682.0,2494.0
683.0,2510.0
684.0,2539.0
685.0,2542.0
686.0,2514.0
687.0,2525.0
688.0,2495.0
689.0,2492.0
690.0,2499.0
691.0,2439.0
692.0,2516.0
693.0,2452.0
694.0,2481.0
695.0,2431.0
696.0,2522.0
697.0,2503.0
698.0,2397.0
699.0,2441.0
700.0,2485.0
701.0,2451.0
702.0,2489.0
703.0,2436.0
704.0,2449.0
705.0,2455.0
706.0,2411.0
707.0,2419.0
708.0,2398.0
709.0,2398.0
710.0,2438.0
711.0,2430.0
712.0,2411.0
713.0,2377.0
714.0,2394.0
715.0,2405.0
716.0,2352.0
717.0,2361.0
718.0,2365.0
719.0,2347.0
720.0,2342.0
721.0,2358.0
722.0,2367.0
723.0,2352.0
724.0,2328.0
725.0,2314.0
726.0,2343.0
727.0,2336.0
728.0,2305.0
729.0,2320.0
730.0,2324.0
731.0,2314.0
732.0,2312.0
733.0,2280.0
734.0,2261.0
735.0,2299.0
736.0,2353.0
737.0,2290.0
738.0,2284.0
739.0,2282.0
740.0,2277.0
741.0,2282.0
742.0,2218.0
743.0,2244.0
744.0,2235.0
745.0,2299.0
746.0,2312.0
747.0,2265.0
748.0,2194.0
749.0,2201.0
750.0,2212.0
751.0,2251.0
752.0,2151.0
753.0,2225.0
754.0,2169.0
755.0,2165.0
756.0,2165.0
757.0,2193.0
758.0,2125.0
759.0,2166.0
760.0,2145.0
761.0,2133.0
762.0,2112.0
763.0,2103.0
764.0,2101.0
765.0,2155.0
766.0,2109.0
767.0,2121.0
768.0,2066.0
769.0,2105.0
770.0,2141.0
771.0,2125.0
772.0,2092.0
773.0,2072.0
774.0,2087.0
775.0,2073.0
776.0,2089.0
777.0,2035.0
778.0,2049.0
779.0,2059.0
780.0,2051.0
781.0,2067.0
782.0,1991.0
783.0,2048.0
784.0,2051.0
785.0,1963.0
786.0,2006.0
787.0,2002.0
788.0,1971.0
789.0,2007.0
790.0,1989.0
791.0,2001.0
792.0,1992.0
793.0,1968.0
794.0,1962.0
795.0,1995.0
796.0,1920.0
797.0,1932.0
798.0,1920.0
799.0,1917.0
800.0,1965.0
801.0,1907.0
802.0,1897.0
803.0,1915.0
804.0,1905.0
805.0,1880.0
806.0,1878.0
807.0,1892.0
808.0,1899.0
809.0,1880.0
810.0,1857.0
811.0,1847.0
812.0,1839.0
813.0,1832.0
814.0,1813.0
815.0,1828.0
816.0,1809.0
817.0,1843.0
818.0,1796.0
819.0,1831.0
820.0,1780.0
821.0,1821.0
822.0,1797.0
823.0,1769.0
824.0,1775.0
825.0,1761.0
826.0,1772.0
827.0,1769.0
828.0,1763.0
829.0,1732.0
830.0,1732.0
831.0,1715.0
832.0,1734.0
833.0,1709.0
834.0,1718.0
835.0,1700.0
836.0,1689.0
837.0,1680.0
838.0,1702.0
839.0,1695.0
840.0,1704.0
841.0,1634.0
842.0,1652.0
843.0,1646.0
844.0,1647.0
845.0,1581.0
846.0,1636.0
847.0,1644.0
848.0,1629.0
849.0,1607.0
850.0,1598.0
851.0,1620.0
852.0,1581.0
853.0,1620.0
854.0,1561.0
855.0,1608.0
856.0,1548.0
857.0,1579.0
858.0,1527.0
859.0,1520.0
860.0,1545.0
861.0,1535.0
862.0,1493.0
863.0,1521.0
864.0,1544.0
865.0,1527.0
866.0,1504.0
867.0,1506.0
868.0,1497.0
869.0,1458.0
870.0,1515.0
871.0,1485.0
872.0,1420.0
873.0,1412.0
874.0,1443.0
875.0,1456.0
876.0,1433.0
877.0,1418.0
878.0,1407.0
879.0,1406.0
880.0,1407.0
881.0,1368.0
882.0,1404.0
883.0,1385.0
884.0,1382.0
885.0,1362.0
886.0,1346.0
887.0,1355.0
888.0,1327.0
889.0,1342.0
890.0,1377.0
891.0,1329.0
892.0,1306.0
893.0,1328.0
894.0,1328.0
895.0,1301.0
896.0,1297.0
897.0,1240.0
898.0,1283.0
899.0,1276.0
900.0,1250.0
901.0,1251.0
902.0,1225.0
903.0,1232.0
904.0,1237.0
905.0,1221.0
906.0,1229.0
907.0,1190.0
908.0,1223.0
909.0,1220.0
910.0,1204.0
911.0,1199.0
912.0,1189.0
913.0,1147.0
914.0,1174.0
915.0,1161.0
916.0,1155.0
917.0,1139.0
918.0,1130.0
919.0,1095.0
920.0,1125.0
921.0,1096.0
922.0,1111.0
923.0,1077.0
924.0,1109.0
925.0,1101.0
926.0,1063.0
927.0,1073.0
928.0,1057.0
929.0,1072.0
930.0,1030.0
931.0,1041.0
932.0,1058.0
933.0,1057.0
934.0,1016.0
935.0,998.0
936.0,992.0
937.0,990.0
938.0,1000.0
939.0,1016.0
940.0,967.0
941.0,962.0
942.0,936.0
943.0,986.0
944.0,993.0
945.0,929.0
946.0,935.0
947.0,945.0
948.0,908.0
949.0,933.0
950.0,944.0
951.0,893.0
952.0,891.0
953.0,874.0
954.0,861.0
955.0,855.0
956.0,862.0
957.0,885.0
958.0,805.0
959.0,850.0
960.0,815.0
961.0,837.0
962.0,818.0
963.0,818.0
964.0,806.0
965.0,815.0
966.0,801.0
967.0,768.0
968.0,792.0
969.0,792.0
970.0,755.0
971.0,767.0
972.0,755.0
973.0,749.0
974.0,726.0
975.0,728.0
976.0,704.0
977.0,734.0
978.0,707.0
979.0,723.0
980.0,720.0
981.0,677.0
982.0,711.0
983.0,690.0
984.0,669.0
985.0,690.0
986.0,663.0
987.0,641.0
988.0,636.0
989.0,629.0
990.0,632.0
991.0,616.0
992.0,651.0
993.0,614.0
994.0,619.0
995.0,601.0
996.0,589.0
997.0,587.0
998.0,605.0
999.0,589.0
1000.0,575.0
1001.0,577.0
1002.0,578.0
1003.0,554.0
1004.0,548.0
1005.0,546.0
1006.0,569.0
1007.0,510.0
1008.0,545.0
1009.0,524.0
1010.0,517.0
1011.0,512.0
1012.0,522.0
1013.0,487.0
1014.0,504.0
1015.0,479.0
1016.0,487.0
1017.0,466.0
1018.0,488.0
1019.0,470.0
1020.0,446.0
1021.0,477.0
1022.0,466.0
1023.0,469.0
