0.0,199.0
1.0,254.0
2.0,273.0
3.0,269.0
4.0,284.0
5.0,270.0
6.0,274.0
7.0,300.0
8.0,305.0
9.0,306.0
10.0,312.0
11.0,316.0
12.0,325.0
13.0,306.0
14.0,339.0
15.0,349.0
16.0,344.0
17.0,370.0
18.0,371.0
19.0,385.0
20.0,379.0
21.0,404.0
22.0,398.0
23.0,425.0
24.0,449.0
25.0,409.0
26.0,428.0
27.0,460.0
28.0,453.0
29.0,465.0
30.0,465.0
31.0,467.0
32.0,487.0
33.0,506.0
34.0,496.0
35.0,473.0
36.0,504.0
37.0,537.0
38.0,524.0
39.0,549.0
40.0,550.0
41.0,555.0
42.0,559.0
43.0,589.0
44.0,547.0
45.0,599.0
46.0,600.0
47.0,615.0
48.0,623.0
49.0,602.0
50.0,651.0
51.0,649.0
52.0,660.0
53.0,652.0
54.0,633.0
55.0,651.0
56.0,688.0
57.0,691.0
58.0,708.0
59.0,735.0
60.0,715.0
61.0,739.0
62.0,776.0
63.0,778.0
64.0,751.0
65.0,776.0
66.0,777.0
67.0,796.0
68.0,832.0
69.0,812.0
70.0,833.0
71.0,825.0
72.0,844.0
73.0,845.0
74.0,848.0
75.0,884.0
76.0,904.0
77.0,881.0
78.0,882.0
79.0,913.0
80.0,884.0
81.0,910.0
82.0,913.0
83.0,930.0
84.0,938.0
85.0,961.0
86.0,935.0
87.0,971.0
88.0,974.0
89.0,1017.0
90.0,1017.0
91.0,1017.0
92.0,1006.0
93.0,998.0
94.0,1039.0
95.0,1038.0
96.0,1043.0
97.0,1030.0
98.0,1035.0
99.0,1101.0
100.0,1085.0
101.0,1101.0
102.0,1101.0
103.0,1116.0
104.0,1121.0
105.0,1116.0
106.0,1133.0
107.0,1125.0
108.0,1154.0
109.0,1157.0
110.0,1149.0
111.0,1154.0
112.0,1170.0
113.0,1212.0
114.0,1221.0
115.0,1225.0
116.0,1215.0
117.0,1222.0
118.0,1220.0
119.0,1244.0
120.0,1245.0
121.0,1297.0
122.0,1290.0
123.0,1319.0
124.0,1298.0
125.0,1333.0
126.0,1330.0
127.0,1325.0
128.0,1354.0
129.0,1350.0
130.0,1357.0
131.0,1392.0
132.0,1424.0
133.0,1423.0
134.0,1406.0
135.0,1406.0
136.0,1435.0
137.0,1435.0
138.0,1443.0
139.0,1496.0
140.0,1447.0
141.0,1486.0
142.0,1509.0
143.0,1499.0
144.0,1547.0
145.0,1562.0
146.0,1523.0
147.0,1554.0
148.0,1563.0
149.0,1611.0
150.0,1631.0
151.0,1609.0
152.0,1605.0
153.0,1618.0
154.0,1614.0
155.0,1642.0
156.0,1647.0
157.0,1680.0
158.0,1661.0
159.0,1688.0
160.0,1676.0
161.0,1694.0
162.0,1713.0
163.0,1755.0
164.0,1756.0
165.0,1753.0
166.0,1781.0
167.0,1787.0
168.0,1820.0
169.0,1771.0
170.0,1809.0
171.0,1837.0
172.0,1801.0
173.0,1802.0
174.0,1823.0
175.0,1882.0
176.0,1882.0
177.0,1901.0
178.0,1891.0
179.0,1931.0
180.0,1973.0
181.0,1943.0
182.0,1958.0
183.0,1922.0
184.0,1936.0
185.0,2007.0
186.0,2060.0
187.0,2011.0
188.0,2015.0
189.0,2054.0
190.0,2059.0
191.0,2070.0
192.0,2120.0
193.0,2122.0
194.0,2096.0
195.0,2111.0
196.0,2152.0
197.0,2123.0
198.0,2174.0
199.0,2193.0
200.0,2202.0
201.0,2186.0
202.0,2201.0
203.0,2231.0
204.0,2259.0
205.0,2313.0
206.0,2304.0
207.0,2282.0
208.0,2277.0
209.0,2317.0
210.0,2339.0
211.0,2361.0
212.0,2376.0
213.0,2300.0
214.0,2300.0
215.0,2426.0
216.0,2418.0
217.0,2417.0
218.0,2451.0
219.0,2469.0
220.0,2399.0
221.0,2430.0
222.0,2473.0
223.0,2506.0
224.0,2527.0
225.0,2495.0
226.0,2526.0
227.0,2509.0
228.0,2597.0
229.0,2608.0
230.0,2590.0
231.0,2574.0
232.0,2630.0
233.0,2607.0
234.0,2719.0
235.0,2725.0
236.0,2671.0
237.0,2672.0
238.0,2711.0
239.0,2692.0
240.0,2740.0
241.0,2818.0
242.0,2762.0
243.0,2806.0
244.0,2774.0
245.0,2783.0
246.0,2834.0
247.0,2857.0
248.0,2840.0
249.0,2868.0
250.0,2832.0
251.0,2899.0
252.0,2886.0
253.0,2941.0
254.0,2940.0
255.0,2935.0
256.0,2966.0
257.0,3000.0
258.0,3010.0
259.0,3072.0
260.0,3051.0
261.0,3084.0
262.0,3066.0
263.0,3068.0
264.0,3088.0
265.0,3080.0
266.0,3143.0
267.0,3135.0
268.0,3098.0
269.0,3150.0
270.0,3235.0
271.0,3208.0
272.0,3256.0
273.0,3208.0
274.0,3197.0
275.0,3263.0
276.0,3212.0
277.0,3266.0
278.0,3282.0
279.0,3302.0
280.0,3282.0
281.0,3346.0
282.0,3350.0
283.0,3423.0
284.0,3411.0
285.0,3422.0
286.0,3358.0
287.0,3383.0
288.0,3395.0
289.0,3486.0
290.0,3524.0
291.0,3476.0
292.0,3420.0
293.0,3461.0
294.0,3567.0
295.0,3564.0
296.0,3554.0
297.0,3551.0
298.0,3570.0
299.0,3581.0
300.0,3620.0
301.0,3582.0
302.0,3585.0
303.0,3624.0
304.0,3660.0
305.0,3723.0
306.0,3712.0
307.0,3722.0
308.0,3784.0
309.0,3757.0
310.0,3710.0
311.0,3756.0
312.0,3796.0
313.0,3832.0
314.0,3820.0
315.0,3836.0
316.0,3865.0
317.0,3830.0
318.0,3892.0
319.0,3830.0
320.0,3906.0
321.0,3917.0
322.0,3886.0
323.0,3986.0
324.0,4030.0
325.0,3958.0
326.0,3955.0
327.0,3968.0
328.0,4011.0
329.0,4015.0
330.0,4057.0
331.0,4144.0
332.0,4024.0
333.0,4097.0
334.0,4106.0
335.0,4117.0
336.0,4179.0
337.0,4157.0
338.0,4125.0
339.0,4234.0
340.0,4206.0
341.0,4250.0
342.0,4209.0
343.0,4258.0
344.0,4276.0
345.0,4192.0
346.0,4271.0
347.0,4287.0
348.0,4286.0
349.0,4293.0
350.0,4279.0
351.0,4272.0
352.0,4287.0
353.0,4360.0
354.0,4424.0
355.0,4412.0
356.0,4420.0
357.0,4384.0
358.0,4382.0
359.0,4424.0
360.0,4514.0
361.0,4548.0
362.0,4452.0
363.0,4520.0
364.0,4500.0
365.0,4570.0
366.0,4536.0
367.0,4556.0
368.0,4557.0
369.0,4473.0
370.0,4549.0
371.0,4579.0
372.0,4588.0
373.0,4636.0
374.0,4539.0
375.0,4579.0
376.0,4594.0
377.0,4665.0
378.0,4673.0
379.0,4715.0
380.0,4634.0
381.0,4752.0
382.0,4695.0
383.0,4843.0
384.0,4833.0
385.0,4747.0
386.0,4685.0
387.0,4718.0
388.0,4838.0
389.0,4913.0
390.0,4759.0
391.0,4845.0
392.0,4855.0
393.0,4784.0
394.0,4884.0
395.0,4877.0
396.0,4892.0
397.0,4827.0
398.0,4880.0
399.0,4849.0
400.0,4925.0
401.0,4987.0
402.0,4966.0
403.0,4903.0
404.0,4941.0
405.0,4978.0
406.0,5066.0
407.0,5026.0
408.0,5042.0
409.0,5025.0
410.0,5062.0
411.0,5079.0
412.0,5090.0
413.0,5086.0
414.0,5117.0
415.0,5045.0
416.0,5082.0
417.0,5161.0
418.0,5124.0
419.0,5247.0
420.0,5167.0
421.0,5176.0
422.0,5152.0
423.0,5181.0
424.0,5213.0
425.0,5153.0
426.0,5247.0
427.0,5299.0
428.0,5169.0
429.0,5190.0
430.0,5280.0
431.0,5251.0
432.0,5278.0
433.0,5273.0
434.0,5147.0
435.0,5377.0
436.0,5360.0
437.0,5301.0
438.0,5273.0
439.0,5327.0
440.0,5342.0
441.0,5346.0
442.0,5376.0
443.0,5417.0
444.0,5387.0
445.0,5356.0
446.0,5323.0
447.0,5374.0
448.0,5487.0
449.0,5438.0
450.0,5456.0
451.0,5396.0
452.0,5419.0
453.0,5439.0
454.0,5486.0
455.0,5458.0
456.0,5469.0
457.0,5457.0
458.0,5498.0
459.0,5496.0
460.0,5475.0
461.0,5556.0
462.0,5568.0
463.0,5536.0
464.0,5547.0
465.0,5543.0
466.0,5682.0
467.0,5567.0
468.0,5583.0
469.0,5583.0
470.0,5597.0
471.0,5652.0
472.0,5589.0
473.0,5630.0
474.0,5638.0
475.0,5482.0
476.0,5654.0
477.0,5716.0
478.0,5639.0
479.0,5690.0
480.0,5583.0
481.0,5635.0
482.0,5730.0
483.0,5696.0
484.0,5739.0
485.0,5652.0
486.0,5666.0
487.0,5732.0
488.0,5786.0
489.0,5814.0
490.0,5675.0
491.0,5723.0
492.0,5744.0
493.0,5731.0
494.0,5804.0
495.0,5824.0
496.0,5803.0
497.0,5752.0
498.0,5741.0
499.0,5747.0
500.0,5834.0
501.0,5832.0
502.0,5799.0
503.0,5724.0
504.0,5806.0
505.0,5904.0
506.0,5832.0
507.0,5812.0
508.0,5825.0
509.0,5730.0
510.0,5922.0
511.0,5882.0
512.0,5820.0
513.0,5907.0
514.0,5838.0
515.0,5818.0
516.0,5885.0
517.0,5866.0
518.0,5943.0
519.0,5927.0
520.0,5935.0
521.0,5914.0
522.0,5918.0
523.0,5954.0
524.0,6011.0
525.0,6001.0
526.0,5908.0
527.0,5851.0
528.0,5900.0
529.0,6091.0
530.0,5954.0
531.0,6029.0
532.0,5990.0
533.0,5982.0
534.0,5871.0
535.0,6053.0
536.0,5884.0
537.0,6043.0
538.0,6014.0
539.0,5974.0
540.0,6033.0
541.0,6130.0
542.0,6020.0
543.0,5950.0
544.0,5996.0
545.0,6037.0
546.0,5992.0
547.0,6021.0
548.0,6015.0
549.0,5994.0
550.0,6059.0
551.0,6039.0
552.0,6080.0
553.0,6065.0
554.0,6056.0
555.0,5879.0
556.0,6073.0
557.0,6078.0
558.0,6069.0
559.0,6144.0
560.0,6069.0
561.0,6026.0
562.0,5943.0
563.0,6075.0
564.0,6158.0
565.0,6106.0
566.0,6098.0
567.0,6012.0
568.0,6110.0
569.0,6131.0
570.0,6190.0
571.0,6151.0
572.0,6016.0
573.0,6137.0
574.0,6026.0
575.0,6089.0
576.0,6181.0
577.0,6112.0
578.0,6106.0
579.0,6025.0
580.0,6144.0
581.0,6143.0
582.0,6159.0
583.0,6095.0
584.0,6088.0
585.0,6131.0
586.0,6103.0
587.0,6151.0
588.0,6152.0
589.0,6019.0
590.0,6107.0
591.0,6076.0
592.0,6119.0
593.0,6260.0
594.0,6184.0
595.0,6104.0
596.0,6122.0
597.0,6064.0
598.0,6215.0
599.0,6151.0
600.0,6241.0
601.0,6004.0
602.0,6146.0
603.0,6100.0
604.0,6188.0
605.0,6139.0
606.0,6020.0
607.0,6148.0
608.0,6089.0
609.0,6077.0
610.0,6151.0
611.0,6064.0
612.0,6080.0
613.0,6109.0
614.0,6160.0
615.0,6123.0
616.0,6119.0
617.0,6124.0
618.0,6100.0
619.0,5970.0
620.0,6136.0
621.0,6166.0
622.0,6099.0
623.0,6164.0
624.0,6100.0
625.0,6065.0
626.0,6161.0
627.0,5980.0
628.0,6109.0
629.0,6069.0
630.0,6106.0
631.0,6094.0
632.0,6108.0
633.0,6063.0
634.0,6109.0
635.0,6077.0
636.0,6138.0
637.0,6086.0
638.0,6113.0
639.0,6108.0
640.0,6091.0
641.0,6035.0
642.0,6100.0
643.0,6092.0
644.0,6082.0
645.0,6181.0
646.0,6091.0
647.0,6066.0
648.0,6054.0
649.0,6088.0
650.0,6112.0
651.0,6026.0
652.0,6058.0
653.0,6027.0
654.0,6012.0
655.0,6099.0
656.0,6102.0
657.0,6050.0
658.0,5978.0
659.0,6024.0
660.0,6057.0
661.0,6034.0
662.0,5990.0
663.0,5979.0
664.0,6053.0
665.0,6050.0
666.0,6059.0
667.0,6057.0
668.0,6074.0
669.0,5988.0
670.0,5920.0
671.0,5911.0
672.0,6095.0
673.0,6049.0
674.0,5978.0
675.0,5948.0
676.0,5982.0
677.0,6012.0
678.0,6053.0
679.0,5956.0
680.0,5978.0
681.0,5914.0
682.0,5905.0
683.0,6031.0
684.0,5956.0
685.0,5958.0
686.0,5883.0
687.0,5914.0
688.0,5836.0
689.0,5924.0
690.0,5968.0
691.0,5999.0
692.0,5749.0
693.0,5819.0
694.0,5825.0
695.0,5856.0
696.0,5863.0
697.0,5862.0
698.0,5795.0
699.0,5861.0
700.0,5822.0
701.0,5839.0
702.0,5832.0
703.0,5775.0
704.0,5750.0
705.0,5791.0
706.0,5845.0
707.0,5841.0
708.0,5738.0
709.0,5793.0
710.0,5742.0
711.0,5791.0
712.0,5811.0
713.0,5836.0
714.0,5703.0
715.0,5796.0
716.0,5704.0
717.0,5750.0
718.0,5756.0
719.0,5724.0
720.0,5678.0
721.0,5621.0
722.0,5751.0
723.0,5691.0
724.0,5605.0
725.0,5735.0
726.0,5662.0
727.0,5559.0
728.0,5546.0
729.0,5745.0
730.0,5570.0
731.0,5605.0
732.0,5604.0
733.0,5585.0
734.0,5607.0
735.0,5601.0
736.0,5602.0
737.0,5473.0
738.0,5527.0
739.0,5541.0
740.0,5541.0
741.0,5549.0
742.0,5531.0
743.0,5449.0
744.0,5511.0
745.0,5487.0
746.0,5537.0
747.0,5412.0
748.0,5404.0
749.0,5406.0
750.0,5528.0
751.0,5414.0
752.0,5508.0
753.0,5360.0
754.0,5374.0
755.0,5304.0
756.0,5431.0
757.0,5384.0
758.0,5286.0
759.0,5303.0
760.0,5335.0
761.0,5340.0
762.0,5324.0
763.0,5345.0
764.0,5306.0
765.0,5262.0
766.0,5241.0
767.0,5243.0
768.0,5293.0
769.0,5256.0
770.0,5198.0
771.0,5213.0
772.0,5196.0
773.0,5132.0
774.0,5238.0
775.0,5294.0
776.0,5093.0
777.0,5140.0
778.0,5166.0
779.0,5123.0
780.0,5076.0
781.0,5130.0
782.0,5097.0
783.0,5041.0
784.0,5116.0
785.0,5113.0
786.0,5058.0
787.0,5009.0
788.0,4989.0
789.0,4900.0
790.0,5036.0
791.0,5039.0
792.0,4952.0
793.0,4921.0
794.0,4897.0
795.0,4894.0
796.0,4934.0
797.0,4967.0
798.0,4895.0
799.0,4832.0
800.0,4920.0
801.0,4938.0
802.0,4886.0
803.0,4788.0
804.0,4846.0
805.0,4791.0
806.0,4808.0
807.0,4882.0
808.0,4768.0
809.0,4762.0
810.0,4646.0
811.0,4718.0
812.0,4747.0
813.0,4725.0
814.0,4667.0
815.0,4658.0
816.0,4668.0
817.0,4721.0
818.0,4683.0
819.0,4705.0
820.0,4633.0
821.0,4593.0
822.0,4529.0
823.0,4627.0
824.0,4622.0
825.0,4529.0
826.0,4622.0
827.0,4465.0
828.0,4543.0
829.0,4539.0
830.0,4541.0
831.0,4512.0
832.0,4450.0
833.0,4451.0
834.0,4467.0
835.0,4472.0
836.0,4403.0
837.0,4450.0
838.0,4314.0
839.0,4385.0
840.0,4445.0
841.0,4347.0
842.0,4322.0
843.0,4240.0
844.0,4356.0
845.0,4334.0
846.0,4236.0
847.0,4359.0
848.0,4280.0
849.0,4218.0
850.0,4199.0
851.0,4229.0
852.0,4269.0
853.0,4207.0
854.0,4123.0
855.0,4122.0
856.0,4205.0
857.0,4136.0
858.0,4164.0
859.0,4066.0
860.0,4058.0
861.0,4099.0
862.0,4044.0
863.0,4071.0
864.0,4037.0
865.0,4009.0
866.0,3999.0
867.0,4012.0
868.0,4004.0
869.0,4035.0
870.0,3919.0
871.0,3900.0
872.0,3918.0
873.0,3982.0
874.0,3889.0
875.0,3915.0
876.0,3858.0
877.0,3862.0
878.0,3870.0
879.0,3912.0
880.0,3891.0
881.0,3792.0
882.0,3765.0
883.0,3759.0
884.0,3823.0
885.0,3724.0
886.0,3746.0
887.0,3707.0
888.0,3679.0
889.0,3693.0
890.0,3742.0
891.0,3643.0
892.0,3655.0
893.0,3629.0
894.0,3608.0
895.0,3625.0
896.0,3608.0
897.0,3609.0
898.0,3590.0
899.0,3519.0
900.0,3526.0
901.0,3581.0
902.0,3507.0
903.0,3499.0
904.0,3440.0
905.0,3501.0
906.0,3455.0
907.0,3527.0
908.0,3466.0
909.0,3421.0
910.0,3410.0
911.0,3390.0
912.0,3419.0
913.0,3371.0
914.0,3331.0
915.0,3341.0
916.0,3345.0
917.0,3277.0
918.0,3347.0
919.0,3267.0
920.0,3275.0
921.0,3256.0
922.0,3246.0
923.0,3275.0
924.0,3212.0
925.0,3157.0
926.0,3197.0
927.0,3194.0
928.0,3166.0
929.0,3116.0
930.0,3157.0
931.0,3105.0
932.0,3072.0
933.0,3083.0
934.0,3123.0
935.0,3094.0
936.0,3024.0
937.0,2987.0
938.0,3009.0
939.0,3029.0
940.0,3000.0
941.0,2949.0
942.0,2940.0
943.0,2946.0
944.0,2949.0
945.0,2901.0
946.0,2915.0
947.0,2886.0
948.0,2876.0
949.0,2843.0
950.0,2890.0
951.0,2899.0
952.0,2871.0
953.0,2782.0
954.0,2802.0
955.0,2740.0
956.0,2798.0
957.0,2760.0
958.0,2725.0
959.0,2676.0
960.0,2711.0
961.0,2743.0
962.0,2705.0
963.0,2661.0
964.0,2621.0
965.0,2634.0
966.0,2629.0
967.0,2622.0
968.0,2581.0
969.0,2617.0
970.0,2549.0
971.0,2598.0
972.0,2600.0
973.0,2562.0
974.0,2580.0
975.0,2469.0
976.0,2482.0
977.0,2507.0
978.0,2513.0
979.0,2464.0
980.0,2447.0
981.0,2420.0
982.0,2447.0
983.0,2400.0
984.0,2407.0
985.0,2429.0
986.0,2356.0
987.0,2372.0
988.0,2364.0
989.0,2373.0
990.0,2299.0
991.0,2295.0
992.0,2319.0
993.0,2281.0
994.0,2276.0
995.0,2300.0
996.0,2203.0
997.0,2188.0
998.0,2235.0
999.0,2196.0
1000.0,2251.0
1001.0,2171.0
1002.0,2121.0
1003.0,2096.0
1004.0,2197.0
1005.0,2148.0
1006.0,2121.0
1007.0,2043.0
1008.0,2115.0
1009.0,2085.0
1010.0,2075.0
1011.0,2041.0
1012.0,2017.0
1013.0,1993.0
1014.0,2017.0
1015.0,2020.0
1016.0,2000.0
1017.0,1972.0
1018.0,1975.0
1019.0,1951.0
1020.0,1931.0
1021.0,1946.0
1022.0,1939.0
1023.0,1873.0
