0.0,162.0
1.0,220.0
2.0,190.0
3.0,201.0
4.0,214.0
5.0,217.0
6.0,221.0
7.0,222.0
8.0,251.0
9.0,237.0
10.0,233.0
11.0,241.0
12.0,257.0
13.0,270.0
14.0,269.0
15.0,273.0
16.0,275.0
17.0,289.0
18.0,291.0
19.0,283.0
20.0,290.0
21.0,294.0
22.0,299.0
23.0,314.0
24.0,309.0
25.0,309.0
26.0,320.0
27.0,338.0
28.0,346.0
29.0,356.0
30.0,341.0
31.0,362.0
32.0,369.0
33.0,380.0
34.0,389.0
35.0,387.0
36.0,389.0
37.0,400.0
38.0,397.0
39.0,406.0
40.0,402.0
41.0,416.0
42.0,421.0
43.0,422.0
44.0,419.0
45.0,450.0
46.0,449.0
47.0,461.0
48.0,439.0
49.0,480.0
50.0,476.0
51.0,479.0
52.0,473.0
53.0,499.0
54.0,484.0
55.0,525.0
56.0,533.0
57.0,515.0
58.0,546.0
59.0,528.0
60.0,569.0
61.0,543.0
62.0,535.0
63.0,553.0
64.0,572.0
65.0,558.0
66.0,577.0
67.0,588.0
68.0,618.0
69.0,581.0
70.0,628.0
71.0,620.0
72.0,647.0
73.0,638.0
74.0,633.0
75.0,660.0
76.0,654.0
77.0,685.0
78.0,711.0
79.0,652.0
80.0,676.0
81.0,702.0
82.0,695.0
83.0,698.0
84.0,718.0
85.0,722.0
86.0,743.0
87.0,740.0
88.0,753.0
89.0,736.0
90.0,753.0
91.0,793.0
92.0,765.0
93.0,772.0
94.0,772.0
95.0,796.0
96.0,782.0
97.0,812.0
98.0,812.0
99.0,809.0
100.0,850.0
101.0,849.0
102.0,825.0
103.0,823.0
104.0,843.0
105.0,857.0
106.0,831.0
107.0,872.0
108.0,857.0
109.0,887.0
110.0,858.0
111.0,884.0
112.0,892.0
113.0,939.0
114.0,916.0
115.0,943.0
116.0,903.0
117.0,934.0
118.0,949.0
119.0,974.0
120.0,974.0
121.0,974.0
122.0,982.0
123.0,1002.0
124.0,998.0
125.0,1033.0
126.0,991.0
127.0,1005.0
128.0,1005.0
129.0,1015.0
130.0,1044.0
131.0,1036.0
132.0,1058.0
133.0,1045.0
134.0,1053.0
135.0,1074.0
136.0,1079.0
137.0,1101.0
138.0,1095.0
139.0,1082.0
140.0,1122.0
141.0,1136.0
142.0,1114.0
143.0,1125.0
144.0,1150.0
145.0,1159.0
146.0,1160.0
147.0,1161.0
148.0,1183.0
149.0,1168.0
150.0,1203.0
151.0,1217.0
152.0,1222.0
153.0,1178.0
154.0,1273.0
155.0,1240.0
156.0,1263.0
157.0,1227.0
158.0,1284.0
159.0,1269.0
160.0,1318.0
161.0,1297.0
162.0,1298.0
163.0,1274.0
164.0,1351.0
165.0,1326.0
166.0,1354.0
167.0,1368.0
168.0,1343.0
169.0,1367.0
170.0,1372.0
171.0,1386.0
172.0,1404.0
173.0,1410.0
174.0,1408.0
175.0,1440.0
176.0,1420.0
177.0,1436.0
178.0,1421.0
179.0,1463.0
180.0,1481.0
181.0,1450.0
182.0,1484.0
183.0,1488.0
184.0,1519.0
185.0,1519.0
186.0,1525.0
187.0,1539.0
188.0,1528.0
189.0,1569.0
190.0,1551.0
191.0,1577.0
192.0,1567.0
193.0,1567.0
194.0,1572.0
195.0,1633.0
196.0,1610.0
197.0,1619.0
198.0,1611.0
199.0,1635.0
200.0,1638.0
201.0,1651.0
202.0,1686.0
203.0,1677.0
204.0,1699.0
205.0,1722.0
206.0,1710.0
207.0,1685.0
208.0,1757.0
209.0,1747.0
210.0,1767.0
211.0,1773.0
212.0,1803.0
213.0,1786.0
214.0,1819.0
215.0,1816.0
216.0,1847.0
217.0,1786.0
218.0,1824.0
219.0,1888.0
220.0,1920.0
221.0,1918.0
222.0,1884.0
223.0,1909.0
224.0,1882.0
225.0,1950.0
226.0,1884.0
227.0,1988.0
228.0,1958.0
229.0,1941.0
230.0,1987.0
231.0,1999.0
232.0,2000.0
233.0,1999.0
234.0,1981.0
235.0,1989.0
236.0,2040.0
237.0,2079.0
238.0,2110.0
239.0,2116.0
240.0,2072.0
241.0,2124.0
242.0,2128.0
243.0,2121.0
244.0,2114.0
245.0,2170.0
246.0,2129.0
247.0,2143.0
248.0,2212.0
249.0,2226.0
250.0,2231.0
251.0,2227.0
252.0,2221.0
253.0,2243.0
254.0,2257.0
255.0,2262.0
256.0,2284.0
257.0,2286.0
258.0,2267.0
259.0,2304.0
260.0,2332.0
261.0,2339.0
262.0,2345.0
263.0,2352.0
264.0,2350.0
265.0,2362.0
266.0,2422.0
267.0,2422.0
268.0,2426.0
269.0,2461.0
270.0,2457.0
271.0,2426.0
272.0,2541.0
273.0,2500.0
274.0,2515.0
275.0,2487.0
276.0,2494.0
277.0,2581.0
278.0,2555.0
279.0,2560.0
280.0,2554.0
281.0,2579.0
282.0,2529.0
283.0,2630.0
284.0,2647.0
285.0,2602.0
286.0,2617.0
287.0,2626.0
288.0,2660.0
289.0,2636.0
290.0,2674.0
291.0,2663.0
292.0,2726.0
293.0,2723.0
294.0,2728.0
295.0,2681.0
296.0,2766.0
297.0,2776.0
298.0,2726.0
299.0,2740.0
300.0,2745.0
301.0,2772.0
302.0,2807.0
303.0,2808.0
304.0,2789.0
305.0,2774.0
306.0,2856.0
307.0,2900.0
308.0,2884.0
309.0,2875.0
310.0,2925.0
311.0,2888.0
312.0,2948.0
313.0,2925.0
314.0,2977.0
315.0,2961.0
316.0,2929.0
317.0,2989.0
318.0,2957.0
319.0,3004.0
320.0,3024.0
321.0,3004.0
322.0,3019.0
323.0,3024.0
324.0,3069.0
325.0,3106.0
326.0,3069.0
327.0,3091.0
328.0,3076.0
329.0,3102.0
330.0,3153.0
331.0,3140.0
332.0,3185.0
333.0,3170.0
334.0,3100.0
335.0,3194.0
336.0,3201.0
337.0,3235.0
338.0,3203.0
339.0,3223.0
340.0,3202.0
341.0,3223.0
342.0,3248.0
343.0,3273.0
344.0,3309.0
345.0,3252.0
346.0,3274.0
347.0,3311.0
348.0,3283.0
349.0,3313.0
350.0,3314.0
351.0,3356.0
352.0,3322.0
353.0,3395.0
354.0,3357.0
355.0,3423.0
356.0,3383.0
357.0,3388.0
358.0,3421.0
359.0,3505.0
360.0,3474.0
361.0,3424.0
362.0,3450.0
363.0,3484.0
364.0,3479.0
365.0,3490.0
366.0,3498.0
367.0,3532.0
368.0,3548.0
369.0,3494.0
370.0,3509.0
371.0,3526.0
372.0,3549.0
373.0,3568.0
374.0,3534.0
375.0,3582.0
376.0,3603.0
377.0,3647.0
378.0,3601.0
379.0,3611.0
380.0,3618.0
381.0,3607.0
382.0,3671.0
383.0,3677.0
384.0,3662.0
385.0,3675.0
386.0,3652.0
387.0,3691.0
388.0,3685.0
389.0,3748.0
390.0,3714.0
391.0,3647.0
392.0,3765.0
393.0,3782.0
394.0,3738.0
395.0,3838.0
396.0,3742.0
397.0,3825.0
398.0,3749.0
399.0,3771.0
400.0,3795.0
401.0,3937.0
402.0,3792.0
403.0,3815.0
404.0,3811.0
405.0,3854.0
406.0,3874.0
407.0,3971.0
408.0,3867.0
409.0,3893.0
410.0,3937.0
411.0,3890.0
412.0,3937.0
413.0,3911.0
414.0,3858.0
415.0,3933.0
416.0,3892.0
417.0,3997.0
418.0,4000.0
419.0,3926.0
420.0,4004.0
421.0,3913.0
422.0,3980.0
423.0,4074.0
424.0,4034.0
425.0,4014.0
426.0,4028.0
427.0,4069.0
428.0,4059.0
429.0,4140.0
430.0,4073.0
431.0,4104.0
432.0,4081.0
433.0,4047.0
434.0,4105.0
435.0,4152.0
436.0,4130.0
437.0,4130.0
438.0,4159.0
439.0,4076.0
440.0,4186.0
441.0,4186.0
442.0,4150.0
443.0,4139.0
444.0,4181.0
445.0,4203.0
446.0,4222.0
447.0,4185.0
448.0,4201.0
449.0,4232.0
450.0,4230.0
451.0,4197.0
452.0,4293.0
453.0,4223.0
454.0,4220.0
455.0,4259.0
456.0,4275.0
457.0,4364.0
458.0,4237.0
459.0,4302.0
460.0,4244.0
461.0,4282.0
462.0,4292.0
463.0,4342.0
464.0,4371.0
465.0,4372.0
466.0,4301.0
467.0,4314.0
468.0,4458.0
469.0,4402.0
470.0,4361.0
471.0,4350.0
472.0,4322.0
473.0,4350.0
474.0,4367.0
475.0,4452.0
476.0,4336.0
477.0,4492.0
478.0,4428.0
479.0,4419.0
480.0,4493.0
481.0,4496.0
482.0,4383.0
483.0,4444.0
484.0,4505.0
485.0,4457.0
486.0,4478.0
487.0,4421.0
488.0,4508.0
489.0,4409.0
490.0,4448.0
491.0,4588.0
492.0,4558.0
493.0,4550.0
494.0,4455.0
495.0,4534.0
496.0,4541.0
497.0,4573.0
498.0,4570.0
499.0,4488.0
500.0,4461.0
501.0,4505.0
502.0,4541.0
503.0,4565.0
504.0,4570.0
505.0,4543.0
506.0,4567.0
507.0,4566.0
508.0,4595.0
509.0,4606.0
510.0,4616.0
511.0,4574.0
512.0,4559.0
513.0,4648.0
514.0,4613.0
515.0,4571.0
516.0,4575.0
517.0,4598.0
518.0,4590.0
519.0,4677.0
520.0,4703.0
521.0,4666.0
522.0,4612.0
523.0,4698.0
524.0,4654.0
525.0,4762.0
526.0,4669.0
527.0,4600.0
528.0,4670.0
529.0,4679.0
530.0,4719.0
531.0,4693.0
532.0,4694.0
533.0,4699.0
534.0,4660.0
535.0,4764.0
536.0,4801.0
537.0,4714.0
538.0,4735.0
539.0,4724.0
540.0,4755.0
541.0,4777.0
542.0,4812.0
543.0,4735.0
544.0,4751.0
545.0,4726.0
546.0,4713.0
547.0,4768.0
548.0,4798.0
549.0,4725.0
550.0,4741.0
551.0,4714.0
552.0,4797.0
553.0,4811.0
554.0,4777.0
555.0,4832.0
556.0,4749.0
557.0,4761.0
558.0,4821.0
559.0,4750.0
560.0,4782.0
561.0,4767.0
562.0,4827.0
563.0,4830.0
564.0,4782.0
565.0,4959.0
566.0,4809.0
567.0,4768.0
568.0,4793.0
569.0,4842.0
570.0,4878.0
571.0,4825.0
572.0,4795.0
573.0,4874.0
574.0,4837.0
575.0,4887.0
576.0,4846.0
577.0,4900.0
578.0,4797.0
579.0,4767.0
580.0,4959.0
581.0,4828.0
582.0,4902.0
583.0,4866.0
584.0,4767.0
585.0,4765.0
586.0,4833.0
587.0,4862.0
588.0,4831.0
589.0,4883.0
590.0,4820.0
591.0,4839.0
592.0,4889.0
593.0,4876.0
594.0,4875.0
595.0,4841.0
596.0,4777.0
597.0,4841.0
598.0,4784.0
599.0,4948.0
600.0,4874.0
601.0,4796.0
602.0,4819.0
603.0,4905.0
604.0,4882.0
605.0,4862.0
606.0,4871.0
607.0,4850.0
608.0,4877.0
609.0,4819.0
610.0,4912.0
611.0,4898.0
612.0,4828.0
613.0,4911.0
614.0,4889.0
615.0,4891.0
616.0,4912.0
617.0,4935.0
618.0,4741.0
619.0,4841.0
620.0,4895.0
621.0,4905.0
622.0,4800.0
623.0,4809.0
624.0,4817.0
625.0,4865.0
626.0,4907.0
627.0,4896.0
628.0,4829.0
629.0,4794.0
630.0,4785.0
631.0,4917.0
632.0,4857.0
633.0,4856.0
634.0,4858.0
635.0,4827.0
636.0,4833.0
637.0,4876.0
638.0,4879.0
639.0,4843.0
640.0,4816.0
641.0,4829.0
642.0,4847.0
643.0,4832.0
644.0,4865.0
645.0,4840.0
646.0,4747.0
647.0,4844.0
648.0,4902.0
649.0,4813.0
650.0,4907.0
651.0,4757.0
652.0,4824.0
653.0,4750.0
654.0,4864.0
655.0,4857.0
656.0,4740.0
657.0,4769.0
658.0,4876.0
659.0,4880.0
660.0,4782.0
661.0,4808.0
662.0,4765.0
663.0,4765.0
664.0,4795.0
665.0,4779.0
666.0,4806.0
667.0,4836.0
668.0,4667.0
669.0,4750.0
670.0,4764.0
671.0,4787.0
672.0,4767.0
673.0,4760.0
674.0,4655.0
675.0,4780.0
676.0,4833.0
677.0,4783.0
678.0,4753.0
679.0,4739.0
680.0,4690.0
681.0,4735.0
682.0,4822.0
683.0,4689.0
684.0,4700.0
685.0,4749.0
686.0,4709.0
687.0,4776.0
688.0,4675.0
689.0,4671.0
690.0,4687.0
691.0,4622.0
692.0,4666.0
693.0,4758.0
694.0,4696.0
695.0,4628.0
696.0,4593.0
697.0,4633.0
698.0,4679.0
699.0,4684.0
700.0,4621.0
701.0,4649.0
702.0,4542.0
703.0,4692.0
704.0,4608.0
705.0,4639.0
706.0,4599.0
707.0,4560.0
708.0,4493.0
709.0,4658.0
710.0,4578.0
711.0,4601.0
712.0,4508.0
713.0,4580.0
714.0,4546.0
715.0,4504.0
716.0,4515.0
717.0,4520.0
718.0,4523.0
719.0,4509.0
720.0,4518.0
721.0,4512.0
722.0,4476.0
723.0,4509.0
724.0,4489.0
725.0,4449.0
726.0,4494.0
727.0,4473.0
728.0,4453.0
729.0,4398.0
730.0,4373.0
731.0,4436.0
732.0,4457.0
733.0,4425.0
734.0,4332.0
735.0,4441.0
736.0,4389.0
737.0,4411.0
738.0,4410.0
739.0,4373.0
740.0,4420.0
741.0,4332.0
742.0,4319.0
743.0,4449.0
744.0,4348.0
745.0,4385.0
746.0,4371.0
747.0,4333.0
748.0,4335.0
749.0,4298.0
750.0,4236.0
751.0,4306.0
752.0,4296.0
753.0,4326.0
754.0,4331.0
755.0,4224.0
756.0,4268.0
757.0,4212.0
758.0,4316.0
759.0,4235.0
760.0,4243.0
761.0,4186.0
762.0,4169.0
763.0,4251.0
764.0,4184.0
765.0,4192.0
766.0,4169.0
767.0,4214.0
768.0,4114.0
769.0,4144.0
770.0,4123.0
771.0,4153.0
772.0,4063.0
773.0,4091.0
774.0,4083.0
775.0,4130.0
776.0,4065.0
777.0,4122.0
778.0,4044.0
779.0,4045.0
780.0,4102.0
781.0,3990.0
782.0,4032.0
783.0,3985.0
784.0,4031.0
785.0,4104.0
786.0,4076.0
787.0,4061.0
788.0,3957.0
789.0,3917.0
790.0,4059.0
791.0,3935.0
792.0,3934.0
793.0,3958.0
794.0,3945.0
795.0,3894.0
796.0,3907.0
797.0,3887.0
798.0,3878.0
799.0,3840.0
800.0,3813.0
801.0,3868.0
802.0,3811.0
803.0,3876.0
804.0,3840.0
805.0,3798.0
806.0,3799.0
807.0,3776.0
808.0,3750.0
809.0,3781.0
810.0,3777.0
811.0,3733.0
812.0,3820.0
813.0,3773.0
814.0,3734.0
815.0,3715.0
816.0,3669.0
817.0,3695.0
818.0,3747.0
819.0,3677.0
820.0,3687.0
821.0,3617.0
822.0,3642.0
823.0,3677.0
824.0,3729.0
825.0,3638.0
826.0,3569.0
827.0,3594.0
828.0,3605.0
829.0,3637.0
830.0,3557.0
831.0,3598.0
832.0,3516.0
833.0,3508.0
834.0,3489.0
835.0,3484.0
836.0,3520.0
837.0,3478.0
838.0,3533.0
839.0,3425.0
840.0,3495.0
841.0,3453.0
842.0,3398.0
843.0,3413.0
844.0,3420.0
845.0,3443.0
846.0,3481.0
847.0,3377.0
848.0,3393.0
849.0,3382.0
850.0,3362.0
851.0,3368.0
852.0,3393.0
853.0,3307.0
854.0,3338.0
855.0,3288.0
856.0,3262.0
857.0,3260.0
858.0,3292.0
859.0,3359.0
860.0,3243.0
861.0,3278.0
862.0,3285.0
863.0,3214.0
864.0,3229.0
865.0,3186.0
866.0,3250.0
867.0,3201.0
868.0,3171.0
869.0,3219.0
870.0,3141.0
871.0,3090.0
872.0,3126.0
873.0,3156.0
874.0,3050.0
875.0,3105.0
876.0,3102.0
877.0,3093.0
878.0,3092.0
879.0,3056.0
880.0,3070.0
881.0,3042.0
882.0,3046.0
883.0,3065.0
884.0,3032.0
885.0,2915.0
886.0,2895.0
887.0,3003.0
888.0,2989.0
889.0,2990.0
890.0,2948.0
891.0,2929.0
892.0,2934.0
893.0,2852.0
894.0,2926.0
895.0,2918.0
896.0,2880.0
897.0,2855.0
898.0,2852.0
899.0,2885.0
900.0,2831.0
901.0,2826.0
902.0,2755.0
903.0,2828.0
904.0,2742.0
905.0,2798.0
906.0,2763.0
907.0,2732.0
908.0,2705.0
909.0,2718.0
910.0,2731.0
911.0,2752.0
912.0,2706.0
913.0,2665.0
914.0,2685.0
915.0,2683.0
916.0,2671.0
917.0,2604.0
918.0,2608.0
919.0,2616.0
920.0,2606.0
921.0,2623.0
922.0,2625.0
923.0,2561.0
924.0,2587.0
925.0,2528.0
926.0,2540.0
927.0,2569.0
928.0,2499.0
929.0,2513.0
930.0,2495.0
931.0,2469.0
932.0,2492.0
933.0,2453.0
934.0,2459.0
935.0,2474.0
936.0,2441.0
937.0,2443.0
938.0,2416.0
939.0,2445.0
940.0,2374.0
941.0,2380.0
942.0,2383.0
943.0,2350.0
944.0,2342.0
945.0,2324.0
946.0,2277.0
947.0,2308.0
948.0,2302.0
949.0,2301.0
950.0,2280.0
951.0,2223.0
952.0,2254.0
953.0,2272.0
954.0,2252.0
955.0,2249.0
956.0,2210.0
957.0,2217.0
958.0,2172.0
959.0,2176.0
960.0,2176.0
961.0,2150.0
962.0,2170.0
963.0,2147.0
964.0,2143.0
965.0,2100.0
966.0,2126.0
967.0,2086.0
968.0,2022.0
969.0,2090.0
970.0,2039.0
971.0,2021.0
972.0,2037.0
973.0,1999.0
974.0,2021.0
975.0,2038.0
976.0,2009.0
977.0,1973.0
978.0,1938.0
979.0,1943.0
980.0,1891.0
981.0,1960.0
982.0,1969.0
983.0,1925.0
984.0,1881.0
985.0,1907.0
986.0,1874.0
987.0,1812.0
988.0,1815.0
989.0,1857.0
990.0,1836.0
991.0,1834.0
992.0,1786.0
993.0,1806.0
994.0,1814.0
995.0,1757.0
996.0,1779.0
997.0,1744.0
998.0,1719.0
999.0,1720.0
1000.0,1731.0
1001.0,1691.0
1002.0,1661.0
1003.0,1690.0
1004.0,1666.0
1005.0,1670.0
1006.0,1698.0
1007.0,1676.0
1008.0,1609.0
1009.0,1623.0
1010.0,1626.0
1011.0,1606.0
1012.0,1570.0
1013.0,1547.0
1014.0,1575.0
1015.0,1554.0
1016.0,1556.0
1017.0,1529.0
1018.0,1519.0
1019.0,1511.0
1020.0,1454.0
1021.0,1517.0
1022.0,1512.0
1023.0,1475.0
