0.0,402.0
1.0,466.0
2.0,477.0
3.0,472.0
4.0,539.0
5.0,543.0
6.0,573.0
7.0,561.0
8.0,599.0
9.0,594.0
10.0,633.0
11.0,667.0
12.0,685.0
13.0,692.0
14.0,713.0
15.0,735.0
16.0,779.0
17.0,782.0
18.0,837.0
19.0,822.0
20.0,865.0
21.0,873.0
22.0,865.0
23.0,898.0
24.0,952.0
25.0,973.0
26.0,970.0
27.0,991.0
28.0,996.0
29.0,1016.0
30.0,1095.0
31.0,1079.0
32.0,1103.0
33.0,1143.0
34.0,1180.0
35.0,1211.0
36.0,1250.0
37.0,1292.0
38.0,1282.0
39.0,1304.0
40.0,1361.0
41.0,1362.0
42.0,1399.0
43.0,1415.0
44.0,1476.0
45.0,1450.0
46.0,1487.0
47.0,1511.0
48.0,1550.0
49.0,1647.0
50.0,1671.0
51.0,1709.0
52.0,1697.0
53.0,1734.0
54.0,1748.0
55.0,1823.0
56.0,1794.0
57.0,1868.0
58.0,1880.0
59.0,1891.0
60.0,1945.0
61.0,1985.0
62.0,1998.0
63.0,2083.0
64.0,2069.0
65.0,2093.0
66.0,2143.0
67.0,2163.0
68.0,2223.0
69.0,2274.0
70.0,2326.0
71.0,2381.0
72.0,2373.0
73.0,2374.0
74.0,2444.0
75.0,2485.0
76.0,2478.0
77.0,2604.0
78.0,2657.0
79.0,2679.0
80.0,2697.0
81.0,2794.0
82.0,2776.0
83.0,2760.0
84.0,2818.0
85.0,2886.0
86.0,2904.0
87.0,2960.0
88.0,3035.0
89.0,3066.0
90.0,3075.0
91.0,3123.0
92.0,3175.0
93.0,3151.0
94.0,3228.0
95.0,3218.0
96.0,3251.0
97.0,3276.0
98.0,3296.0
99.0,3351.0
100.0,3360.0
101.0,3429.0
102.0,3405.0
103.0,3511.0
104.0,3520.0
105.0,3500.0
106.0,3563.0
107.0,3572.0
108.0,3632.0
109.0,3681.0
110.0,3695.0
111.0,3778.0
112.0,3802.0
113.0,3810.0
114.0,3911.0
115.0,3971.0
116.0,3988.0
117.0,3997.0
118.0,4022.0
119.0,4103.0
120.0,4066.0
121.0,4137.0
122.0,4163.0
123.0,4261.0
124.0,4194.0
125.0,4297.0
126.0,4332.0
127.0,4405.0
128.0,4331.0
129.0,4459.0
130.0,4479.0
131.0,4503.0
132.0,4536.0
133.0,4616.0
134.0,4676.0
135.0,4680.0
136.0,4796.0
137.0,4836.0
138.0,4788.0
139.0,4847.0
140.0,4926.0
141.0,4999.0
142.0,4971.0
143.0,5052.0
144.0,5102.0
145.0,5114.0
146.0,5167.0
147.0,5144.0
148.0,5229.0
149.0,5263.0
150.0,5265.0
151.0,5361.0
152.0,5467.0
153.0,5414.0
154.0,5475.0
155.0,5465.0
156.0,5512.0
157.0,5550.0
158.0,5613.0
159.0,5708.0
160.0,5753.0
161.0,5779.0
162.0,5894.0
163.0,5898.0
164.0,5909.0
165.0,6022.0
166.0,6116.0
167.0,6052.0
168.0,6075.0
169.0,6231.0
170.0,6258.0
171.0,6310.0
172.0,6326.0
173.0,6360.0
174.0,6390.0
175.0,6314.0
176.0,6413.0
177.0,6470.0
178.0,6486.0
179.0,6505.0
180.0,6648.0
181.0,6622.0
182.0,6667.0
183.0,6633.0
184.0,6722.0
185.0,6778.0
186.0,6807.0
187.0,6825.0
188.0,6862.0
189.0,6843.0
190.0,6887.0
191.0,6938.0
192.0,7006.0
193.0,6931.0
194.0,7039.0
195.0,7073.0
196.0,7030.0
197.0,7029.0
198.0,7153.0
199.0,7182.0
200.0,7139.0
201.0,7211.0
202.0,7278.0
203.0,7371.0
204.0,7353.0
205.0,7318.0
206.0,7538.0
207.0,7420.0
208.0,7458.0
209.0,7587.0
210.0,7607.0
211.0,7603.0
212.0,7615.0
213.0,7813.0
214.0,7808.0
215.0,7751.0
216.0,7913.0
217.0,8004.0
218.0,7959.0
219.0,7979.0
220.0,8105.0
221.0,8086.0
222.0,8144.0
223.0,8178.0
224.0,8259.0
225.0,8292.0
226.0,8309.0
227.0,8506.0
228.0,8453.0
229.0,8451.0
230.0,8511.0
231.0,8642.0
232.0,8645.0
233.0,8673.0
234.0,8839.0
235.0,8915.0
236.0,8973.0
237.0,9007.0
238.0,9115.0
239.0,9060.0
240.0,9006.0
241.0,9028.0
242.0,9200.0
243.0,9215.0
244.0,9336.0
245.0,9373.0
246.0,9359.0
247.0,9344.0
248.0,9358.0
249.0,9522.0
250.0,9584.0
251.0,9541.0
252.0,9644.0
253.0,9760.0
254.0,9713.0
255.0,9642.0
256.0,9772.0
257.0,9814.0
258.0,9763.0
259.0,9957.0
260.0,9972.0
261.0,10039.0
262.0,9971.0
263.0,10040.0
264.0,10059.0
265.0,10051.0
266.0,10096.0
267.0,10239.0
268.0,10207.0
269.0,10156.0
270.0,10313.0
271.0,10207.0
272.0,10137.0
273.0,10213.0
274.0,10223.0
275.0,10245.0
276.0,10162.0
277.0,10277.0
278.0,10402.0
279.0,10354.0
280.0,10245.0
281.0,10356.0
282.0,10253.0
283.0,10368.0
284.0,10284.0
285.0,10462.0
286.0,10360.0
287.0,10428.0
288.0,10527.0
289.0,10630.0
290.0,10443.0
291.0,10428.0
292.0,10558.0
293.0,10555.0
294.0,10498.0
295.0,10704.0
296.0,10535.0
297.0,10640.0
298.0,10628.0
299.0,10682.0
300.0,10523.0
301.0,10612.0
302.0,10619.0
303.0,10671.0
304.0,10719.0
305.0,10653.0
306.0,10839.0
307.0,10694.0
308.0,10559.0
309.0,10716.0
310.0,10783.0
311.0,10772.0
312.0,10720.0
313.0,10960.0
314.0,10855.0
315.0,10878.0
316.0,10902.0
317.0,10954.0
318.0,10980.0
319.0,10990.0
320.0,11157.0
321.0,11155.0
322.0,10956.0
323.0,11174.0
324.0,11178.0
325.0,11172.0
326.0,11341.0
327.0,11418.0
328.0,11294.0
329.0,11323.0
330.0,11425.0
331.0,11460.0
332.0,11475.0
333.0,11520.0
334.0,11544.0
335.0,11643.0
336.0,11425.0
337.0,11628.0
338.0,11630.0
339.0,11630.0
340.0,11470.0
341.0,11663.0
342.0,11891.0
343.0,11634.0
344.0,11678.0
345.0,11840.0
346.0,11705.0
347.0,11616.0
348.0,11722.0
349.0,11865.0
350.0,11816.0
351.0,11773.0
352.0,11906.0
353.0,11733.0
354.0,11869.0
355.0,11918.0
356.0,11973.0
357.0,11855.0
358.0,11897.0
359.0,12034.0
360.0,11942.0
361.0,11969.0
362.0,11975.0
363.0,12060.0
364.0,11945.0
365.0,11885.0
366.0,12035.0
367.0,12147.0
368.0,11878.0
369.0,12054.0
370.0,11960.0
371.0,11818.0
372.0,11837.0
373.0,12011.0
374.0,11959.0
375.0,11906.0
376.0,11878.0
377.0,11933.0
378.0,11742.0
379.0,11813.0
380.0,11934.0
381.0,11849.0
382.0,11821.0
383.0,11906.0
384.0,12147.0
385.0,11942.0
386.0,11973.0
387.0,12118.0
388.0,12018.0
389.0,11901.0
390.0,12113.0
391.0,12128.0
392.0,12114.0
393.0,12094.0
394.0,12094.0
395.0,12215.0
396.0,12078.0
397.0,12146.0
398.0,12197.0
399.0,12036.0
400.0,12152.0
401.0,12273.0
402.0,12304.0
403.0,12205.0
404.0,12324.0
405.0,12300.0
406.0,12335.0
407.0,12249.0
408.0,12494.0
409.0,12568.0
410.0,12349.0
411.0,12567.0
412.0,12661.0
413.0,12632.0
414.0,12422.0
415.0,12674.0
416.0,12736.0
417.0,12649.0
418.0,12708.0
419.0,12764.0
420.0,12707.0
421.0,12838.0
422.0,12875.0
423.0,13126.0
424.0,12920.0
425.0,12935.0
426.0,12976.0
427.0,13025.0
428.0,12842.0
429.0,13065.0
430.0,13157.0
431.0,12983.0
432.0,13062.0
433.0,13086.0
434.0,13040.0
435.0,12938.0
436.0,13040.0
437.0,13129.0
438.0,13019.0
439.0,12987.0
440.0,13147.0
441.0,13105.0
442.0,13004.0
443.0,13015.0
444.0,13106.0
445.0,13018.0
446.0,13008.0
447.0,13294.0
448.0,13098.0
449.0,12945.0
450.0,13036.0
451.0,13038.0
452.0,12811.0
453.0,12894.0
454.0,13111.0
455.0,13040.0
456.0,12891.0
457.0,13034.0
458.0,13083.0
459.0,12788.0
460.0,12812.0
461.0,12989.0
462.0,13007.0
463.0,12959.0
464.0,13175.0
465.0,13245.0
466.0,12879.0
467.0,13038.0
468.0,13231.0
469.0,12959.0
470.0,13027.0
471.0,13257.0
472.0,13124.0
473.0,13041.0
474.0,13055.0
475.0,13330.0
476.0,13197.0
477.0,13078.0
478.0,13330.0
479.0,13242.0
480.0,13093.0
481.0,13359.0
482.0,13360.0
483.0,13048.0
484.0,13137.0
485.0,13212.0
486.0,13233.0
487.0,12991.0
488.0,13249.0
489.0,13361.0
490.0,13280.0
491.0,13174.0
492.0,13252.0
493.0,13231.0
494.0,13166.0
495.0,13327.0
496.0,13415.0
497.0,13316.0
498.0,13401.0
499.0,13662.0
500.0,13506.0
501.0,13282.0
502.0,13773.0
503.0,13707.0
504.0,13608.0
505.0,13665.0
506.0,13687.0
507.0,13622.0
508.0,13404.0
509.0,13815.0
510.0,13828.0
511.0,13749.0
512.0,13767.0
513.0,13976.0
514.0,13958.0
515.0,13740.0
516.0,13992.0
517.0,14004.0
518.0,13896.0
519.0,13963.0
520.0,14082.0
521.0,13989.0
522.0,13866.0
523.0,14080.0
524.0,14028.0
525.0,13922.0
526.0,14012.0
527.0,13992.0
528.0,13823.0
529.0,13846.0
530.0,14006.0
531.0,13845.0
532.0,13705.0
533.0,13947.0
534.0,13982.0
535.0,13817.0
536.0,13758.0
537.0,13831.0
538.0,13777.0
539.0,13622.0
540.0,13738.0
541.0,13922.0
542.0,13722.0
543.0,13857.0
544.0,13975.0
545.0,13743.0
546.0,13642.0
547.0,13604.0
548.0,13878.0
549.0,13547.0
550.0,13517.0
551.0,13893.0
552.0,13707.0
553.0,13689.0
554.0,13766.0
555.0,13836.0
556.0,13432.0
557.0,13778.0
558.0,13897.0
559.0,13781.0
560.0,13850.0
561.0,13945.0
562.0,13963.0
563.0,13803.0
564.0,13865.0
565.0,14112.0
566.0,13745.0
567.0,13855.0
568.0,14136.0
569.0,14059.0
570.0,13948.0
571.0,14161.0
572.0,14137.0
573.0,14038.0
574.0,14214.0
575.0,14420.0
576.0,14254.0
577.0,14129.0
578.0,14221.0
579.0,14287.0
580.0,13986.0
581.0,14330.0
582.0,14490.0
583.0,14173.0
584.0,14339.0
585.0,14557.0
586.0,14380.0
587.0,14235.0
588.0,14434.0
589.0,14453.0
590.0,14272.0
591.0,14364.0
592.0,14564.0
593.0,14543.0
594.0,14151.0
595.0,14539.0
596.0,14574.0
597.0,14301.0
598.0,14330.0
599.0,14684.0
600.0,14458.0
601.0,14324.0
602.0,14557.0
603.0,14551.0
604.0,14238.0
605.0,14475.0
606.0,14494.0
607.0,14308.0
608.0,14371.0
609.0,14440.0
610.0,14351.0
611.0,14247.0
612.0,14346.0
613.0,14392.0
614.0,14211.0
615.0,14105.0
616.0,14384.0
617.0,13984.0
618.0,13910.0
619.0,14079.0
620.0,14168.0
621.0,13851.0
622.0,13921.0
623.0,14348.0
624.0,13991.0
625.0,13942.0
626.0,14145.0
627.0,14093.0
628.0,13924.0
629.0,14113.0
630.0,14282.0
631.0,14025.0
632.0,13985.0
633.0,14214.0
634.0,13963.0
635.0,13890.0
636.0,14120.0
637.0,14168.0
638.0,13975.0
639.0,13942.0
640.0,14056.0
641.0,13970.0
642.0,13794.0
643.0,14215.0
644.0,14205.0
645.0,13895.0
646.0,14055.0
647.0,14372.0
648.0,13982.0
649.0,13978.0
650.0,14158.0
651.0,14208.0
652.0,14074.0
653.0,14324.0
654.0,14469.0
655.0,14187.0
656.0,14268.0
657.0,14368.0
658.0,14197.0
659.0,14314.0
660.0,14580.0
661.0,14554.0
662.0,14250.0
663.0,14468.0
664.0,14513.0
665.0,14424.0
666.0,14222.0
667.0,14690.0
668.0,14543.0
669.0,14335.0
670.0,14503.0
671.0,14676.0
672.0,14263.0
673.0,14508.0
674.0,14497.0
675.0,14437.0
676.0,14538.0
677.0,14615.0
678.0,14743.0
679.0,14571.0
680.0,14507.0
681.0,14721.0
682.0,14410.0
683.0,14373.0
684.0,14588.0
685.0,14448.0
686.0,14321.0
687.0,14609.0
688.0,14573.0
689.0,14169.0
690.0,14303.0
691.0,14526.0
692.0,14295.0
693.0,14291.0
694.0,14434.0
695.0,14358.0
696.0,14193.0
697.0,14316.0
698.0,14449.0
699.0,14198.0
700.0,14091.0
701.0,14572.0
702.0,14286.0
703.0,14183.0
704.0,14299.0
705.0,14379.0
706.0,13925.0
707.0,14242.0
708.0,14290.0
709.0,14105.0
710.0,14070.0
711.0,14372.0
712.0,14164.0
713.0,14051.0
714.0,14239.0
715.0,14241.0
716.0,14001.0
717.0,13963.0
718.0,14263.0
719.0,13893.0
720.0,13916.0
721.0,14152.0
722.0,14039.0
723.0,13859.0
724.0,14080.0
725.0,13999.0
726.0,13695.0
727.0,13818.0
728.0,13933.0
729.0,13911.0
730.0,13691.0
731.0,14090.0
732.0,13851.0
733.0,13755.0
734.0,13814.0
735.0,13888.0
736.0,13702.0
737.0,13618.0
738.0,14018.0
739.0,13687.0
740.0,13611.0
741.0,13788.0
742.0,13847.0
743.0,13581.0
744.0,13846.0
745.0,13907.0
746.0,13750.0
747.0,13899.0
748.0,14014.0
749.0,13945.0
750.0,13763.0
751.0,14093.0
752.0,14030.0
753.0,13837.0
754.0,14057.0
755.0,14245.0
756.0,13932.0
757.0,13901.0
758.0,14311.0
759.0,13933.0
760.0,13942.0
761.0,14272.0
762.0,14233.0
763.0,13840.0
764.0,14020.0
765.0,14106.0
766.0,14042.0
767.0,13851.0
768.0,14066.0
769.0,13866.0
770.0,13799.0
771.0,14021.0
772.0,13898.0
773.0,13744.0
774.0,13868.0
775.0,13947.0
776.0,13655.0
777.0,13504.0
778.0,13833.0
779.0,13673.0
780.0,13548.0
781.0,13604.0
782.0,13641.0
783.0,13336.0
784.0,13437.0
785.0,13616.0
786.0,13506.0
787.0,13250.0
788.0,13541.0
789.0,13289.0
790.0,13172.0
791.0,13365.0
792.0,13428.0
793.0,13147.0
794.0,13189.0
795.0,13323.0
796.0,13294.0
797.0,13039.0
798.0,13342.0
799.0,13337.0
800.0,12929.0
801.0,13199.0
802.0,13297.0
803.0,13051.0
804.0,13036.0
805.0,13307.0
806.0,13085.0
807.0,12854.0
808.0,13203.0
809.0,13137.0
810.0,13088.0
811.0,13218.0
812.0,13113.0
813.0,12998.0
814.0,13023.0
815.0,13155.0
816.0,13030.0
817.0,13015.0
818.0,13129.0
819.0,13168.0
820.0,12951.0
821.0,13155.0
822.0,13212.0
823.0,12968.0
824.0,13119.0
825.0,13185.0
826.0,13087.0
827.0,12974.0
828.0,13351.0
829.0,13140.0
830.0,13086.0
831.0,13269.0
832.0,13301.0
833.0,13063.0
834.0,13091.0
835.0,13295.0
836.0,12971.0
837.0,12989.0
838.0,13288.0
839.0,13211.0
840.0,12890.0
841.0,13162.0
842.0,13193.0
843.0,12989.0
844.0,13077.0
845.0,13211.0
846.0,13049.0
847.0,12953.0
848.0,13128.0
849.0,13004.0
850.0,12801.0
851.0,13096.0
852.0,12980.0
853.0,12778.0
854.0,12939.0
855.0,13078.0
856.0,12863.0
857.0,12816.0
858.0,13022.0
859.0,12696.0
860.0,12625.0
861.0,12821.0
862.0,12739.0
863.0,12576.0
864.0,12775.0
865.0,12792.0
866.0,12534.0
867.0,12467.0
868.0,12739.0
869.0,12402.0
870.0,12440.0
871.0,12544.0
872.0,12438.0
873.0,12308.0
874.0,12375.0
875.0,12431.0
876.0,12236.0
877.0,12287.0
878.0,12407.0
879.0,12128.0
880.0,12174.0
881.0,12284.0
882.0,12144.0
883.0,12037.0
884.0,12227.0
885.0,12205.0
886.0,11924.0
887.0,12086.0
888.0,12199.0
889.0,11828.0
890.0,11861.0
891.0,11944.0
892.0,11936.0
893.0,11702.0
894.0,12024.0
895.0,12028.0
896.0,11693.0
897.0,11868.0
898.0,11791.0
899.0,11646.0
900.0,11737.0
901.0,11906.0
902.0,11550.0
903.0,11578.0
904.0,11757.0
905.0,11730.0
906.0,11535.0
907.0,11700.0
908.0,11693.0
909.0,11492.0
910.0,11490.0
911.0,11629.0
912.0,11549.0
913.0,11575.0
914.0,11653.0
915.0,11627.0
916.0,11509.0
917.0,11761.0
918.0,11760.0
919.0,11474.0
920.0,11593.0
921.0,11801.0
922.0,11538.0
923.0,11750.0
924.0,11748.0
925.0,11588.0
926.0,11418.0
927.0,11656.0
928.0,11653.0
929.0,11401.0
930.0,11728.0
931.0,11645.0
932.0,11407.0
933.0,11521.0
934.0,11614.0
935.0,11458.0
936.0,11476.0
937.0,11610.0
938.0,11444.0
939.0,11375.0
940.0,11440.0
941.0,11397.0
942.0,11279.0
943.0,11220.0
944.0,11365.0
945.0,11123.0
946.0,11223.0
947.0,11372.0
948.0,10983.0
949.0,11009.0
950.0,11113.0
951.0,11095.0
952.0,11003.0
953.0,11211.0
954.0,11018.0
955.0,10824.0
956.0,10859.0
957.0,10955.0
958.0,10692.0
959.0,10757.0
960.0,10979.0
961.0,10821.0
962.0,10773.0
963.0,10815.0
964.0,10692.0
965.0,10550.0
966.0,10737.0
967.0,10517.0
968.0,10450.0
969.0,10531.0
970.0,10667.0
971.0,10575.0
972.0,10341.0
973.0,10681.0
974.0,10425.0
975.0,10345.0
976.0,10576.0
977.0,10378.0
978.0,10358.0
979.0,10319.0
980.0,10350.0
981.0,10210.0
982.0,10250.0
983.0,10440.0
984.0,10120.0
985.0,10049.0
986.0,10220.0
987.0,10050.0
988.0,10078.0
989.0,10139.0
990.0,10088.0
991.0,9950.0
992.0,10140.0
993.0,10091.0
994.0,9944.0
995.0,10055.0
996.0,10204.0
997.0,9904.0
998.0,9910.0
999.0,9973.0
1000.0,9867.0
1001.0,9893.0
1002.0,10002.0
1003.0,9993.0
1004.0,9891.0
1005.0,10121.0
1006.0,10009.0
1007.0,9858.0
1008.0,9981.0
1009.0,10022.0
1010.0,9742.0
1011.0,9853.0
1012.0,9894.0
1013.0,9821.0
1014.0,9830.0
1015.0,9834.0
1016.0,9753.0
1017.0,9578.0
1018.0,9733.0
1019.0,9721.0
1020.0,9748.0
1021.0,9634.0
1022.0,9686.0
1023.0,9490.0
