0.0,85.0
1.0,104.0
2.0,113.0
3.0,121.0
4.0,121.0
5.0,106.0
6.0,131.0
7.0,141.0
8.0,124.0
9.0,136.0
10.0,132.0
11.0,133.0
12.0,141.0
13.0,136.0
14.0,134.0
15.0,144.0
16.0,126.0
17.0,139.0
18.0,137.0
19.0,140.0
20.0,142.0
21.0,146.0
22.0,152.0
23.0,159.0
24.0,146.0
25.0,159.0
26.0,147.0
27.0,160.0
28.0,164.0
29.0,158.0
30.0,154.0
31.0,183.0
32.0,157.0
33.0,179.0
34.0,171.0
35.0,180.0
36.0,176.0
37.0,181.0
38.0,200.0
39.0,190.0
40.0,189.0
41.0,188.0
42.0,209.0
43.0,194.0
44.0,200.0
45.0,211.0
46.0,210.0
47.0,197.0
48.0,199.0
49.0,243.0
50.0,220.0
51.0,235.0
52.0,230.0
53.0,235.0
54.0,228.0
55.0,215.0
56.0,238.0
57.0,253.0
58.0,243.0
59.0,250.0
60.0,250.0
61.0,230.0
62.0,251.0
63.0,270.0
64.0,271.0
65.0,268.0
66.0,273.0
67.0,263.0
68.0,278.0
69.0,293.0
70.0,294.0
71.0,300.0
72.0,302.0
73.0,311.0
74.0,288.0
75.0,309.0
76.0,290.0
77.0,299.0
78.0,309.0
79.0,335.0
80.0,315.0
81.0,330.0
82.0,326.0
83.0,329.0
84.0,336.0
85.0,349.0
86.0,362.0
87.0,348.0
88.0,355.0
89.0,344.0
90.0,363.0
91.0,381.0
92.0,375.0
93.0,360.0
94.0,411.0
95.0,409.0
96.0,402.0
97.0,405.0
98.0,418.0
99.0,410.0
100.0,424.0
101.0,415.0
102.0,422.0
103.0,426.0
104.0,424.0
105.0,403.0
106.0,431.0
107.0,444.0
108.0,453.0
109.0,472.0
110.0,465.0
111.0,475.0
112.0,456.0
113.0,481.0
114.0,485.0
115.0,481.0
116.0,485.0
117.0,495.0
118.0,521.0
119.0,498.0
120.0,518.0
121.0,517.0
122.0,531.0
123.0,520.0
124.0,542.0
125.0,560.0
126.0,534.0
127.0,520.0
128.0,567.0
129.0,571.0
130.0,584.0
131.0,589.0
132.0,577.0
133.0,564.0
134.0,584.0
135.0,607.0
136.0,602.0
137.0,608.0
138.0,588.0
139.0,608.0
140.0,630.0
141.0,627.0
142.0,618.0
143.0,649.0
144.0,631.0
145.0,680.0
146.0,649.0
147.0,628.0
148.0,645.0
149.0,690.0
150.0,685.0
151.0,676.0
152.0,688.0
153.0,700.0
154.0,686.0
155.0,702.0
156.0,686.0
157.0,729.0
158.0,726.0
159.0,744.0
160.0,717.0
161.0,729.0
162.0,791.0
163.0,751.0
164.0,739.0
165.0,730.0
166.0,757.0
167.0,784.0
168.0,791.0
169.0,801.0
170.0,792.0
171.0,818.0
172.0,796.0
173.0,795.0
174.0,832.0
175.0,828.0
176.0,810.0
177.0,841.0
178.0,819.0
179.0,806.0
180.0,847.0
181.0,856.0
182.0,849.0
183.0,855.0
184.0,863.0
185.0,879.0
186.0,884.0
187.0,897.0
188.0,873.0
189.0,907.0
190.0,899.0
191.0,886.0
192.0,914.0
193.0,936.0
194.0,909.0
195.0,914.0
196.0,935.0
197.0,924.0
198.0,959.0
199.0,947.0
200.0,947.0
201.0,952.0
202.0,994.0
203.0,986.0
204.0,987.0
205.0,993.0
206.0,1015.0
207.0,1026.0
208.0,998.0
209.0,1002.0
210.0,1015.0
211.0,1043.0
212.0,1052.0
213.0,1035.0
214.0,1047.0
215.0,1028.0
216.0,1052.0
217.0,1074.0
218.0,1076.0
219.0,1098.0
220.0,1083.0
221.0,1140.0
222.0,1092.0
223.0,1104.0
224.0,1115.0
225.0,1093.0
226.0,1122.0
227.0,1148.0
228.0,1120.0
229.0,1151.0
230.0,1170.0
231.0,1128.0
232.0,1162.0
233.0,1145.0
234.0,1194.0
235.0,1209.0
236.0,1202.0
237.0,1195.0
238.0,1222.0
239.0,1173.0
240.0,1245.0
241.0,1219.0
242.0,1215.0
243.0,1230.0
244.0,1226.0
245.0,1236.0
246.0,1279.0
247.0,1245.0
248.0,1283.0
249.0,1250.0
250.0,1286.0
251.0,1273.0
252.0,1307.0
253.0,1296.0
254.0,1301.0
255.0,1337.0
256.0,1313.0
257.0,1339.0
258.0,1361.0
259.0,1313.0
260.0,1383.0
261.0,1390.0
262.0,1376.0
263.0,1358.0
264.0,1403.0
265.0,1389.0
266.0,1359.0
267.0,1422.0
268.0,1396.0
269.0,1410.0
270.0,1396.0
271.0,1496.0
272.0,1423.0
273.0,1418.0
274.0,1440.0
275.0,1457.0
276.0,1490.0
277.0,1479.0
278.0,1460.0
279.0,1493.0
280.0,1465.0
281.0,1499.0
282.0,1479.0
283.0,1539.0
284.0,1523.0
285.0,1563.0
286.0,1514.0
287.0,1564.0
288.0,1523.0
289.0,1530.0
290.0,1546.0
291.0,1590.0
292.0,1635.0
293.0,1512.0
294.0,1571.0
295.0,1615.0
296.0,1575.0
297.0,1598.0
298.0,1637.0
299.0,1616.0
300.0,1632.0
301.0,1630.0
302.0,1644.0
303.0,1663.0
304.0,1626.0
305.0,1701.0
306.0,1689.0
307.0,1675.0
308.0,1691.0
309.0,1665.0
310.0,1725.0
311.0,1748.0
312.0,1715.0
313.0,1743.0
314.0,1701.0
315.0,1742.0
316.0,1754.0
317.0,1782.0
318.0,1758.0
319.0,1770.0
320.0,1819.0
321.0,1791.0
322.0,1831.0
323.0,1809.0
324.0,1793.0
325.0,1827.0
326.0,1841.0
327.0,1874.0
328.0,1839.0
329.0,1845.0
330.0,1863.0
331.0,1870.0
332.0,1897.0
333.0,1898.0
334.0,1903.0
335.0,1891.0
336.0,1924.0
337.0,1883.0
338.0,1920.0
339.0,1918.0
340.0,1884.0
341.0,1921.0
342.0,1956.0
343.0,1956.0
344.0,1987.0
345.0,1983.0
346.0,1951.0
347.0,2005.0
348.0,1960.0
349.0,1999.0
350.0,1959.0
351.0,2021.0
352.0,1990.0
353.0,2032.0
354.0,2062.0
355.0,2018.0
356.0,2083.0
357.0,2041.0
358.0,2042.0
359.0,2089.0
360.0,2070.0
361.0,2076.0
362.0,2138.0
363.0,2094.0
364.0,2079.0
365.0,2089.0
366.0,2124.0
367.0,2111.0
368.0,2114.0
369.0,2160.0
370.0,2120.0
371.0,2150.0
372.0,2175.0
373.0,2212.0
374.0,2167.0
375.0,2156.0
376.0,2191.0
377.0,2192.0
378.0,2180.0
379.0,2196.0
380.0,2210.0
381.0,2183.0
382.0,2251.0
383.0,2268.0
384.0,2204.0
385.0,2261.0
386.0,2232.0
387.0,2260.0
388.0,2258.0
389.0,2309.0
390.0,2254.0
391.0,2304.0
392.0,2318.0
393.0,2295.0
394.0,2323.0
395.0,2313.0
396.0,2308.0
397.0,2358.0
398.0,2320.0
399.0,2322.0
400.0,2338.0
401.0,2332.0
402.0,2394.0
403.0,2338.0
404.0,2436.0
405.0,2401.0
406.0,2399.0
407.0,2467.0
408.0,2408.0
409.0,2426.0
410.0,2443.0
411.0,2400.0
412.0,2437.0
413.0,2424.0
414.0,2466.0
415.0,2464.0
416.0,2402.0
417.0,2452.0
418.0,2451.0
419.0,2466.0
420.0,2488.0
421.0,2465.0
422.0,2478.0
423.0,2495.0
424.0,2523.0
425.0,2505.0
426.0,2519.0
427.0,2484.0
428.0,2500.0
429.0,2522.0
430.0,2533.0
431.0,2569.0
432.0,2594.0
433.0,2519.0
434.0,2553.0
435.0,2555.0
436.0,2630.0
437.0,2575.0
438.0,2530.0
439.0,2630.0
440.0,2561.0
441.0,2564.0
442.0,2572.0
443.0,2656.0
444.0,2556.0
445.0,2582.0
446.0,2627.0
447.0,2666.0
448.0,2603.0
449.0,2643.0
450.0,2592.0
451.0,2674.0
452.0,2653.0
453.0,2608.0
454.0,2636.0
455.0,2640.0
456.0,2659.0
457.0,2691.0
458.0,2697.0
459.0,2622.0
460.0,2733.0
461.0,2668.0
462.0,2660.0
463.0,2676.0
464.0,2771.0
465.0,2681.0
466.0,2689.0
467.0,2712.0
468.0,2721.0
469.0,2723.0
470.0,2756.0
471.0,2713.0
472.0,2730.0
473.0,2760.0
474.0,2750.0
475.0,2731.0
476.0,2761.0
477.0,2753.0
478.0,2770.0
479.0,2843.0
480.0,2754.0
481.0,2798.0
482.0,2790.0
483.0,2812.0
484.0,2786.0
485.0,2791.0
486.0,2827.0
487.0,2854.0
488.0,2801.0
489.0,2776.0
490.0,2803.0
491.0,2833.0
492.0,2804.0
493.0,2861.0
494.0,2824.0
495.0,2829.0
496.0,2810.0
497.0,2822.0
498.0,2832.0
499.0,2876.0
500.0,2862.0
501.0,2801.0
502.0,2825.0
503.0,2814.0
504.0,2934.0
505.0,2840.0
506.0,2868.0
507.0,2906.0
508.0,2911.0
509.0,2872.0
510.0,2877.0
511.0,2897.0
512.0,2860.0
513.0,2868.0
514.0,2893.0
515.0,2948.0
516.0,2802.0
517.0,2911.0
518.0,2951.0
519.0,2919.0
520.0,2918.0
521.0,2960.0
522.0,2879.0
523.0,2879.0
524.0,2902.0
525.0,2910.0
526.0,2946.0
527.0,2924.0
528.0,2945.0
529.0,2900.0
530.0,2947.0
531.0,2927.0
532.0,2930.0
533.0,2976.0
534.0,2941.0
535.0,2965.0
536.0,2969.0
537.0,2956.0
538.0,2901.0
539.0,2951.0
540.0,2962.0
541.0,3008.0
542.0,2993.0
543.0,2904.0
544.0,2926.0
545.0,2910.0
546.0,3035.0
547.0,2919.0
548.0,2928.0
549.0,2987.0
550.0,2964.0
551.0,2960.0
552.0,2994.0
553.0,2992.0
554.0,3028.0
555.0,2955.0
556.0,2973.0
557.0,2994.0
558.0,2999.0
559.0,2985.0
560.0,2976.0
561.0,3041.0
562.0,2981.0
563.0,3015.0
564.0,2933.0
565.0,2976.0
566.0,2994.0
567.0,3055.0
568.0,3004.0
569.0,2956.0
570.0,3012.0
571.0,2938.0
572.0,3071.0
573.0,3005.0
574.0,3004.0
575.0,2957.0
576.0,2980.0
577.0,3039.0
578.0,3020.0
579.0,3017.0
580.0,3026.0
581.0,3010.0
582.0,3013.0
583.0,2946.0
584.0,2957.0
585.0,3039.0
586.0,2998.0
587.0,3001.0
588.0,2999.0
589.0,3006.0
590.0,3016.0
591.0,2982.0
592.0,2981.0
593.0,2986.0
594.0,3022.0
595.0,2950.0
596.0,2928.0
597.0,2980.0
598.0,3046.0
599.0,3020.0
600.0,2985.0
601.0,2957.0
602.0,2985.0
603.0,3020.0
604.0,3007.0
605.0,3036.0
606.0,2931.0
607.0,2958.0
608.0,2980.0
609.0,3049.0
610.0,2975.0
611.0,2988.0
612.0,2992.0
613.0,3023.0
614.0,2939.0
615.0,2974.0
616.0,3032.0
617.0,2963.0
618.0,2979.0
619.0,2944.0
620.0,2987.0
621.0,2973.0
622.0,2993.0
623.0,2958.0
624.0,3012.0
625.0,2983.0
626.0,2969.0
627.0,2965.0
628.0,3004.0
629.0,2963.0
630.0,3024.0
631.0,2978.0
632.0,2942.0
633.0,2972.0
634.0,2947.0
635.0,2916.0
636.0,2968.0
637.0,2957.0
638.0,2876.0
639.0,2929.0
640.0,2956.0
641.0,2948.0
642.0,2974.0
643.0,2942.0
644.0,2916.0
645.0,2970.0
646.0,2963.0
647.0,2930.0
648.0,2921.0
649.0,2964.0
650.0,2874.0
651.0,2965.0
652.0,2901.0
653.0,2894.0
654.0,2908.0
655.0,2959.0
656.0,2856.0
657.0,2888.0
658.0,2919.0
659.0,2910.0
660.0,2919.0
661.0,2911.0
662.0,2915.0
663.0,2920.0
664.0,2870.0
665.0,2895.0
666.0,2903.0
667.0,2896.0
668.0,2860.0
669.0,2842.0
670.0,2890.0
671.0,2894.0
672.0,2878.0
673.0,2854.0
674.0,2846.0
675.0,2838.0
676.0,2879.0
677.0,2821.0
678.0,2820.0
679.0,2821.0
680.0,2902.0
681.0,2824.0
682.0,2880.0
683.0,2823.0
684.0,2812.0
685.0,2804.0
686.0,2862.0
687.0,2799.0
688.0,2789.0
689.0,2833.0
690.0,2780.0
691.0,2836.0
692.0,2856.0
693.0,2805.0
694.0,2806.0
695.0,2802.0
696.0,2820.0
697.0,2848.0
698.0,2829.0
699.0,2788.0
700.0,2722.0
701.0,2807.0
702.0,2797.0
703.0,2798.0
704.0,2758.0
705.0,2753.0
706.0,2785.0
707.0,2746.0
708.0,2756.0
709.0,2758.0
710.0,2743.0
711.0,2724.0
712.0,2720.0
713.0,2747.0
714.0,2703.0
715.0,2711.0
716.0,2757.0
717.0,2685.0
718.0,2681.0
719.0,2683.0
720.0,2652.0
721.0,2711.0
722.0,2701.0
723.0,2699.0
724.0,2701.0
725.0,2660.0
726.0,2706.0
727.0,2691.0
728.0,2667.0
729.0,2613.0
730.0,2702.0
731.0,2634.0
732.0,2650.0
733.0,2625.0
734.0,2689.0
735.0,2578.0
736.0,2597.0
737.0,2616.0
738.0,2716.0
739.0,2580.0
740.0,2599.0
741.0,2583.0
742.0,2570.0
743.0,2594.0
744.0,2579.0
745.0,2570.0
746.0,2602.0
747.0,2588.0
748.0,2573.0
749.0,2509.0
750.0,2590.0
751.0,2533.0
752.0,2574.0
753.0,2532.0
754.0,2492.0
755.0,2504.0
756.0,2538.0
757.0,2508.0
758.0,2535.0
759.0,2510.0
760.0,2477.0
761.0,2456.0
762.0,2465.0
763.0,2504.0
764.0,2483.0
765.0,2474.0
766.0,2475.0
767.0,2447.0
768.0,2488.0
769.0,2429.0
770.0,2433.0
771.0,2418.0
772.0,2420.0
773.0,2442.0
774.0,2400.0
775.0,2457.0
776.0,2388.0
777.0,2386.0
778.0,2413.0
779.0,2394.0
780.0,2325.0
781.0,2341.0
782.0,2291.0
783.0,2341.0
784.0,2373.0
785.0,2351.0
786.0,2354.0
787.0,2324.0
788.0,2298.0
789.0,2319.0
790.0,2345.0
791.0,2308.0
792.0,2291.0
793.0,2273.0
794.0,2308.0
795.0,2239.0
796.0,2262.0
797.0,2291.0
798.0,2225.0
799.0,2273.0
800.0,2223.0
801.0,2232.0
802.0,2225.0
803.0,2233.0
804.0,2209.0
805.0,2168.0
806.0,2151.0
807.0,2184.0
808.0,2199.0
809.0,2208.0
810.0,2161.0
811.0,2190.0
812.0,2152.0
813.0,2150.0
814.0,2164.0
815.0,2130.0
816.0,2109.0
817.0,2123.0
818.0,2146.0
819.0,2151.0
820.0,2116.0
821.0,2134.0
822.0,2064.0
823.0,2087.0
824.0,2099.0
825.0,1998.0
826.0,2072.0
827.0,2050.0
828.0,2062.0
829.0,2028.0
830.0,2021.0
831.0,2069.0
832.0,1973.0
833.0,1991.0
834.0,1999.0
835.0,2021.0
836.0,2021.0
837.0,1984.0
838.0,1953.0
839.0,2026.0
840.0,1930.0
841.0,1941.0
842.0,1913.0
843.0,1950.0
844.0,1879.0
845.0,1914.0
846.0,1914.0
847.0,1889.0
848.0,1898.0
849.0,1915.0
850.0,1908.0
851.0,1897.0
852.0,1874.0
853.0,1879.0
854.0,1890.0
855.0,1853.0
856.0,1838.0
857.0,1847.0
858.0,1840.0
859.0,1844.0
860.0,1816.0
861.0,1790.0
862.0,1788.0
863.0,1779.0
864.0,1743.0
865.0,1778.0
866.0,1763.0
867.0,1751.0
868.0,1740.0
869.0,1764.0
870.0,1714.0
871.0,1710.0
872.0,1730.0
873.0,1666.0
874.0,1686.0
875.0,1699.0
876.0,1723.0
877.0,1664.0
878.0,1642.0
879.0,1665.0
880.0,1682.0
881.0,1632.0
882.0,1657.0
883.0,1636.0
884.0,1641.0
885.0,1676.0
886.0,1641.0
887.0,1621.0
888.0,1582.0
889.0,1642.0
890.0,1589.0
891.0,1571.0
892.0,1564.0
893.0,1577.0
894.0,1593.0
895.0,1581.0
896.0,1562.0
897.0,1579.0
898.0,1526.0
899.0,1507.0
900.0,1535.0
901.0,1541.0
902.0,1525.0
903.0,1494.0
904.0,1491.0
905.0,1497.0
906.0,1501.0
907.0,1486.0
908.0,1406.0
909.0,1485.0
910.0,1460.0
911.0,1432.0
912.0,1466.0
913.0,1398.0
914.0,1403.0
915.0,1425.0
916.0,1420.0
917.0,1390.0
918.0,1373.0
919.0,1374.0
920.0,1366.0
921.0,1353.0
922.0,1337.0
923.0,1367.0
924.0,1335.0
925.0,1366.0
926.0,1345.0
927.0,1313.0
928.0,1334.0
929.0,1312.0
930.0,1304.0
931.0,1300.0
932.0,1283.0
933.0,1288.0
934.0,1256.0
935.0,1246.0
936.0,1290.0
937.0,1241.0
938.0,1265.0
939.0,1230.0
940.0,1225.0
941.0,1223.0
942.0,1238.0
943.0,1231.0
944.0,1202.0
945.0,1173.0
946.0,1205.0
947.0,1179.0
948.0,1181.0
949.0,1150.0
950.0,1135.0
951.0,1142.0
952.0,1129.0
953.0,1143.0
954.0,1133.0
955.0,1142.0
956.0,1128.0
957.0,1120.0
958.0,1083.0
959.0,1094.0
960.0,1063.0
961.0,1061.0
962.0,1072.0
963.0,1059.0
964.0,1086.0
965.0,1048.0
966.0,1043.0
967.0,1021.0
968.0,995.0
969.0,1020.0
970.0,972.0
971.0,991.0
972.0,978.0
973.0,1015.0
974.0,967.0
975.0,972.0
976.0,943.0
977.0,935.0
978.0,954.0
979.0,948.0
980.0,944.0
981.0,886.0
982.0,925.0
983.0,926.0
984.0,884.0
985.0,902.0
986.0,884.0
987.0,878.0
988.0,866.0
989.0,873.0
990.0,871.0
991.0,854.0
992.0,843.0
993.0,827.0
994.0,838.0
995.0,826.0
996.0,815.0
997.0,801.0
998.0,771.0
999.0,790.0
1000.0,776.0
1001.0,763.0
1002.0,786.0
1003.0,763.0
1004.0,751.0
1005.0,742.0
1006.0,743.0
1007.0,731.0
1008.0,702.0
1009.0,731.0
1010.0,721.0
1011.0,715.0
1012.0,693.0
1013.0,682.0
1014.0,684.0
1015.0,672.0
1016.0,675.0
1017.0,646.0
1018.0,675.0
1019.0,648.0
1020.0,650.0
1021.0,642.0
1022.0,631.0
1023.0,642.0
