0.0,1531.0
1.0,2082.0
2.0,1966.0
3.0,1991.0
4.0,1995.0
5.0,2008.0
6.0,1967.0
7.0,2042.0
8.0,2065.0
9.0,2025.0
10.0,2109.0
11.0,2137.0
12.0,2162.0
13.0,2206.0
14.0,2276.0
15.0,2280.0
16.0,2295.0
17.0,2296.0
18.0,2290.0
19.0,2347.0
20.0,2390.0
21.0,2390.0
22.0,2431.0
23.0,2502.0
24.0,2520.0
25.0,2480.0
26.0,2543.0
27.0,2580.0
28.0,2603.0
29.0,2609.0
30.0,2648.0
31.0,2655.0
32.0,2739.0
33.0,2771.0
34.0,2735.0
35.0,2802.0
36.0,2825.0
37.0,2878.0
38.0,2945.0
39.0,2962.0
40.0,2936.0
41.0,2983.0
42.0,3071.0
43.0,3009.0
44.0,3085.0
45.0,3122.0
46.0,3171.0
47.0,3232.0
48.0,3224.0
49.0,3204.0
50.0,3281.0
51.0,3272.0
52.0,3337.0
53.0,3416.0
54.0,3461.0
55.0,3428.0
56.0,3480.0
57.0,3473.0
58.0,3564.0
59.0,3604.0
60.0,3625.0
61.0,3729.0
62.0,3700.0
63.0,3750.0
64.0,3705.0
65.0,3753.0
66.0,3857.0
67.0,3847.0
68.0,3943.0
69.0,4020.0
70.0,3969.0
71.0,4013.0
72.0,4089.0
73.0,4054.0
74.0,4113.0
75.0,4194.0
76.0,4224.0
77.0,4263.0
78.0,4321.0
79.0,4346.0
80.0,4327.0
81.0,4377.0
82.0,4388.0
83.0,4497.0
84.0,4565.0
85.0,4487.0
86.0,4597.0
87.0,4548.0
88.0,4622.0
89.0,4723.0
90.0,4707.0
91.0,4826.0
92.0,4817.0
93.0,4872.0
94.0,4846.0
95.0,4853.0
96.0,4987.0
97.0,4981.0
98.0,5082.0
99.0,5217.0
100.0,5146.0
101.0,5178.0
102.0,5270.0
103.0,5180.0
104.0,5277.0
105.0,5442.0
106.0,5394.0
107.0,5456.0
108.0,5468.0
109.0,5452.0
110.0,5516.0
111.0,5610.0
112.0,5686.0
113.0,5634.0
114.0,5760.0
115.0,5870.0
116.0,5708.0
117.0,5833.0
118.0,5850.0
119.0,5922.0
120.0,5931.0
121.0,6037.0
122.0,6072.0
123.0,6125.0
124.0,6191.0
125.0,6158.0
126.0,6181.0
127.0,6309.0
128.0,6317.0
129.0,6376.0
130.0,6531.0
131.0,6458.0
132.0,6532.0
133.0,6554.0
134.0,6558.0
135.0,6653.0
136.0,6669.0
137.0,6706.0
138.0,6923.0
139.0,6886.0
140.0,6716.0
141.0,6926.0
142.0,6912.0
143.0,7002.0
144.0,7012.0
145.0,7131.0
146.0,7078.0
147.0,7174.0
148.0,7251.0
149.0,7145.0
150.0,7365.0
151.0,7372.0
152.0,7365.0
153.0,7536.0
154.0,7459.0
155.0,7486.0
156.0,7594.0
157.0,7693.0
158.0,7751.0
159.0,7764.0
160.0,7905.0
161.0,7788.0
162.0,7962.0
163.0,7804.0
164.0,8016.0
165.0,8117.0
166.0,8057.0
167.0,8211.0
168.0,8221.0
169.0,8249.0
170.0,8229.0
171.0,8350.0
172.0,8448.0
173.0,8399.0
174.0,8527.0
175.0,8565.0
176.0,8553.0
177.0,8777.0
178.0,8632.0
179.0,8661.0
180.0,8782.0
181.0,8838.0
182.0,8793.0
183.0,8957.0
184.0,8888.0
185.0,8983.0
186.0,9040.0
187.0,9054.0
188.0,9200.0
189.0,9298.0
190.0,9307.0
191.0,9407.0
192.0,9444.0
193.0,9448.0
194.0,9441.0
195.0,9539.0
196.0,9771.0
197.0,9758.0
198.0,9816.0
199.0,9733.0
200.0,9692.0
201.0,9755.0
202.0,9834.0
203.0,9902.0
204.0,10150.0
205.0,10168.0
206.0,10024.0
207.0,10218.0
208.0,10220.0
209.0,10232.0
210.0,10457.0
211.0,10350.0
212.0,10480.0
213.0,10639.0
214.0,10600.0
215.0,10567.0
216.0,10707.0
217.0,10690.0
218.0,10580.0
219.0,10806.0
220.0,10799.0
221.0,10832.0
222.0,11064.0
223.0,11014.0
224.0,10989.0
225.0,11078.0
226.0,11197.0
227.0,11274.0
228.0,11405.0
229.0,11244.0
230.0,11443.0
231.0,11437.0
232.0,11553.0
233.0,11604.0
234.0,11826.0
235.0,11764.0
236.0,11675.0
237.0,11761.0
238.0,11751.0
239.0,11915.0
240.0,11955.0
241.0,12038.0
242.0,12122.0
243.0,12218.0
244.0,12151.0
245.0,12106.0
246.0,12315.0
247.0,12290.0
248.0,12545.0
249.0,12507.0
250.0,12425.0
251.0,12617.0
252.0,12505.0
253.0,12529.0
254.0,12723.0
255.0,12639.0
256.0,12807.0
257.0,12913.0
258.0,12897.0
259.0,12775.0
260.0,12908.0
261.0,12946.0
262.0,13066.0
263.0,13101.0
264.0,13277.0
265.0,13275.0
266.0,13238.0
267.0,13239.0
268.0,13226.0
269.0,13326.0
270.0,13525.0
271.0,13457.0
272.0,13591.0
273.0,13509.0
274.0,13594.0
275.0,13589.0
276.0,13754.0
277.0,13858.0
278.0,13908.0
279.0,13779.0
280.0,13964.0
281.0,13934.0
282.0,13845.0
283.0,13773.0
284.0,14132.0
285.0,14107.0
286.0,14216.0
287.0,14255.0
288.0,14175.0
289.0,14179.0
290.0,14270.0
291.0,14411.0
292.0,14293.0
293.0,14509.0
294.0,14542.0
295.0,14448.0
296.0,14605.0
297.0,14615.0
298.0,14622.0
299.0,14760.0
300.0,14809.0
301.0,14809.0
302.0,14745.0
303.0,14829.0
304.0,14733.0
305.0,14909.0
306.0,14836.0
307.0,14876.0
308.0,15194.0
309.0,15058.0
310.0,15158.0
311.0,15101.0
312.0,15085.0
313.0,15273.0
314.0,15285.0
315.0,15121.0
316.0,15348.0
317.0,15499.0
318.0,15284.0
319.0,15314.0
320.0,15364.0
321.0,15637.0
322.0,15609.0
323.0,15671.0
324.0,15728.0
325.0,15681.0
326.0,15606.0
327.0,15613.0
328.0,15816.0
329.0,15942.0
330.0,15963.0
331.0,15847.0
332.0,15961.0
333.0,15833.0
334.0,16013.0
335.0,15975.0
336.0,16069.0
337.0,16439.0
338.0,16187.0
339.0,16220.0
340.0,16292.0
341.0,16364.0
342.0,16043.0
343.0,16516.0
344.0,16462.0
345.0,16582.0
346.0,16627.0
347.0,16655.0
348.0,16605.0
349.0,16557.0
350.0,16662.0
351.0,16700.0
352.0,16879.0
353.0,16879.0
354.0,16920.0
355.0,16725.0
356.0,16805.0
357.0,17024.0
358.0,17067.0
359.0,16810.0
360.0,17279.0
361.0,17067.0
362.0,17140.0
363.0,17192.0
364.0,17166.0
365.0,17242.0
366.0,17474.0
367.0,17393.0
368.0,17298.0
369.0,17530.0
370.0,17357.0
371.0,17486.0
372.0,17291.0
373.0,17488.0
374.0,17778.0
375.0,17771.0
376.0,17651.0
377.0,17521.0
378.0,17744.0
379.0,17635.0
380.0,17877.0
381.0,17991.0
382.0,17789.0
383.0,18031.0
384.0,17951.0
385.0,17800.0
386.0,18138.0
387.0,18013.0
388.0,18071.0
389.0,18243.0
390.0,18255.0
391.0,18109.0
392.0,18106.0
393.0,18281.0
394.0,18376.0
395.0,18507.0
396.0,18483.0
397.0,18321.0
398.0,18493.0
399.0,18403.0
400.0,18387.0
401.0,18457.0
402.0,18582.0
403.0,18696.0
404.0,18769.0
405.0,18554.0
406.0,18599.0
407.0,18752.0
408.0,18694.0
409.0,18670.0
410.0,18946.0
411.0,18945.0
412.0,18792.0
413.0,18868.0
414.0,18787.0
415.0,18699.0
416.0,18935.0
417.0,18972.0
418.0,19194.0
419.0,19187.0
420.0,18956.0
421.0,18850.0
422.0,19047.0
423.0,18996.0
424.0,19428.0
425.0,19318.0
426.0,19193.0
427.0,19145.0
428.0,19363.0
429.0,19224.0
430.0,19452.0
431.0,19305.0
432.0,19276.0
433.0,19556.0
434.0,19400.0
435.0,19320.0
436.0,19524.0
437.0,19489.0
438.0,19492.0
439.0,19798.0
440.0,19564.0
441.0,19562.0
442.0,19685.0
443.0,19773.0
444.0,19465.0
445.0,19972.0
446.0,19830.0
447.0,19883.0
448.0,19819.0
449.0,19734.0
450.0,19962.0
451.0,19887.0
452.0,19869.0
453.0,19981.0
454.0,20142.0
455.0,19973.0
456.0,20200.0
457.0,19835.0
458.0,19991.0
459.0,20154.0
460.0,20193.0
461.0,20156.0
462.0,20146.0
463.0,20288.0
464.0,20223.0
465.0,20425.0
466.0,20090.0
467.0,20110.0
468.0,20543.0
469.0,20510.0
470.0,20322.0
471.0,20362.0
472.0,20229.0
473.0,20388.0
474.0,20568.0
475.0,20399.0
476.0,20554.0
477.0,20431.0
478.0,20282.0
479.0,20627.0
480.0,20532.0
481.0,20471.0
482.0,20523.0
483.0,20798.0
484.0,20610.0
485.0,20788.0
486.0,20531.0
487.0,20488.0
488.0,20772.0
489.0,20811.0
490.0,20795.0
491.0,20796.0
492.0,20860.0
493.0,20597.0
494.0,20832.0
495.0,20735.0
496.0,21129.0
497.0,21133.0
498.0,20803.0
499.0,20846.0
500.0,20657.0
501.0,20897.0
502.0,20885.0
503.0,20796.0
504.0,21105.0
505.0,21083.0
506.0,20877.0
507.0,21023.0
508.0,20886.0
509.0,20965.0
510.0,21284.0
511.0,21285.0
512.0,21169.0
513.0,21244.0
514.0,21101.0
515.0,21087.0
516.0,21213.0
517.0,21188.0
518.0,21167.0
519.0,21350.0
520.0,21313.0
521.0,21128.0
522.0,21236.0
523.0,21261.0
524.0,21148.0
525.0,21625.0
526.0,21389.0
527.0,21387.0
528.0,21417.0
529.0,21160.0
530.0,21410.0
531.0,21279.0
532.0,21285.0
533.0,21728.0
534.0,21496.0
535.0,21439.0
536.0,21233.0
537.0,21430.0
538.0,21367.0
539.0,21710.0
540.0,21475.0
541.0,21688.0
542.0,21495.0
543.0,21396.0
544.0,21614.0
545.0,21581.0
546.0,21565.0
547.0,21590.0
548.0,21754.0
549.0,21745.0
550.0,21541.0
551.0,21692.0
552.0,21454.0
553.0,21853.0
554.0,21858.0
555.0,21602.0
556.0,21597.0
557.0,21685.0
558.0,21489.0
559.0,21795.0
560.0,21743.0
561.0,21668.0
562.0,21735.0
563.0,21807.0
564.0,21616.0
565.0,21756.0
566.0,21393.0
567.0,21782.0
568.0,22005.0
569.0,21858.0
570.0,21816.0
571.0,21753.0
572.0,21589.0
573.0,21764.0
574.0,21792.0
575.0,21862.0
576.0,21957.0
577.0,21694.0
578.0,21598.0
579.0,21636.0
580.0,21762.0
581.0,21832.0
582.0,21975.0
583.0,21988.0
584.0,21730.0
585.0,21823.0
586.0,21788.0
587.0,21792.0
588.0,21938.0
589.0,21783.0
590.0,22125.0
591.0,22035.0
592.0,21599.0
593.0,21889.0
594.0,21844.0
595.0,21922.0
596.0,22296.0
597.0,22035.0
598.0,21867.0
599.0,21939.0
600.0,21707.0
601.0,21770.0
602.0,21983.0
603.0,21933.0
604.0,21984.0
605.0,22018.0
606.0,21389.0
607.0,21751.0
608.0,21916.0
609.0,21749.0
610.0,22197.0
611.0,21910.0
612.0,21952.0
613.0,21939.0
614.0,21602.0
615.0,21850.0
616.0,21862.0
617.0,21854.0
618.0,22137.0
619.0,21844.0
620.0,21937.0
621.0,21813.0
622.0,21895.0
623.0,21919.0
624.0,22012.0
625.0,22208.0
626.0,21838.0
627.0,21765.0
628.0,21825.0
629.0,21774.0
630.0,21862.0
631.0,21953.0
632.0,21823.0
633.0,21953.0
634.0,21788.0
635.0,21776.0
636.0,21679.0
637.0,21713.0
638.0,22011.0
639.0,21892.0
640.0,21849.0
641.0,21722.0
642.0,21885.0
643.0,21650.0
644.0,21802.0
645.0,21686.0
646.0,21861.0
647.0,22069.0
648.0,21533.0
649.0,21825.0
650.0,21566.0
651.0,21729.0
652.0,21793.0
653.0,21720.0
654.0,21609.0
655.0,21901.0
656.0,21419.0
657.0,21389.0
658.0,21633.0
659.0,21656.0
660.0,22002.0
661.0,21829.0
662.0,21394.0
663.0,21502.0
664.0,21510.0
665.0,21579.0
666.0,21628.0
667.0,21741.0
668.0,21613.0
669.0,21433.0
670.0,21379.0
671.0,21516.0
672.0,21528.0
673.0,21598.0
674.0,21618.0
675.0,21647.0
676.0,21447.0
677.0,21445.0
678.0,21440.0
679.0,21464.0
680.0,21567.0
681.0,21507.0
682.0,21382.0
683.0,21667.0
684.0,21264.0
685.0,21280.0
686.0,21374.0
687.0,21334.0
688.0,21344.0
689.0,21450.0
690.0,21194.0
691.0,21354.0
692.0,21011.0
693.0,21083.0
694.0,21531.0
695.0,21065.0
696.0,21221.0
697.0,21323.0
698.0,21077.0
699.0,21150.0
700.0,21196.0
701.0,21041.0
702.0,21106.0
703.0,21149.0
704.0,21167.0
705.0,20958.0
706.0,21021.0
707.0,20892.0
708.0,21063.0
709.0,21298.0
710.0,20971.0
711.0,20931.0
712.0,20825.0
713.0,20670.0
714.0,20895.0
715.0,20916.0
716.0,21047.0
717.0,21026.0
718.0,20915.0
719.0,20838.0
720.0,20712.0
721.0,20793.0
722.0,20940.0
723.0,20768.0
724.0,20819.0
725.0,20680.0
726.0,20403.0
727.0,20629.0
728.0,20735.0
729.0,20675.0
730.0,20881.0
731.0,20935.0
732.0,20429.0
733.0,20682.0
734.0,20435.0
735.0,20516.0
736.0,20711.0
737.0,20550.0
738.0,20571.0
739.0,20547.0
740.0,20218.0
741.0,20441.0
742.0,20510.0
743.0,20486.0
744.0,20791.0
745.0,20262.0
746.0,20291.0
747.0,20334.0
748.0,19962.0
749.0,20146.0
750.0,20338.0
751.0,20439.0
752.0,20124.0
753.0,20235.0
754.0,20038.0
755.0,20238.0
756.0,20102.0
757.0,20277.0
758.0,20036.0
759.0,20028.0
760.0,19945.0
761.0,19895.0
762.0,19836.0
763.0,20111.0
764.0,20304.0
765.0,19868.0
766.0,19706.0
767.0,19920.0
768.0,19724.0
769.0,19838.0
770.0,19811.0
771.0,19763.0
772.0,19868.0
773.0,19698.0
774.0,19601.0
775.0,19687.0
776.0,19460.0
777.0,19694.0
778.0,19796.0
779.0,19561.0
780.0,19460.0
781.0,19408.0
782.0,19201.0
783.0,19594.0
784.0,19474.0
785.0,19585.0
786.0,19507.0
787.0,19428.0
788.0,19243.0
789.0,19281.0
790.0,19067.0
791.0,19191.0
792.0,19245.0
793.0,19132.0
794.0,19271.0
795.0,18902.0
796.0,19084.0
797.0,19082.0
798.0,19052.0
799.0,19168.0
800.0,19129.0
801.0,18752.0
802.0,18765.0
803.0,18646.0
804.0,18963.0
805.0,18986.0
806.0,18900.0
807.0,18611.0
808.0,18982.0
809.0,18681.0
810.0,18547.0
811.0,18706.0
812.0,18584.0
813.0,18650.0
814.0,18715.0
815.0,18450.0
816.0,18383.0
817.0,18499.0
818.0,18453.0
819.0,18547.0
820.0,18584.0
821.0,18490.0
822.0,18437.0
823.0,18250.0
824.0,18245.0
825.0,18307.0
826.0,18220.0
827.0,18433.0
828.0,18287.0
829.0,18085.0
830.0,18073.0
831.0,18027.0
832.0,18120.0
833.0,18172.0
834.0,18156.0
835.0,17993.0
836.0,17926.0
837.0,17683.0
838.0,17803.0
839.0,17784.0
840.0,17855.0
841.0,17944.0
842.0,17591.0
843.0,17557.0
844.0,17484.0
845.0,17575.0
846.0,17640.0
847.0,17564.0
848.0,17599.0
849.0,17539.0
850.0,17195.0
851.0,17399.0
852.0,17444.0
853.0,17223.0
854.0,17484.0
855.0,17220.0
856.0,17004.0
857.0,17153.0
858.0,17073.0
859.0,17238.0
860.0,17180.0
861.0,16944.0
862.0,17072.0
863.0,17003.0
864.0,16977.0
865.0,16725.0
866.0,16955.0
867.0,16830.0
868.0,16879.0
869.0,16606.0
870.0,16642.0
871.0,16701.0
872.0,16522.0
873.0,16631.0
874.0,16546.0
875.0,16453.0
876.0,16564.0
877.0,16459.0
878.0,16304.0
879.0,16497.0
880.0,16285.0
881.0,16487.0
882.0,16471.0
883.0,16421.0
884.0,16220.0
885.0,16124.0
886.0,16171.0
887.0,16213.0
888.0,16096.0
889.0,16008.0
890.0,16000.0
891.0,15823.0
892.0,16001.0
893.0,15868.0
894.0,15832.0
895.0,15906.0
896.0,15952.0
897.0,15782.0
898.0,15620.0
899.0,15672.0
900.0,15474.0
901.0,15774.0
902.0,15706.0
903.0,15603.0
904.0,15392.0
905.0,15264.0
906.0,15418.0
907.0,15480.0
908.0,15311.0
909.0,15578.0
910.0,15088.0
911.0,15162.0
912.0,15186.0
913.0,15039.0
914.0,15301.0
915.0,15182.0
916.0,15036.0
917.0,15142.0
918.0,14921.0
919.0,14817.0
920.0,15016.0
921.0,14844.0
922.0,15102.0
923.0,14826.0
924.0,14620.0
925.0,14628.0
926.0,14683.0
927.0,14541.0
928.0,14896.0
929.0,14534.0
930.0,14622.0
931.0,14423.0
932.0,14280.0
933.0,14412.0
934.0,14424.0
935.0,14380.0
936.0,14339.0
937.0,14066.0
938.0,14158.0
939.0,14018.0
940.0,14011.0
941.0,14147.0
942.0,14130.0
943.0,14085.0
944.0,13983.0
945.0,13882.0
946.0,13969.0
947.0,13882.0
948.0,13857.0
949.0,13719.0
950.0,13821.0
951.0,13555.0
952.0,13535.0
953.0,13471.0
954.0,13484.0
955.0,13669.0
956.0,13524.0
957.0,13436.0
958.0,13384.0
959.0,13329.0
960.0,13223.0
961.0,13208.0
962.0,13287.0
963.0,13230.0
964.0,13115.0
965.0,13113.0
966.0,13051.0
967.0,12782.0
968.0,13004.0
969.0,13154.0
970.0,13002.0
971.0,12890.0
972.0,12763.0
973.0,12758.0
974.0,12740.0
975.0,12606.0
976.0,12840.0
977.0,12715.0
978.0,12464.0
979.0,12498.0
980.0,12364.0
981.0,12518.0
982.0,12390.0
983.0,12372.0
984.0,12357.0
985.0,12101.0
986.0,12208.0
987.0,12130.0
988.0,12195.0
989.0,12239.0
990.0,12113.0
991.0,12055.0
992.0,11956.0
993.0,11913.0
994.0,11857.0
995.0,11931.0
996.0,11897.0
997.0,11884.0
998.0,11810.0
999.0,11667.0
1000.0,11594.0
1001.0,11616.0
1002.0,11534.0
1003.0,11614.0
1004.0,11377.0
1005.0,11495.0
1006.0,11332.0
1007.0,11358.0
1008.0,11522.0
1009.0,11364.0
1010.0,11269.0
1011.0,11222.0
1012.0,11102.0
1013.0,11048.0
1014.0,11110.0
1015.0,11062.0
1016.0,11243.0
1017.0,10901.0
1018.0,10859.0
1019.0,10924.0
1020.0,10831.0
1021.0,10698.0
1022.0,10888.0
1023.0,10816.0
