0.0,1018.0
1.0,1535.0
2.0,1466.0
3.0,1483.0
4.0,1470.0
5.0,1453.0
6.0,1460.0
7.0,1490.0
8.0,1534.0
9.0,1530.0
10.0,1577.0
11.0,1619.0
12.0,1587.0
13.0,1631.0
14.0,1593.0
15.0,1621.0
16.0,1649.0
17.0,1692.0
18.0,1709.0
19.0,1765.0
20.0,1760.0
21.0,1804.0
22.0,1789.0
23.0,1782.0
24.0,1847.0
25.0,1843.0
26.0,1892.0
27.0,1928.0
28.0,1882.0
29.0,1945.0
30.0,1914.0
31.0,1988.0
32.0,1995.0
33.0,2077.0
34.0,2016.0
35.0,2059.0
36.0,2077.0
37.0,2070.0
38.0,2158.0
39.0,2178.0
40.0,2206.0
41.0,2179.0
42.0,2241.0
43.0,2223.0
44.0,2305.0
45.0,2325.0
46.0,2303.0
47.0,2374.0
48.0,2363.0
49.0,2339.0
50.0,2401.0
51.0,2399.0
52.0,2485.0
53.0,2505.0
54.0,2489.0
55.0,2563.0
56.0,2549.0
57.0,2567.0
58.0,2583.0
59.0,2659.0
60.0,2699.0
61.0,2691.0
62.0,2728.0
63.0,2709.0
64.0,2708.0
65.0,2823.0
66.0,2834.0
67.0,2873.0
68.0,2932.0
69.0,2898.0
70.0,2932.0
71.0,2945.0
72.0,2954.0
73.0,3036.0
74.0,3089.0
75.0,3055.0
76.0,3056.0
77.0,3097.0
78.0,3140.0
79.0,3167.0
80.0,3203.0
81.0,3235.0
82.0,3281.0
83.0,3299.0
84.0,3235.0
85.0,3380.0
86.0,3331.0
87.0,3394.0
88.0,3461.0
89.0,3484.0
90.0,3503.0
91.0,3478.0
92.0,3498.0
93.0,3568.0
94.0,3556.0
95.0,3585.0
96.0,3642.0
97.0,3693.0
98.0,3689.0
99.0,3719.0
100.0,3711.0
101.0,3811.0
102.0,3865.0
103.0,3917.0
104.0,3900.0
105.0,3878.0
106.0,3921.0
107.0,4011.0
108.0,3966.0
109.0,4062.0
110.0,4081.0
111.0,4078.0
112.0,4109.0
113.0,4174.0
114.0,4203.0
115.0,4221.0
116.0,4272.0
117.0,4274.0
118.0,4379.0
119.0,4340.0
120.0,4331.0
121.0,4365.0
122.0,4413.0
123.0,4499.0
124.0,4542.0
125.0,4632.0
126.0,4587.0
127.0,4613.0
128.0,4614.0
129.0,4570.0
130.0,4699.0
131.0,4781.0
132.0,4821.0
133.0,4847.0
134.0,4829.0
135.0,4934.0
136.0,4926.0
137.0,4944.0
138.0,4988.0
139.0,5062.0
140.0,5023.0
141.0,5052.0
142.0,5119.0
143.0,5134.0
144.0,5202.0
145.0,5223.0
146.0,5298.0
147.0,5338.0
148.0,5379.0
149.0,5353.0
150.0,5379.0
151.0,5435.0
152.0,5511.0
153.0,5517.0
154.0,5595.0
155.0,5583.0
156.0,5594.0
157.0,5655.0
158.0,5769.0
159.0,5762.0
160.0,5832.0
161.0,5881.0
162.0,5903.0
163.0,5885.0
164.0,5933.0
165.0,5875.0
166.0,6010.0
167.0,6110.0
168.0,6156.0
169.0,6190.0
170.0,6148.0
171.0,6123.0
172.0,6242.0
173.0,6323.0
174.0,6308.0
175.0,6350.0
176.0,6408.0
177.0,6394.0
178.0,6397.0
179.0,6468.0
180.0,6504.0
181.0,6560.0
182.0,6585.0
183.0,6661.0
184.0,6717.0
185.0,6754.0
186.0,6736.0
187.0,6832.0
188.0,6847.0
189.0,6979.0
190.0,6989.0
191.0,6895.0
192.0,7004.0
193.0,6975.0
194.0,7105.0
195.0,7270.0
196.0,7227.0
197.0,7164.0
198.0,7199.0
199.0,7280.0
200.0,7328.0
201.0,7363.0
202.0,7469.0
203.0,7472.0
204.0,7515.0
205.0,7535.0
206.0,7492.0
207.0,7601.0
208.0,7655.0
209.0,7714.0
210.0,7771.0
211.0,7860.0
212.0,7796.0
213.0,7957.0
214.0,7860.0
215.0,8002.0
216.0,7967.0
217.0,8125.0
218.0,8115.0
219.0,8152.0
220.0,8009.0
221.0,8271.0
222.0,8223.0
223.0,8334.0
224.0,8378.0
225.0,8352.0
226.0,8376.0
227.0,8313.0
228.0,8413.0
229.0,8520.0
230.0,8661.0
231.0,8535.0
232.0,8706.0
233.0,8624.0
234.0,8783.0
235.0,8722.0
236.0,8764.0
237.0,8756.0
238.0,8885.0
239.0,8926.0
240.0,9014.0
241.0,8940.0
242.0,9050.0
243.0,9067.0
244.0,9189.0
245.0,9279.0
246.0,9273.0
247.0,9284.0
248.0,9279.0
249.0,9335.0
250.0,9321.0
251.0,9403.0
252.0,9577.0
253.0,9634.0
254.0,9550.0
255.0,9457.0
256.0,9596.0
257.0,9524.0
258.0,9680.0
259.0,9868.0
260.0,9800.0
261.0,9951.0
262.0,9766.0
263.0,9834.0
264.0,9856.0
265.0,10016.0
266.0,10085.0
267.0,10087.0
268.0,10025.0
269.0,10104.0
270.0,10089.0
271.0,10173.0
272.0,10304.0
273.0,10332.0
274.0,10342.0
275.0,10294.0
276.0,10382.0
277.0,10377.0
278.0,10328.0
279.0,10521.0
280.0,10614.0
281.0,10640.0
282.0,10595.0
283.0,10615.0
284.0,10625.0
285.0,10562.0
286.0,10844.0
287.0,10676.0
288.0,10854.0
289.0,10860.0
290.0,10831.0
291.0,10887.0
292.0,10957.0
293.0,10953.0
294.0,11136.0
295.0,11130.0
296.0,10873.0
297.0,11155.0
298.0,11168.0
299.0,11074.0
300.0,11411.0
301.0,11381.0
302.0,11302.0
303.0,11402.0
304.0,11255.0
305.0,11307.0
306.0,11413.0
307.0,11526.0
308.0,11664.0
309.0,11684.0
310.0,11544.0
311.0,11532.0
312.0,11671.0
313.0,11685.0
314.0,11795.0
315.0,11696.0
316.0,12022.0
317.0,11728.0
318.0,11722.0
319.0,11819.0
320.0,11895.0
321.0,12007.0
322.0,12045.0
323.0,12034.0
324.0,12087.0
325.0,11922.0
326.0,11907.0
327.0,12124.0
328.0,12248.0
329.0,12214.0
330.0,12214.0
331.0,12366.0
332.0,12146.0
333.0,12400.0
334.0,12470.0
335.0,12277.0
336.0,12639.0
337.0,12513.0
338.0,12500.0
339.0,12549.0
340.0,12553.0
341.0,12630.0
342.0,12691.0
343.0,12846.0
344.0,12756.0
345.0,12692.0
346.0,12736.0
347.0,12892.0
348.0,12876.0
349.0,12878.0
350.0,12894.0
351.0,12912.0
352.0,13063.0
353.0,12974.0
354.0,13045.0
355.0,13131.0
356.0,13080.0
357.0,13159.0
358.0,13286.0
359.0,13152.0
360.0,13139.0
361.0,13273.0
362.0,13265.0
363.0,13402.0
364.0,13421.0
365.0,13401.0
366.0,13321.0
367.0,13405.0
368.0,13343.0
369.0,13626.0
370.0,13577.0
371.0,13590.0
372.0,13422.0
373.0,13536.0
374.0,13591.0
375.0,13707.0
376.0,13565.0
377.0,13743.0
378.0,13915.0
379.0,13766.0
380.0,13699.0
381.0,13689.0
382.0,13819.0
383.0,14027.0
384.0,13959.0
385.0,13993.0
386.0,14023.0
387.0,13863.0
388.0,14095.0
389.0,14155.0
390.0,14138.0
391.0,14316.0
392.0,14211.0
393.0,14006.0
394.0,14223.0
395.0,14005.0
396.0,14141.0
397.0,14310.0
398.0,14382.0
399.0,14336.0
400.0,14444.0
401.0,14392.0
402.0,14314.0
403.0,14418.0
404.0,14606.0
405.0,14648.0
406.0,14449.0
407.0,14617.0
408.0,14530.0
409.0,14535.0
410.0,14577.0
411.0,14738.0
412.0,14769.0
413.0,14620.0
414.0,14593.0
415.0,14750.0
416.0,14635.0
417.0,14782.0
418.0,14868.0
419.0,14845.0
420.0,15108.0
421.0,14886.0
422.0,14669.0
423.0,14958.0
424.0,15056.0
425.0,15244.0
426.0,14935.0
427.0,15029.0
428.0,14973.0
429.0,14950.0
430.0,14967.0
431.0,15176.0
432.0,15369.0
433.0,15009.0
434.0,15083.0
435.0,15165.0
436.0,14995.0
437.0,15289.0
438.0,15276.0
439.0,15344.0
440.0,15378.0
441.0,15371.0
442.0,15235.0
443.0,15485.0
444.0,15313.0
445.0,15542.0
446.0,15568.0
447.0,15429.0
448.0,15470.0
449.0,15347.0
450.0,15531.0
451.0,15682.0
452.0,15576.0
453.0,15851.0
454.0,15612.0
455.0,15445.0
456.0,15606.0
457.0,15618.0
458.0,15613.0
459.0,15797.0
460.0,15632.0
461.0,15691.0
462.0,15828.0
463.0,15648.0
464.0,15994.0
465.0,15878.0
466.0,15935.0
467.0,16095.0
468.0,15727.0
469.0,15795.0
470.0,15853.0
471.0,15929.0
472.0,16139.0
473.0,16054.0
474.0,15982.0
475.0,15938.0
476.0,15873.0
477.0,15959.0
478.0,15983.0
479.0,15995.0
480.0,16231.0
481.0,16171.0
482.0,16104.0
483.0,16059.0
484.0,16238.0
485.0,16315.0
486.0,16212.0
487.0,16225.0
488.0,16276.0
489.0,16161.0
490.0,16070.0
491.0,16373.0
492.0,16232.0
493.0,16363.0
494.0,16379.0
495.0,16243.0
496.0,16207.0
497.0,16243.0
498.0,16321.0
499.0,16341.0
500.0,16637.0
501.0,16413.0
502.0,16467.0
503.0,16346.0
504.0,16325.0
505.0,16328.0
506.0,16527.0
507.0,16620.0
508.0,16720.0
509.0,16339.0
510.0,16374.0
511.0,16568.0
512.0,16451.0
513.0,16688.0
514.0,16640.0
515.0,16549.0
516.0,16510.0
517.0,16393.0
518.0,16520.0
519.0,16848.0
520.0,16510.0
521.0,16848.0
522.0,16624.0
523.0,16588.0
524.0,16761.0
525.0,16571.0
526.0,16749.0
527.0,16786.0
528.0,16639.0
529.0,16840.0
530.0,16704.0
531.0,16591.0
532.0,16828.0
533.0,16923.0
534.0,16891.0
535.0,16781.0
536.0,16783.0
537.0,16805.0
538.0,16705.0
539.0,16874.0
540.0,16896.0
541.0,16843.0
542.0,16786.0
543.0,16825.0
544.0,16866.0
545.0,16881.0
546.0,17061.0
547.0,16948.0
548.0,16995.0
549.0,16874.0
550.0,16837.0
551.0,16858.0
552.0,16932.0
553.0,17018.0
554.0,17028.0
555.0,16936.0
556.0,17017.0
557.0,16922.0
558.0,16844.0
559.0,16974.0
560.0,17072.0
561.0,17182.0
562.0,16955.0
563.0,17003.0
564.0,16925.0
565.0,17043.0
566.0,17056.0
567.0,16977.0
568.0,17192.0
569.0,16989.0
570.0,17018.0
571.0,17007.0
572.0,16935.0
573.0,17174.0
574.0,17067.0
575.0,17067.0
576.0,17147.0
577.0,16969.0
578.0,16979.0
579.0,17016.0
580.0,17263.0
581.0,17253.0
582.0,17155.0
583.0,17094.0
584.0,16888.0
585.0,17003.0
586.0,17213.0
587.0,17112.0
588.0,17367.0
589.0,16989.0
590.0,16970.0
591.0,16891.0
592.0,16977.0
593.0,17130.0
594.0,17381.0
595.0,17031.0
596.0,17043.0
597.0,17113.0
598.0,16864.0
599.0,17098.0
600.0,17167.0
601.0,17443.0
602.0,17181.0
603.0,17051.0
604.0,17021.0
605.0,17216.0
606.0,16987.0
607.0,17335.0
608.0,17210.0
609.0,17080.0
610.0,17160.0
611.0,16995.0
612.0,17040.0
613.0,17153.0
614.0,17179.0
615.0,17161.0
616.0,17213.0
617.0,17035.0
618.0,17201.0
619.0,17014.0
620.0,17127.0
621.0,17228.0
622.0,17199.0
623.0,17162.0
624.0,16883.0
625.0,17091.0
626.0,17212.0
627.0,17114.0
628.0,17033.0
629.0,17230.0
630.0,17122.0
631.0,17045.0
632.0,16799.0
633.0,17001.0
634.0,17342.0
635.0,17004.0
636.0,16860.0
637.0,17048.0
638.0,16839.0
639.0,16946.0
640.0,17015.0
641.0,17225.0
642.0,17080.0
643.0,16913.0
644.0,17066.0
645.0,16839.0
646.0,16832.0
647.0,17104.0
648.0,17170.0
649.0,16858.0
650.0,16922.0
651.0,16776.0
652.0,16899.0
653.0,16963.0
654.0,16854.0
655.0,17141.0
656.0,16812.0
657.0,16923.0
658.0,16618.0
659.0,16900.0
660.0,16797.0
661.0,17039.0
662.0,16993.0
663.0,16663.0
664.0,16741.0
665.0,16722.0
666.0,17082.0
667.0,16805.0
668.0,16968.0
669.0,16778.0
670.0,16586.0
671.0,16580.0
672.0,16737.0
673.0,16698.0
674.0,16845.0
675.0,16725.0
676.0,16741.0
677.0,16649.0
678.0,16566.0
679.0,16608.0
680.0,16678.0
681.0,16644.0
682.0,16587.0
683.0,16476.0
684.0,16453.0
685.0,16666.0
686.0,16686.0
687.0,16824.0
688.0,16530.0
689.0,16633.0
690.0,16427.0
691.0,16326.0
692.0,16507.0
693.0,16709.0
694.0,16570.0
695.0,16633.0
696.0,16448.0
697.0,16210.0
698.0,16515.0
699.0,16545.0
700.0,16451.0
701.0,16298.0
702.0,16367.0
703.0,16329.0
704.0,16404.0
705.0,16249.0
706.0,16420.0
707.0,16309.0
708.0,16380.0
709.0,16251.0
710.0,16140.0
711.0,16319.0
712.0,16202.0
713.0,16275.0
714.0,16174.0
715.0,16147.0
716.0,16112.0
717.0,15941.0
718.0,16098.0
719.0,16152.0
720.0,16165.0
721.0,16042.0
722.0,16056.0
723.0,15924.0
724.0,16031.0
725.0,15942.0
726.0,16065.0
727.0,16128.0
728.0,15990.0
729.0,15809.0
730.0,15830.0
731.0,15941.0
732.0,15963.0
733.0,16068.0
734.0,15993.0
735.0,15781.0
736.0,15605.0
737.0,15743.0
738.0,15750.0
739.0,15895.0
740.0,15923.0
741.0,15884.0
742.0,15729.0
743.0,15453.0
744.0,15562.0
745.0,15639.0
746.0,15650.0
747.0,15629.0
748.0,15759.0
749.0,15460.0
750.0,15527.0
751.0,15517.0
752.0,15648.0
753.0,15690.0
754.0,15557.0
755.0,15218.0
756.0,15416.0
757.0,15369.0
758.0,15388.0
759.0,15640.0
760.0,15459.0
761.0,15453.0
762.0,15203.0
763.0,15319.0
764.0,15230.0
765.0,15288.0
766.0,15411.0
767.0,15085.0
768.0,15245.0
769.0,15097.0
770.0,14968.0
771.0,15377.0
772.0,15044.0
773.0,15218.0
774.0,14926.0
775.0,15101.0
776.0,14944.0
777.0,14979.0
778.0,14992.0
779.0,15185.0
780.0,14899.0
781.0,14888.0
782.0,14771.0
783.0,14694.0
784.0,14908.0
785.0,14972.0
786.0,14944.0
787.0,14703.0
788.0,14531.0
789.0,14757.0
790.0,14641.0
791.0,14603.0
792.0,14669.0
793.0,14618.0
794.0,14635.0
795.0,14460.0
796.0,14428.0
797.0,14470.0
798.0,14310.0
799.0,14582.0
800.0,14441.0
801.0,14306.0
802.0,14220.0
803.0,14218.0
804.0,14387.0
805.0,14375.0
806.0,14312.0
807.0,14220.0
808.0,14109.0
809.0,14037.0
810.0,14095.0
811.0,14139.0
812.0,14220.0
813.0,14144.0
814.0,14014.0
815.0,13907.0
816.0,13852.0
817.0,13987.0
818.0,14142.0
819.0,14089.0
820.0,13687.0
821.0,13760.0
822.0,13634.0
823.0,13862.0
824.0,13768.0
825.0,13825.0
826.0,13551.0
827.0,13726.0
828.0,13399.0
829.0,13585.0
830.0,13646.0
831.0,13528.0
832.0,13518.0
833.0,13531.0
834.0,13255.0
835.0,13228.0
836.0,13536.0
837.0,13365.0
838.0,13461.0
839.0,13297.0
840.0,13153.0
841.0,13218.0
842.0,13140.0
843.0,13196.0
844.0,13174.0
845.0,13213.0
846.0,13129.0
847.0,12911.0
848.0,13094.0
849.0,13236.0
850.0,13059.0
851.0,13005.0
852.0,12884.0
853.0,12787.0
854.0,12776.0
855.0,12903.0
856.0,12738.0
857.0,12791.0
858.0,12650.0
859.0,12737.0
860.0,12537.0
861.0,12660.0
862.0,12604.0
863.0,12600.0
864.0,12600.0
865.0,12402.0
866.0,12426.0
867.0,12493.0
868.0,12390.0
869.0,12472.0
870.0,12463.0
871.0,12363.0
872.0,12449.0
873.0,12040.0
874.0,12269.0
875.0,12298.0
876.0,12155.0
877.0,12262.0
878.0,12188.0
879.0,12047.0
880.0,11941.0
881.0,12007.0
882.0,12127.0
883.0,12059.0
884.0,11989.0
885.0,11911.0
886.0,11794.0
887.0,11814.0
888.0,11771.0
889.0,11946.0
890.0,11755.0
891.0,11709.0
892.0,11586.0
893.0,11482.0
894.0,11656.0
895.0,11703.0
896.0,11541.0
897.0,11388.0
898.0,11349.0
899.0,11329.0
900.0,11405.0
901.0,11395.0
902.0,11422.0
903.0,11425.0
904.0,11238.0
905.0,11297.0
906.0,11172.0
907.0,11200.0
908.0,11228.0
909.0,11219.0
910.0,11080.0
911.0,11102.0
912.0,11043.0
913.0,10952.0
914.0,10980.0
915.0,11017.0
916.0,10790.0
917.0,10820.0
918.0,10772.0
919.0,10683.0
920.0,10873.0
921.0,10717.0
922.0,10679.0
923.0,10658.0
924.0,10436.0
925.0,10431.0
926.0,10472.0
927.0,10682.0
928.0,10405.0
929.0,10563.0
930.0,10415.0
931.0,10257.0
932.0,10327.0
933.0,10307.0
934.0,10202.0
935.0,10351.0
936.0,10333.0
937.0,10129.0
938.0,10185.0
939.0,10074.0
940.0,10103.0
941.0,10224.0
942.0,9992.0
943.0,10050.0
944.0,9816.0
945.0,9923.0
946.0,9920.0
947.0,9958.0
948.0,9744.0
949.0,9754.0
950.0,9566.0
951.0,9688.0
952.0,9652.0
953.0,9637.0
954.0,9550.0
955.0,9549.0
956.0,9539.0
957.0,9458.0
958.0,9411.0
959.0,9378.0
960.0,9353.0
961.0,9402.0
962.0,9198.0
963.0,9197.0
964.0,9215.0
965.0,9217.0
966.0,9205.0
967.0,9174.0
968.0,9116.0
969.0,9061.0
970.0,9137.0
971.0,9202.0
972.0,9075.0
973.0,9001.0
974.0,8941.0
975.0,8815.0
976.0,8761.0
977.0,8896.0
978.0,8854.0
979.0,8772.0
980.0,8780.0
981.0,8610.0
982.0,8635.0
983.0,8574.0
984.0,8654.0
985.0,8607.0
986.0,8560.0
987.0,8420.0
988.0,8288.0
989.0,8392.0
990.0,8370.0
991.0,8321.0
992.0,8273.0
993.0,8254.0
994.0,8177.0
995.0,8181.0
996.0,8089.0
997.0,8125.0
998.0,8115.0
999.0,7987.0
1000.0,8156.0
1001.0,7993.0
1002.0,8071.0
1003.0,7899.0
1004.0,8084.0
1005.0,7949.0
1006.0,7873.0
1007.0,7742.0
1008.0,7688.0
1009.0,7729.0
1010.0,7841.0
1011.0,7721.0
1012.0,7736.0
1013.0,7672.0
1014.0,7588.0
1015.0,7582.0
1016.0,7519.0
1017.0,7537.0
1018.0,7439.0
1019.0,7474.0
1020.0,7311.0
1021.0,7339.0
1022.0,7399.0
1023.0,7327.0
