0.0,116.0
1.0,151.0
2.0,152.0
3.0,165.0
4.0,160.0
5.0,162.0
6.0,176.0
7.0,183.0
8.0,185.0
9.0,196.0
10.0,194.0
11.0,181.0
12.0,193.0
13.0,189.0
14.0,200.0
15.0,207.0
16.0,192.0
17.0,220.0
18.0,228.0
19.0,222.0
20.0,226.0
21.0,233.0
22.0,214.0
23.0,243.0
24.0,211.0
25.0,236.0
26.0,255.0
27.0,251.0
28.0,249.0
29.0,259.0
30.0,269.0
31.0,268.0
32.0,275.0
33.0,270.0
34.0,280.0
35.0,296.0
36.0,271.0
37.0,290.0
38.0,276.0
39.0,282.0
40.0,314.0
41.0,327.0
42.0,315.0
43.0,321.0
44.0,317.0
45.0,334.0
46.0,350.0
47.0,345.0
48.0,363.0
49.0,377.0
50.0,381.0
51.0,369.0
52.0,383.0
53.0,376.0
54.0,401.0
55.0,400.0
56.0,410.0
57.0,395.0
58.0,409.0
59.0,415.0
60.0,410.0
61.0,434.0
62.0,419.0
63.0,432.0
64.0,461.0
65.0,463.0
66.0,442.0
67.0,446.0
68.0,478.0
69.0,491.0
70.0,483.0
71.0,475.0
72.0,495.0
73.0,505.0
74.0,513.0
75.0,518.0
76.0,489.0
77.0,520.0
78.0,513.0
79.0,537.0
80.0,542.0
81.0,550.0
82.0,555.0
83.0,555.0
84.0,581.0
85.0,565.0
86.0,562.0
87.0,572.0
88.0,573.0
89.0,597.0
90.0,602.0
91.0,635.0
92.0,624.0
93.0,630.0
94.0,626.0
95.0,665.0
96.0,638.0
97.0,654.0
98.0,638.0
99.0,645.0
100.0,676.0
101.0,689.0
102.0,684.0
103.0,673.0
104.0,689.0
105.0,708.0
106.0,699.0
107.0,695.0
108.0,721.0
109.0,746.0
110.0,719.0
111.0,731.0
112.0,737.0
113.0,769.0
114.0,791.0
115.0,748.0
116.0,795.0
117.0,769.0
118.0,779.0
119.0,803.0
120.0,777.0
121.0,806.0
122.0,799.0
123.0,811.0
124.0,814.0
125.0,845.0
126.0,830.0
127.0,842.0
128.0,862.0
129.0,863.0
130.0,890.0
131.0,872.0
132.0,868.0
133.0,885.0
134.0,882.0
135.0,897.0
136.0,930.0
137.0,891.0
138.0,934.0
139.0,928.0
140.0,914.0
141.0,914.0
142.0,939.0
143.0,974.0
144.0,950.0
145.0,946.0
146.0,971.0
147.0,965.0
148.0,1008.0
149.0,1014.0
150.0,1018.0
151.0,1019.0
152.0,1031.0
153.0,998.0
154.0,1002.0
155.0,1052.0
156.0,1043.0
157.0,1035.0
158.0,1046.0
159.0,1077.0
160.0,1097.0
161.0,1099.0
162.0,1116.0
163.0,1071.0
164.0,1111.0
165.0,1127.0
166.0,1129.0
167.0,1118.0
168.0,1133.0
169.0,1141.0
170.0,1151.0
171.0,1172.0
172.0,1183.0
173.0,1182.0
174.0,1172.0
175.0,1197.0
176.0,1172.0
177.0,1239.0
178.0,1216.0
179.0,1229.0
180.0,1221.0
181.0,1253.0
182.0,1221.0
183.0,1266.0
184.0,1270.0
185.0,1266.0
186.0,1280.0
187.0,1290.0
188.0,1289.0
189.0,1331.0
190.0,1323.0
191.0,1328.0
192.0,1326.0
193.0,1330.0
194.0,1360.0
195.0,1400.0
196.0,1370.0
197.0,1383.0
198.0,1413.0
199.0,1395.0
200.0,1401.0
201.0,1402.0
202.0,1436.0
203.0,1433.0
204.0,1446.0
205.0,1445.0
206.0,1472.0
207.0,1458.0
208.0,1463.0
209.0,1482.0
210.0,1471.0
211.0,1520.0
212.0,1527.0
213.0,1525.0
214.0,1514.0
215.0,1523.0
216.0,1579.0
217.0,1570.0
218.0,1578.0
219.0,1581.0
220.0,1600.0
221.0,1580.0
222.0,1648.0
223.0,1611.0
224.0,1608.0
225.0,1622.0
226.0,1655.0
227.0,1618.0
228.0,1646.0
229.0,1700.0
230.0,1669.0
231.0,1692.0
232.0,1699.0
233.0,1704.0
234.0,1735.0
235.0,1722.0
236.0,1740.0
237.0,1728.0
238.0,1751.0
239.0,1798.0
240.0,1752.0
241.0,1798.0
242.0,1837.0
243.0,1796.0
244.0,1801.0
245.0,1782.0
246.0,1841.0
247.0,1869.0
248.0,1842.0
249.0,1852.0
250.0,1844.0
251.0,1895.0
252.0,1867.0
253.0,1959.0
254.0,1866.0
255.0,1950.0
256.0,1898.0
257.0,1941.0
258.0,1964.0
259.0,1964.0
260.0,1958.0
261.0,1980.0
262.0,1998.0
263.0,1979.0
264.0,2052.0
265.0,2048.0
266.0,2017.0
267.0,2063.0
268.0,2039.0
269.0,2087.0
270.0,2075.0
271.0,2074.0
272.0,2087.0
273.0,2091.0
274.0,2091.0
275.0,2103.0
276.0,2160.0
277.0,2169.0
278.0,2179.0
279.0,2141.0
280.0,2186.0
281.0,2213.0
282.0,2198.0
283.0,2157.0
284.0,2256.0
285.0,2214.0
286.0,2210.0
287.0,2241.0
288.0,2237.0
289.0,2268.0
290.0,2238.0
291.0,2332.0
292.0,2239.0
293.0,2332.0
294.0,2327.0
295.0,2344.0
296.0,2347.0
297.0,2366.0
298.0,2387.0
299.0,2361.0
300.0,2373.0
301.0,2386.0
302.0,2437.0
303.0,2421.0
304.0,2406.0
305.0,2410.0
306.0,2382.0
307.0,2432.0
308.0,2418.0
309.0,2481.0
310.0,2514.0
311.0,2509.0
312.0,2508.0
313.0,2496.0
314.0,2527.0
315.0,2518.0
316.0,2505.0
317.0,2498.0
318.0,2570.0
319.0,2614.0
320.0,2566.0
321.0,2586.0
322.0,2589.0
323.0,2601.0
324.0,2577.0
325.0,2626.0
326.0,2637.0
327.0,2678.0
328.0,2647.0
329.0,2646.0
330.0,2630.0
331.0,2665.0
332.0,2705.0
333.0,2722.0
334.0,2705.0
335.0,2708.0
336.0,2733.0
337.0,2782.0
338.0,2790.0
339.0,2702.0
340.0,2718.0
341.0,2785.0
342.0,2778.0
343.0,2797.0
344.0,2851.0
345.0,2791.0
346.0,2788.0
347.0,2790.0
348.0,2873.0
349.0,2840.0
350.0,2865.0
351.0,2820.0
352.0,2873.0
353.0,2901.0
354.0,2894.0
355.0,2949.0
356.0,2947.0
357.0,2948.0
358.0,2905.0
359.0,2935.0
360.0,2977.0
361.0,3020.0
362.0,2960.0
363.0,3009.0
364.0,3011.0
365.0,3019.0
366.0,3026.0
367.0,3030.0
368.0,2986.0
369.0,3018.0
370.0,3000.0
371.0,3074.0
372.0,3082.0
373.0,3098.0
374.0,3058.0
375.0,3073.0
376.0,3042.0
377.0,3088.0
378.0,3119.0
379.0,3165.0
380.0,3135.0
381.0,3101.0
382.0,3194.0
383.0,3205.0
384.0,3141.0
385.0,3207.0
386.0,3171.0
387.0,3146.0
388.0,3199.0
389.0,3213.0
390.0,3189.0
391.0,3254.0
392.0,3180.0
393.0,3274.0
394.0,3264.0
395.0,3326.0
396.0,3225.0
397.0,3248.0
398.0,3281.0
399.0,3253.0
400.0,3319.0
401.0,3296.0
402.0,3308.0
403.0,3306.0
404.0,3320.0
405.0,3399.0
406.0,3367.0
407.0,3309.0
408.0,3350.0
409.0,3431.0
410.0,3433.0
411.0,3385.0
412.0,3418.0
413.0,3404.0
414.0,3427.0
415.0,3409.0
416.0,3389.0
417.0,3476.0
418.0,3373.0
419.0,3423.0
420.0,3499.0
421.0,3436.0
422.0,3529.0
423.0,3499.0
424.0,3495.0
425.0,3415.0
426.0,3447.0
427.0,3494.0
428.0,3586.0
429.0,3570.0
430.0,3507.0
431.0,3513.0
432.0,3517.0
433.0,3595.0
434.0,3650.0
435.0,3565.0
436.0,3567.0
437.0,3621.0
438.0,3622.0
439.0,3601.0
440.0,3621.0
441.0,3569.0
442.0,3590.0
443.0,3704.0
444.0,3653.0
445.0,3700.0
446.0,3600.0
447.0,3682.0
448.0,3685.0
449.0,3690.0
450.0,3731.0
451.0,3715.0
452.0,3772.0
453.0,3656.0
454.0,3706.0
455.0,3741.0
456.0,3754.0
457.0,3751.0
458.0,3730.0
459.0,3686.0
460.0,3798.0
461.0,3802.0
462.0,3792.0
463.0,3771.0
464.0,3806.0
465.0,3861.0
466.0,3837.0
467.0,3806.0
468.0,3834.0
469.0,3850.0
470.0,3775.0
471.0,3772.0
472.0,3820.0
473.0,3816.0
474.0,3845.0
475.0,3863.0
476.0,3847.0
477.0,3889.0
478.0,3926.0
479.0,3845.0
480.0,3974.0
481.0,3876.0
482.0,3893.0
483.0,3862.0
484.0,3889.0
485.0,3897.0
486.0,3985.0
487.0,3906.0
488.0,3915.0
489.0,3957.0
490.0,3946.0
491.0,3927.0
492.0,3881.0
493.0,3914.0
494.0,3919.0
495.0,3966.0
496.0,3964.0
497.0,3957.0
498.0,3922.0
499.0,3975.0
500.0,3935.0
501.0,3947.0
502.0,4011.0
503.0,3935.0
504.0,3981.0
505.0,3996.0
506.0,4046.0
507.0,4051.0
508.0,3982.0
509.0,4022.0
510.0,4091.0
511.0,4003.0
512.0,4047.0
513.0,3987.0
514.0,3967.0
515.0,4005.0
516.0,4108.0
517.0,4155.0
518.0,4055.0
519.0,3968.0
520.0,4060.0
521.0,4134.0
522.0,4107.0
523.0,4155.0
524.0,4089.0
525.0,4076.0
526.0,4110.0
527.0,4164.0
528.0,4143.0
529.0,4152.0
530.0,4128.0
531.0,4111.0
532.0,4157.0
533.0,4144.0
534.0,4159.0
535.0,4141.0
536.0,4084.0
537.0,4162.0
538.0,4165.0
539.0,4143.0
540.0,4157.0
541.0,4144.0
542.0,4182.0
543.0,4163.0
544.0,4146.0
545.0,4185.0
546.0,4163.0
547.0,4183.0
548.0,4193.0
549.0,4121.0
550.0,4222.0
551.0,4242.0
552.0,4156.0
553.0,4209.0
554.0,4238.0
555.0,4177.0
556.0,4233.0
557.0,4168.0
558.0,4165.0
559.0,4178.0
560.0,4217.0
561.0,4294.0
562.0,4195.0
563.0,4118.0
564.0,4216.0
565.0,4216.0
566.0,4259.0
567.0,4236.0
568.0,4221.0
569.0,4225.0
570.0,4243.0
571.0,4252.0
572.0,4250.0
573.0,4212.0
574.0,4245.0
575.0,4192.0
576.0,4228.0
577.0,4265.0
578.0,4239.0
579.0,4266.0
580.0,4197.0
581.0,4201.0
582.0,4240.0
583.0,4285.0
584.0,4251.0
585.0,4218.0
586.0,4227.0
587.0,4208.0
588.0,4300.0
589.0,4234.0
590.0,4192.0
591.0,4221.0
592.0,4209.0
593.0,4269.0
594.0,4271.0
595.0,4228.0
596.0,4192.0
597.0,4271.0
598.0,4254.0
599.0,4259.0
600.0,4232.0
601.0,4228.0
602.0,4231.0
603.0,4315.0
604.0,4290.0
605.0,4324.0
606.0,4193.0
607.0,4190.0
608.0,4222.0
609.0,4194.0
610.0,4251.0
611.0,4325.0
612.0,4173.0
613.0,4246.0
614.0,4259.0
615.0,4171.0
616.0,4262.0
617.0,4231.0
618.0,4164.0
619.0,4234.0
620.0,4208.0
621.0,4212.0
622.0,4170.0
623.0,4199.0
624.0,4231.0
625.0,4177.0
626.0,4255.0
627.0,4170.0
628.0,4233.0
629.0,4148.0
630.0,4137.0
631.0,4211.0
632.0,4222.0
633.0,4248.0
634.0,4209.0
635.0,4181.0
636.0,4260.0
637.0,4228.0
638.0,4184.0
639.0,4162.0
640.0,4115.0
641.0,4145.0
642.0,4145.0
643.0,4134.0
644.0,4185.0
645.0,4127.0
646.0,4199.0
647.0,4158.0
648.0,4189.0
649.0,4151.0
650.0,4112.0
651.0,4178.0
652.0,4135.0
653.0,4163.0
654.0,4177.0
655.0,4139.0
656.0,4095.0
657.0,4109.0
658.0,4124.0
659.0,4122.0
660.0,4099.0
661.0,4113.0
662.0,4104.0
663.0,4067.0
664.0,4126.0
665.0,4059.0
666.0,4096.0
667.0,4056.0
668.0,4101.0
669.0,4027.0
670.0,4160.0
671.0,4084.0
672.0,4031.0
673.0,4070.0
674.0,4016.0
675.0,4093.0
676.0,4042.0
677.0,4112.0
678.0,4018.0
679.0,4059.0
680.0,4049.0
681.0,4050.0
682.0,4019.0
683.0,3998.0
684.0,4049.0
685.0,4000.0
686.0,4013.0
687.0,4028.0
688.0,3988.0
689.0,3949.0
690.0,3928.0
691.0,4071.0
692.0,4074.0
693.0,3954.0
694.0,3911.0
695.0,3912.0
696.0,3989.0
697.0,3912.0
698.0,3926.0
699.0,3962.0
700.0,3889.0
701.0,3946.0
702.0,4049.0
703.0,3886.0
704.0,3843.0
705.0,3930.0
706.0,3910.0
707.0,3945.0
708.0,3889.0
709.0,3918.0
710.0,3915.0
711.0,3806.0
712.0,3890.0
713.0,3883.0
714.0,3874.0
715.0,3833.0
716.0,3826.0
717.0,3901.0
718.0,3874.0
719.0,3833.0
720.0,3781.0
721.0,3793.0
722.0,3768.0
723.0,3851.0
724.0,3778.0
725.0,3760.0
726.0,3799.0
727.0,3816.0
728.0,3865.0
729.0,3820.0
730.0,3764.0
731.0,3781.0
732.0,3691.0
733.0,3718.0
734.0,3756.0
735.0,3790.0
736.0,3746.0
737.0,3698.0
738.0,3678.0
739.0,3755.0
740.0,3711.0
741.0,3664.0
742.0,3691.0
743.0,3666.0
744.0,3669.0
745.0,3633.0
746.0,3689.0
747.0,3635.0
748.0,3661.0
749.0,3673.0
750.0,3682.0
751.0,3662.0
752.0,3609.0
753.0,3598.0
754.0,3581.0
755.0,3648.0
756.0,3585.0
757.0,3573.0
758.0,3618.0
759.0,3575.0
760.0,3543.0
761.0,3542.0
762.0,3539.0
763.0,3509.0
764.0,3526.0
765.0,3561.0
766.0,3587.0
767.0,3507.0
768.0,3517.0
769.0,3462.0
770.0,3502.0
771.0,3469.0
772.0,3483.0
773.0,3470.0
774.0,3453.0
775.0,3371.0
776.0,3473.0
777.0,3439.0
778.0,3434.0
779.0,3406.0
780.0,3358.0
781.0,3411.0
782.0,3414.0
783.0,3363.0
784.0,3332.0
785.0,3313.0
786.0,3378.0
787.0,3319.0
788.0,3350.0
789.0,3281.0
790.0,3365.0
791.0,3314.0
792.0,3266.0
793.0,3312.0
794.0,3315.0
795.0,3324.0
796.0,3265.0
797.0,3318.0
798.0,3273.0
799.0,3278.0
800.0,3265.0
801.0,3204.0
802.0,3268.0
803.0,3169.0
804.0,3215.0
805.0,3213.0
806.0,3255.0
807.0,3130.0
808.0,3203.0
809.0,3218.0
810.0,3174.0
811.0,3146.0
812.0,3146.0
813.0,3138.0
814.0,3198.0
815.0,3142.0
816.0,3103.0
817.0,3130.0
818.0,3137.0
819.0,3124.0
820.0,3122.0
821.0,3074.0
822.0,3047.0
823.0,3077.0
824.0,3056.0
825.0,3044.0
826.0,3044.0
827.0,3005.0
828.0,3020.0
829.0,3032.0
830.0,3040.0
831.0,2954.0
832.0,2988.0
833.0,2966.0
834.0,2936.0
835.0,2943.0
836.0,2951.0
837.0,2908.0
838.0,2932.0
839.0,2888.0
840.0,2927.0
841.0,2937.0
842.0,2890.0
843.0,2887.0
844.0,2864.0
845.0,2846.0
846.0,2873.0
847.0,2857.0
848.0,2827.0
849.0,2812.0
850.0,2825.0
851.0,2929.0
852.0,2794.0
853.0,2808.0
854.0,2784.0
855.0,2719.0
856.0,2814.0
857.0,2832.0
858.0,2729.0
859.0,2750.0
860.0,2723.0
861.0,2660.0
862.0,2688.0
863.0,2725.0
864.0,2745.0
865.0,2675.0
866.0,2687.0
867.0,2659.0
868.0,2612.0
869.0,2665.0
870.0,2629.0
871.0,2591.0
872.0,2662.0
873.0,2635.0
874.0,2581.0
875.0,2562.0
876.0,2580.0
877.0,2522.0
878.0,2587.0
879.0,2549.0
880.0,2598.0
881.0,2568.0
882.0,2496.0
883.0,2521.0
884.0,2531.0
885.0,2430.0
886.0,2457.0
887.0,2434.0
888.0,2484.0
889.0,2423.0
890.0,2431.0
891.0,2402.0
892.0,2447.0
893.0,2451.0
894.0,2400.0
895.0,2370.0
896.0,2343.0
897.0,2377.0
898.0,2396.0
899.0,2351.0
900.0,2328.0
901.0,2311.0
902.0,2323.0
903.0,2267.0
904.0,2344.0
905.0,2297.0
906.0,2259.0
907.0,2244.0
908.0,2277.0
909.0,2294.0
910.0,2248.0
911.0,2293.0
912.0,2238.0
913.0,2221.0
914.0,2215.0
915.0,2191.0
916.0,2210.0
917.0,2148.0
918.0,2145.0
919.0,2159.0
920.0,2196.0
921.0,2129.0
922.0,2145.0
923.0,2080.0
924.0,2131.0
925.0,2101.0
926.0,2094.0
927.0,2094.0
928.0,2073.0
929.0,2105.0
930.0,2070.0
931.0,2048.0
932.0,2037.0
933.0,2023.0
934.0,2017.0
935.0,2018.0
936.0,1983.0
937.0,1973.0
938.0,1902.0
939.0,1950.0
940.0,1934.0
941.0,1952.0
942.0,1920.0
943.0,1929.0
944.0,1935.0
945.0,1911.0
946.0,1911.0
947.0,1825.0
948.0,1837.0
949.0,1819.0
950.0,1847.0
951.0,1846.0
952.0,1830.0
953.0,1761.0
954.0,1833.0
955.0,1809.0
956.0,1775.0
957.0,1797.0
958.0,1775.0
959.0,1757.0
960.0,1743.0
961.0,1726.0
962.0,1729.0
963.0,1714.0
964.0,1707.0
965.0,1728.0
966.0,1677.0
967.0,1646.0
968.0,1683.0
969.0,1659.0
970.0,1648.0
971.0,1641.0
972.0,1632.0
973.0,1596.0
974.0,1595.0
975.0,1594.0
976.0,1622.0
977.0,1579.0
978.0,1582.0
979.0,1571.0
980.0,1567.0
981.0,1575.0
982.0,1514.0
983.0,1519.0
984.0,1533.0
985.0,1487.0
986.0,1470.0
987.0,1481.0
988.0,1483.0
989.0,1489.0
990.0,1419.0
991.0,1420.0
992.0,1418.0
993.0,1441.0
994.0,1438.0
995.0,1391.0
996.0,1381.0
997.0,1397.0
998.0,1377.0
999.0,1400.0
1000.0,1327.0
1001.0,1327.0
1002.0,1358.0
1003.0,1352.0
1004.0,1289.0
1005.0,1270.0
1006.0,1276.0
1007.0,1282.0
1008.0,1315.0
1009.0,1261.0
1010.0,1266.0
1011.0,1208.0
1012.0,1206.0
1013.0,1242.0
1014.0,1206.0
1015.0,1231.0
1016.0,1196.0
1017.0,1179.0
1018.0,1177.0
1019.0,1171.0
1020.0,1145.0
1021.0,1113.0
1022.0,1153.0
1023.0,1130.0
