0.0,1341.0
1.0,1691.0
2.0,1568.0
3.0,1598.0
4.0,1663.0
5.0,1652.0
6.0,1626.0
7.0,1672.0
8.0,1713.0
9.0,1728.0
10.0,1729.0
11.0,1743.0
12.0,1808.0
13.0,1838.0
14.0,1819.0
15.0,1835.0
16.0,1870.0
17.0,1913.0
18.0,1900.0
19.0,1912.0
20.0,1921.0
21.0,1968.0
22.0,2011.0
23.0,2048.0
24.0,2025.0
25.0,2050.0
26.0,2083.0
27.0,2112.0
28.0,2129.0
29.0,2111.0
30.0,2192.0
31.0,2198.0
32.0,2232.0
33.0,2259.0
34.0,2273.0
35.0,2256.0
36.0,2317.0
37.0,2334.0
38.0,2362.0
39.0,2347.0
40.0,2449.0
41.0,2480.0
42.0,2489.0
43.0,2511.0
44.0,2524.0
45.0,2516.0
46.0,2607.0
47.0,2613.0
48.0,2663.0
49.0,2668.0
50.0,2641.0
51.0,2729.0
52.0,2734.0
53.0,2750.0
54.0,2779.0
55.0,2792.0
56.0,2865.0
57.0,2903.0
58.0,2933.0
59.0,2932.0
60.0,2937.0
61.0,3008.0
62.0,3039.0
63.0,3010.0
64.0,3054.0
65.0,3086.0
66.0,3128.0
67.0,3135.0
68.0,3168.0
69.0,3172.0
70.0,3225.0
71.0,3242.0
72.0,3325.0
73.0,3338.0
74.0,3380.0
75.0,3367.0
76.0,3354.0
77.0,3435.0
78.0,3427.0
79.0,3531.0
80.0,3584.0
81.0,3590.0
82.0,3578.0
83.0,3595.0
84.0,3683.0
85.0,3724.0
86.0,3690.0
87.0,3739.0
88.0,3773.0
89.0,3869.0
90.0,3864.0
91.0,3846.0
92.0,3898.0
93.0,3877.0
94.0,3986.0
95.0,4006.0
96.0,4065.0
97.0,4087.0
98.0,4141.0
99.0,4174.0
100.0,4116.0
101.0,4243.0
102.0,4285.0
103.0,4298.0
104.0,4323.0
105.0,4369.0
106.0,4361.0
107.0,4436.0
108.0,4537.0
109.0,4443.0
110.0,4486.0
111.0,4578.0
112.0,4630.0
113.0,4614.0
114.0,4660.0
115.0,4710.0
116.0,4718.0
117.0,4782.0
118.0,4833.0
119.0,4875.0
120.0,4824.0
121.0,5016.0
122.0,5012.0
123.0,4941.0
124.0,4933.0
125.0,5061.0
126.0,5049.0
127.0,5177.0
128.0,5233.0
129.0,5204.0
130.0,5245.0
131.0,5331.0
132.0,5286.0
133.0,5283.0
134.0,5455.0
135.0,5483.0
136.0,5498.0
137.0,5616.0
138.0,5636.0
139.0,5602.0
140.0,5633.0
141.0,5681.0
142.0,5657.0
143.0,5683.0
144.0,5805.0
145.0,5842.0
146.0,5946.0
147.0,5908.0
148.0,5910.0
149.0,5977.0
150.0,6031.0
151.0,6019.0
152.0,6191.0
153.0,6164.0
154.0,6310.0
155.0,6261.0
156.0,6238.0
157.0,6277.0
158.0,6371.0
159.0,6384.0
160.0,6535.0
161.0,6588.0
162.0,6477.0
163.0,6578.0
164.0,6602.0
165.0,6581.0
166.0,6714.0
167.0,6788.0
168.0,6849.0
169.0,6875.0
170.0,6893.0
171.0,6843.0
172.0,6961.0
173.0,7001.0
174.0,6956.0
175.0,7097.0
176.0,7133.0
177.0,7133.0
178.0,7220.0
179.0,7224.0
180.0,7269.0
181.0,7349.0
182.0,7328.0
183.0,7425.0
184.0,7471.0
185.0,7574.0
186.0,7485.0
187.0,7514.0
188.0,7664.0
189.0,7661.0
190.0,7589.0
191.0,7704.0
192.0,7909.0
193.0,7829.0
194.0,7892.0
195.0,7990.0
196.0,7895.0
197.0,8000.0
198.0,8028.0
199.0,8048.0
200.0,8135.0
201.0,8287.0
202.0,8199.0
203.0,8231.0
204.0,8271.0
205.0,8391.0
206.0,8401.0
207.0,8449.0
208.0,8484.0
209.0,8642.0
210.0,8581.0
211.0,8654.0
212.0,8604.0
213.0,8719.0
214.0,8799.0
215.0,8817.0
216.0,8767.0
217.0,8988.0
218.0,8852.0
219.0,9010.0
220.0,9030.0
221.0,8992.0
222.0,9105.0
223.0,9192.0
224.0,9279.0
225.0,9266.0
226.0,9256.0
227.0,9349.0
228.0,9311.0
229.0,9443.0
230.0,9326.0
231.0,9553.0
232.0,9527.0
233.0,9735.0
234.0,9657.0
235.0,9662.0
236.0,9687.0
237.0,9773.0
238.0,9793.0
239.0,9962.0
240.0,10055.0
241.0,9992.0
242.0,10046.0
243.0,10037.0
244.0,10111.0
245.0,10144.0
246.0,10255.0
247.0,10334.0
248.0,10340.0
249.0,10357.0
250.0,10335.0
251.0,10364.0
252.0,10410.0
253.0,10413.0
254.0,10670.0
255.0,10647.0
256.0,10649.0
257.0,10699.0
258.0,10636.0
259.0,10721.0
260.0,10620.0
261.0,10773.0
262.0,10854.0
263.0,11071.0
264.0,11000.0
265.0,11051.0
266.0,10956.0
267.0,11012.0
268.0,11021.0
269.0,11183.0
270.0,11153.0
271.0,11187.0
272.0,11183.0
273.0,11215.0
274.0,11259.0
275.0,11256.0
276.0,11243.0
277.0,11456.0
278.0,11457.0
279.0,11410.0
280.0,11599.0
281.0,11445.0
282.0,11552.0
283.0,11602.0
284.0,11506.0
285.0,11605.0
286.0,11695.0
287.0,11751.0
288.0,11760.0
289.0,11865.0
290.0,11827.0
291.0,11825.0
292.0,11791.0
293.0,11939.0
294.0,11914.0
295.0,12038.0
296.0,12118.0
297.0,12128.0
298.0,12131.0
299.0,12103.0
300.0,12142.0
301.0,12117.0
302.0,12312.0
303.0,12268.0
304.0,12421.0
305.0,12326.0
306.0,12370.0
307.0,12340.0
308.0,12437.0
309.0,12479.0
310.0,12439.0
311.0,12513.0
312.0,12622.0
313.0,12507.0
314.0,12625.0
315.0,12601.0
316.0,12558.0
317.0,12717.0
318.0,12741.0
319.0,12861.0
320.0,12908.0
321.0,12838.0
322.0,12798.0
323.0,12947.0
324.0,12912.0
325.0,12884.0
326.0,13080.0
327.0,13152.0
328.0,13136.0
329.0,13036.0
330.0,13075.0
331.0,13145.0
332.0,13278.0
333.0,13209.0
334.0,13386.0
335.0,13296.0
336.0,13412.0
337.0,13174.0
338.0,13304.0
339.0,13457.0
340.0,13360.0
341.0,13382.0
342.0,13413.0
343.0,13673.0
344.0,13644.0
345.0,13531.0
346.0,13619.0
347.0,13627.0
348.0,13798.0
349.0,13844.0
350.0,13787.0
351.0,13789.0
352.0,13865.0
353.0,13681.0
354.0,13860.0
355.0,13753.0
356.0,13937.0
357.0,14126.0
358.0,14035.0
359.0,13982.0
360.0,14141.0
361.0,14059.0
362.0,14024.0
363.0,14206.0
364.0,14274.0
365.0,14256.0
366.0,14224.0
367.0,14254.0
368.0,14253.0
369.0,14256.0
370.0,14495.0
371.0,14422.0
372.0,14293.0
373.0,14603.0
374.0,14639.0
375.0,14424.0
376.0,14459.0
377.0,14542.0
378.0,14555.0
379.0,14654.0
380.0,14628.0
381.0,14728.0
382.0,14625.0
383.0,14835.0
384.0,14891.0
385.0,14753.0
386.0,14865.0
387.0,14948.0
388.0,14833.0
389.0,15091.0
390.0,14851.0
391.0,14894.0
392.0,14946.0
393.0,14912.0
394.0,14936.0
395.0,15186.0
396.0,15097.0
397.0,15048.0
398.0,15138.0
399.0,15052.0
400.0,15199.0
401.0,15258.0
402.0,15361.0
403.0,15379.0
404.0,15438.0
405.0,15407.0
406.0,15258.0
407.0,15357.0
408.0,15201.0
409.0,15334.0
410.0,15674.0
411.0,15542.0
412.0,15527.0
413.0,15694.0
414.0,15682.0
415.0,15376.0
416.0,15535.0
417.0,15691.0
418.0,15685.0
419.0,15699.0
420.0,15870.0
421.0,15654.0
422.0,15701.0
423.0,15757.0
424.0,15694.0
425.0,15769.0
426.0,15991.0
427.0,15888.0
428.0,16003.0
429.0,16060.0
430.0,15703.0
431.0,15966.0
432.0,16135.0
433.0,15954.0
434.0,16206.0
435.0,15976.0
436.0,16263.0
437.0,16079.0
438.0,16093.0
439.0,15975.0
440.0,16220.0
441.0,16325.0
442.0,16215.0
443.0,16328.0
444.0,16418.0
445.0,16231.0
446.0,16102.0
447.0,16350.0
448.0,16284.0
449.0,16365.0
450.0,16545.0
451.0,16428.0
452.0,16326.0
453.0,16469.0
454.0,16460.0
455.0,16582.0
456.0,16571.0
457.0,16669.0
458.0,16721.0
459.0,16601.0
460.0,16617.0
461.0,16404.0
462.0,16685.0
463.0,16662.0
464.0,16690.0
465.0,16789.0
466.0,16710.0
467.0,16610.0
468.0,16833.0
469.0,16593.0
470.0,16685.0
471.0,16942.0
472.0,16778.0
473.0,16741.0
474.0,16957.0
475.0,16902.0
476.0,16925.0
477.0,16923.0
478.0,17071.0
479.0,17000.0
480.0,17116.0
481.0,17093.0
482.0,17132.0
483.0,16919.0
484.0,17117.0
485.0,17020.0
486.0,17228.0
487.0,17124.0
488.0,17248.0
489.0,17309.0
490.0,17265.0
491.0,17223.0
492.0,17158.0
493.0,17246.0
494.0,17307.0
495.0,17270.0
496.0,17475.0
497.0,17286.0
498.0,17331.0
499.0,17575.0
500.0,17445.0
501.0,17427.0
502.0,17542.0
503.0,17361.0
504.0,17599.0
505.0,17692.0
506.0,17418.0
507.0,17409.0
508.0,17509.0
509.0,17631.0
510.0,17732.0
511.0,17718.0
512.0,17728.0
513.0,17574.0
514.0,17705.0
515.0,17599.0
516.0,17787.0
517.0,17797.0
518.0,17825.0
519.0,17765.0
520.0,17850.0
521.0,17768.0
522.0,17916.0
523.0,17796.0
524.0,17811.0
525.0,18036.0
526.0,17918.0
527.0,18060.0
528.0,17930.0
529.0,17743.0
530.0,17990.0
531.0,17936.0
532.0,17981.0
533.0,18202.0
534.0,18069.0
535.0,18179.0
536.0,17980.0
537.0,17952.0
538.0,18062.0
539.0,18088.0
540.0,18070.0
541.0,18311.0
542.0,18254.0
543.0,18081.0
544.0,17999.0
545.0,18326.0
546.0,17971.0
547.0,18305.0
548.0,18403.0
549.0,18298.0
550.0,18270.0
551.0,18178.0
552.0,18129.0
553.0,18246.0
554.0,18238.0
555.0,18228.0
556.0,18587.0
557.0,18382.0
558.0,18304.0
559.0,18162.0
560.0,18357.0
561.0,18346.0
562.0,18368.0
563.0,18617.0
564.0,18393.0
565.0,18512.0
566.0,18385.0
567.0,18156.0
568.0,18402.0
569.0,18314.0
570.0,18443.0
571.0,18635.0
572.0,18485.0
573.0,18497.0
574.0,18336.0
575.0,18575.0
576.0,18370.0
577.0,18539.0
578.0,18878.0
579.0,18610.0
580.0,18843.0
581.0,18634.0
582.0,18705.0
583.0,18450.0
584.0,18701.0
585.0,18411.0
586.0,18708.0
587.0,18781.0
588.0,18468.0
589.0,18658.0
590.0,18712.0
591.0,18567.0
592.0,18715.0
593.0,18881.0
594.0,18737.0
595.0,18732.0
596.0,18840.0
597.0,18496.0
598.0,18674.0
599.0,18918.0
600.0,18759.0
601.0,18888.0
602.0,18898.0
603.0,19013.0
604.0,18658.0
605.0,18705.0
606.0,18570.0
607.0,18850.0
608.0,19030.0
609.0,18765.0
610.0,18941.0
611.0,19025.0
612.0,18627.0
613.0,18745.0
614.0,18961.0
615.0,18912.0
616.0,18904.0
617.0,18859.0
618.0,18965.0
619.0,18661.0
620.0,18824.0
621.0,18817.0
622.0,18815.0
623.0,19006.0
624.0,18959.0
625.0,19137.0
626.0,19035.0
627.0,18682.0
628.0,18825.0
629.0,18901.0
630.0,18873.0
631.0,18970.0
632.0,19205.0
633.0,18848.0
634.0,18991.0
635.0,18979.0
636.0,18880.0
637.0,18998.0
638.0,18888.0
639.0,19159.0
640.0,19223.0
641.0,18952.0
642.0,18815.0
643.0,18984.0
644.0,18937.0
645.0,18946.0
646.0,19063.0
647.0,19389.0
648.0,18901.0
649.0,18926.0
650.0,18790.0
651.0,18848.0
652.0,19024.0
653.0,19260.0
654.0,18960.0
655.0,19007.0
656.0,19241.0
657.0,18869.0
658.0,19137.0
659.0,19080.0
660.0,19167.0
661.0,19076.0
662.0,19095.0
663.0,18913.0
664.0,19247.0
665.0,18914.0
666.0,18939.0
667.0,19125.0
668.0,19334.0
669.0,19049.0
670.0,19152.0
671.0,18952.0
672.0,18882.0
673.0,18854.0
674.0,19135.0
675.0,19003.0
676.0,19085.0
677.0,18992.0
678.0,18996.0
679.0,19006.0
680.0,18994.0
681.0,18819.0
682.0,19028.0
683.0,19022.0
684.0,18915.0
685.0,19131.0
686.0,18816.0
687.0,18592.0
688.0,18936.0
689.0,18819.0
690.0,18968.0
691.0,18980.0
692.0,18991.0
693.0,18636.0
694.0,19035.0
695.0,18703.0
696.0,18737.0
697.0,18936.0
698.0,19064.0
699.0,18925.0
700.0,18914.0
701.0,18860.0
702.0,18668.0
703.0,18960.0
704.0,18783.0
705.0,19030.0
706.0,18930.0
707.0,18896.0
708.0,18761.0
709.0,18892.0
710.0,18626.0
711.0,18711.0
712.0,19033.0
713.0,18897.0
714.0,18763.0
715.0,18809.0
716.0,18714.0
717.0,18696.0
718.0,18662.0
719.0,18787.0
720.0,18881.0
721.0,18865.0
722.0,18768.0
723.0,18666.0
724.0,18630.0
725.0,18761.0
726.0,18754.0
727.0,18869.0
728.0,18874.0
729.0,18662.0
730.0,18797.0
731.0,18655.0
732.0,18448.0
733.0,18798.0
734.0,18635.0
735.0,18762.0
736.0,18873.0
737.0,18402.0
738.0,18564.0
739.0,18602.0
740.0,18650.0
741.0,18673.0
742.0,18583.0
743.0,18650.0
744.0,18645.0
745.0,18564.0
746.0,18458.0
747.0,18523.0
748.0,18644.0
749.0,18425.0
750.0,18498.0
751.0,18494.0
752.0,18438.0
753.0,18411.0
754.0,18334.0
755.0,18300.0
756.0,18575.0
757.0,18525.0
758.0,18479.0
759.0,18453.0
760.0,18127.0
761.0,18170.0
762.0,18293.0
763.0,18385.0
764.0,18298.0
765.0,18420.0
766.0,18241.0
767.0,18175.0
768.0,18273.0
769.0,18084.0
770.0,18306.0
771.0,18270.0
772.0,18186.0
773.0,18189.0
774.0,18062.0
775.0,17957.0
776.0,18034.0
777.0,18021.0
778.0,18174.0
779.0,18072.0
780.0,18178.0
781.0,18098.0
782.0,17916.0
783.0,18007.0
784.0,17971.0
785.0,18064.0
786.0,18100.0
787.0,17966.0
788.0,18055.0
789.0,17932.0
790.0,17805.0
791.0,17858.0
792.0,17867.0
793.0,17891.0
794.0,17938.0
795.0,17943.0
796.0,17747.0
797.0,17788.0
798.0,17745.0
799.0,17606.0
800.0,17844.0
801.0,17816.0
802.0,17676.0
803.0,17793.0
804.0,17438.0
805.0,17493.0
806.0,17525.0
807.0,17613.0
808.0,17582.0
809.0,17620.0
810.0,17493.0
811.0,17382.0
812.0,17428.0
813.0,17340.0
814.0,17333.0
815.0,17559.0
816.0,17379.0
817.0,17489.0
818.0,17338.0
819.0,17456.0
820.0,17305.0
821.0,17367.0
822.0,17376.0
823.0,17371.0
824.0,17543.0
825.0,17364.0
826.0,17119.0
827.0,17165.0
828.0,17124.0
829.0,17152.0
830.0,17197.0
831.0,17353.0
832.0,17153.0
833.0,17046.0
834.0,17014.0
835.0,17089.0
836.0,16993.0
837.0,16964.0
838.0,17177.0
839.0,16998.0
840.0,16810.0
841.0,16809.0
842.0,16877.0
843.0,16988.0
844.0,16847.0
845.0,16920.0
846.0,17045.0
847.0,16727.0
848.0,16675.0
849.0,16668.0
850.0,16696.0
851.0,16676.0
852.0,16723.0
853.0,16723.0
854.0,16709.0
855.0,16494.0
856.0,16509.0
857.0,16541.0
858.0,16456.0
859.0,16580.0
860.0,16609.0
861.0,16396.0
862.0,16465.0
863.0,16356.0
864.0,16384.0
865.0,16415.0
866.0,16536.0
867.0,16477.0
868.0,16223.0
869.0,16306.0
870.0,16093.0
871.0,16116.0
872.0,16071.0
873.0,16399.0
874.0,16038.0
875.0,16215.0
876.0,16053.0
877.0,16026.0
878.0,15917.0
879.0,15959.0
880.0,16003.0
881.0,16093.0
882.0,15882.0
883.0,15901.0
884.0,15709.0
885.0,15877.0
886.0,15708.0
887.0,15828.0
888.0,15894.0
889.0,15723.0
890.0,15814.0
891.0,15668.0
892.0,15447.0
893.0,15483.0
894.0,15506.0
895.0,15467.0
896.0,15617.0
897.0,15349.0
898.0,15506.0
899.0,15418.0
900.0,15421.0
901.0,15228.0
902.0,15444.0
903.0,15305.0
904.0,15442.0
905.0,15163.0
906.0,15247.0
907.0,15204.0
908.0,15036.0
909.0,15050.0
910.0,15191.0
911.0,15341.0
912.0,14909.0
913.0,15090.0
914.0,14919.0
915.0,14846.0
916.0,15061.0
917.0,15056.0
918.0,14846.0
919.0,14921.0
920.0,14878.0
921.0,14782.0
922.0,14798.0
923.0,14689.0
924.0,14727.0
925.0,14741.0
926.0,14561.0
927.0,14524.0
928.0,14558.0
929.0,14335.0
930.0,14582.0
931.0,14604.0
932.0,14487.0
933.0,14439.0
934.0,14390.0
935.0,14401.0
936.0,14212.0
937.0,14203.0
938.0,14394.0
939.0,14366.0
940.0,14257.0
941.0,14099.0
942.0,14160.0
943.0,14024.0
944.0,14111.0
945.0,14110.0
946.0,14057.0
947.0,14061.0
948.0,13996.0
949.0,13789.0
950.0,13918.0
951.0,13995.0
952.0,13857.0
953.0,13916.0
954.0,13806.0
955.0,13805.0
956.0,13696.0
957.0,13616.0
958.0,13603.0
959.0,13693.0
960.0,13675.0
961.0,13591.0
962.0,13611.0
963.0,13331.0
964.0,13328.0
965.0,13371.0
966.0,13383.0
967.0,13386.0
968.0,13240.0
969.0,13247.0
970.0,13233.0
971.0,13056.0
972.0,13102.0
973.0,13206.0
974.0,13265.0
975.0,13173.0
976.0,13090.0
977.0,12972.0
978.0,12821.0
979.0,12979.0
980.0,12976.0
981.0,12966.0
982.0,13014.0
983.0,12855.0
984.0,12818.0
985.0,12712.0
986.0,12759.0
987.0,12706.0
988.0,12700.0
989.0,12662.0
990.0,12612.0
991.0,12605.0
992.0,12367.0
993.0,12544.0
994.0,12534.0
995.0,12416.0
996.0,12451.0
997.0,12507.0
998.0,12303.0
999.0,12328.0
1000.0,12261.0
1001.0,12322.0
1002.0,12409.0
1003.0,12233.0
1004.0,12267.0
1005.0,12212.0
1006.0,11986.0
1007.0,11971.0
1008.0,11967.0
1009.0,12097.0
1010.0,12019.0
1011.0,11898.0
1012.0,11776.0
1013.0,11743.0
1014.0,11731.0
1015.0,11691.0
1016.0,11791.0
1017.0,11694.0
1018.0,11614.0
1019.0,11653.0
1020.0,11554.0
1021.0,11496.0
1022.0,11561.0
1023.0,11634.0
