0.0,1217.0
1.0,1748.0
2.0,1657.0
3.0,1719.0
4.0,1686.0
5.0,1671.0
6.0,1670.0
7.0,1741.0
8.0,1759.0
9.0,1778.0
10.0,1805.0
11.0,1804.0
12.0,1811.0
13.0,1834.0
14.0,1877.0
15.0,1941.0
16.0,2017.0
17.0,1971.0
18.0,1965.0
19.0,2030.0
20.0,2018.0
21.0,2020.0
22.0,2096.0
23.0,2116.0
24.0,2132.0
25.0,2113.0
26.0,2129.0
27.0,2163.0
28.0,2191.0
29.0,2280.0
30.0,2263.0
31.0,2321.0
32.0,2352.0
33.0,2349.0
34.0,2342.0
35.0,2372.0
36.0,2452.0
37.0,2444.0
38.0,2505.0
39.0,2528.0
40.0,2484.0
41.0,2574.0
42.0,2600.0
43.0,2571.0
44.0,2669.0
45.0,2620.0
46.0,2697.0
47.0,2766.0
48.0,2712.0
49.0,2815.0
50.0,2796.0
51.0,2820.0
52.0,2883.0
53.0,2894.0
54.0,2950.0
55.0,2933.0
56.0,2964.0
57.0,2963.0
58.0,3018.0
59.0,3101.0
60.0,3112.0
61.0,3178.0
62.0,3139.0
63.0,3152.0
64.0,3187.0
65.0,3207.0
66.0,3291.0
67.0,3323.0
68.0,3359.0
69.0,3414.0
70.0,3385.0
71.0,3403.0
72.0,3458.0
73.0,3498.0
74.0,3535.0
75.0,3586.0
76.0,3642.0
77.0,3634.0
78.0,3643.0
79.0,3658.0
80.0,3736.0
81.0,3737.0
82.0,3801.0
83.0,3865.0
84.0,3803.0
85.0,3923.0
86.0,3885.0
87.0,3892.0
88.0,3995.0
89.0,3963.0
90.0,4065.0
91.0,4158.0
92.0,4134.0
93.0,4169.0
94.0,4186.0
95.0,4179.0
96.0,4261.0
97.0,4280.0
98.0,4302.0
99.0,4349.0
100.0,4341.0
101.0,4437.0
102.0,4442.0
103.0,4552.0
104.0,4598.0
105.0,4629.0
106.0,4640.0
107.0,4594.0
108.0,4612.0
109.0,4716.0
110.0,4762.0
111.0,4797.0
112.0,4880.0
113.0,4886.0
114.0,4953.0
115.0,4856.0
116.0,4984.0
117.0,5011.0
118.0,5038.0
119.0,5082.0
120.0,5126.0
121.0,5187.0
122.0,5195.0
123.0,5232.0
124.0,5246.0
125.0,5350.0
126.0,5416.0
127.0,5421.0
128.0,5464.0
129.0,5472.0
130.0,5538.0
131.0,5595.0
132.0,5627.0
133.0,5688.0
134.0,5712.0
135.0,5814.0
136.0,5781.0
137.0,5762.0
138.0,5824.0
139.0,5836.0
140.0,5982.0
141.0,6030.0
142.0,6053.0
143.0,6123.0
144.0,6021.0
145.0,6104.0
146.0,6146.0
147.0,6323.0
148.0,6272.0
149.0,6413.0
150.0,6372.0
151.0,6358.0
152.0,6334.0
153.0,6414.0
154.0,6481.0
155.0,6607.0
156.0,6590.0
157.0,6632.0
158.0,6714.0
159.0,6697.0
160.0,6670.0
161.0,6809.0
162.0,6917.0
163.0,6877.0
164.0,7000.0
165.0,7015.0
166.0,7010.0
167.0,7044.0
168.0,7118.0
169.0,7089.0
170.0,7235.0
171.0,7286.0
172.0,7201.0
173.0,7425.0
174.0,7323.0
175.0,7358.0
176.0,7469.0
177.0,7585.0
178.0,7563.0
179.0,7674.0
180.0,7560.0
181.0,7672.0
182.0,7693.0
183.0,7713.0
184.0,7908.0
185.0,7978.0
186.0,7950.0
187.0,7994.0
188.0,8019.0
189.0,7998.0
190.0,8090.0
191.0,8183.0
192.0,8180.0
193.0,8349.0
194.0,8292.0
195.0,8279.0
196.0,8349.0
197.0,8339.0
198.0,8519.0
199.0,8620.0
200.0,8683.0
201.0,8574.0
202.0,8640.0
203.0,8638.0
204.0,8647.0
205.0,8854.0
206.0,8835.0
207.0,8933.0
208.0,9102.0
209.0,9007.0
210.0,8965.0
211.0,9109.0
212.0,9107.0
213.0,9306.0
214.0,9330.0
215.0,9309.0
216.0,9399.0
217.0,9347.0
218.0,9375.0
219.0,9434.0
220.0,9573.0
221.0,9566.0
222.0,9799.0
223.0,9726.0
224.0,9640.0
225.0,9735.0
226.0,9704.0
227.0,9895.0
228.0,9979.0
229.0,10015.0
230.0,10101.0
231.0,10086.0
232.0,10055.0
233.0,10123.0
234.0,10053.0
235.0,10294.0
236.0,10332.0
237.0,10399.0
238.0,10454.0
239.0,10305.0
240.0,10462.0
241.0,10496.0
242.0,10617.0
243.0,10700.0
244.0,10727.0
245.0,10712.0
246.0,10843.0
247.0,10792.0
248.0,10970.0
249.0,10875.0
250.0,11036.0
251.0,11029.0
252.0,11130.0
253.0,10987.0
254.0,11148.0
255.0,11217.0
256.0,11262.0
257.0,11330.0
258.0,11453.0
259.0,11441.0
260.0,11428.0
261.0,11451.0
262.0,11459.0
263.0,11556.0
264.0,11530.0
265.0,11777.0
266.0,11865.0
267.0,11635.0
268.0,11722.0
269.0,11817.0
270.0,11824.0
271.0,11890.0
272.0,11999.0
273.0,11913.0
274.0,12151.0
275.0,12036.0
276.0,11964.0
277.0,12017.0
278.0,12299.0
279.0,12338.0
280.0,12154.0
281.0,12364.0
282.0,12353.0
283.0,12440.0
284.0,12374.0
285.0,12499.0
286.0,12515.0
287.0,12665.0
288.0,12779.0
289.0,12597.0
290.0,12613.0
291.0,12677.0
292.0,12707.0
293.0,12783.0
294.0,12934.0
295.0,12961.0
296.0,12834.0
297.0,12972.0
298.0,12928.0
299.0,12986.0
300.0,13167.0
301.0,13265.0
302.0,13217.0
303.0,13187.0
304.0,13175.0
305.0,13187.0
306.0,13487.0
307.0,13373.0
308.0,13535.0
309.0,13447.0
310.0,13351.0
311.0,13457.0
312.0,13534.0
313.0,13637.0
314.0,13863.0
315.0,13674.0
316.0,13772.0
317.0,13819.0
318.0,13784.0
319.0,13925.0
320.0,13801.0
321.0,13966.0
322.0,14019.0
323.0,14058.0
324.0,13981.0
325.0,13961.0
326.0,14148.0
327.0,14072.0
328.0,14161.0
329.0,14291.0
330.0,14349.0
331.0,14444.0
332.0,14176.0
333.0,14313.0
334.0,14436.0
335.0,14574.0
336.0,14553.0
337.0,14655.0
338.0,14679.0
339.0,14648.0
340.0,14638.0
341.0,14732.0
342.0,14678.0
343.0,14905.0
344.0,14831.0
345.0,14804.0
346.0,14825.0
347.0,14739.0
348.0,14917.0
349.0,14998.0
350.0,15164.0
351.0,15061.0
352.0,14991.0
353.0,15099.0
354.0,15084.0
355.0,15068.0
356.0,15345.0
357.0,15382.0
358.0,15308.0
359.0,15329.0
360.0,15316.0
361.0,15435.0
362.0,15428.0
363.0,15411.0
364.0,15569.0
365.0,15735.0
366.0,15631.0
367.0,15625.0
368.0,15542.0
369.0,15707.0
370.0,15689.0
371.0,15861.0
372.0,15924.0
373.0,16008.0
374.0,15903.0
375.0,15821.0
376.0,15956.0
377.0,15949.0
378.0,15944.0
379.0,16279.0
380.0,16181.0
381.0,16170.0
382.0,16091.0
383.0,16066.0
384.0,16263.0
385.0,16325.0
386.0,16288.0
387.0,16388.0
388.0,16462.0
389.0,16189.0
390.0,16202.0
391.0,16636.0
392.0,16579.0
393.0,16501.0
394.0,16602.0
395.0,16591.0
396.0,16476.0
397.0,16561.0
398.0,16529.0
399.0,16795.0
400.0,16909.0
401.0,16763.0
402.0,17038.0
403.0,16648.0
404.0,16746.0
405.0,16841.0
406.0,16871.0
407.0,16947.0
408.0,17032.0
409.0,16954.0
410.0,17062.0
411.0,16934.0
412.0,17137.0
413.0,17122.0
414.0,17186.0
415.0,17073.0
416.0,17168.0
417.0,17114.0
418.0,17155.0
419.0,17211.0
420.0,17487.0
421.0,17466.0
422.0,17255.0
423.0,17382.0
424.0,17446.0
425.0,17459.0
426.0,17460.0
427.0,17471.0
428.0,17610.0
429.0,17691.0
430.0,17635.0
431.0,17579.0
432.0,17781.0
433.0,17619.0
434.0,17633.0
435.0,17971.0
436.0,17903.0
437.0,17775.0
438.0,17914.0
439.0,17765.0
440.0,17863.0
441.0,17869.0
442.0,18051.0
443.0,17896.0
444.0,18083.0
445.0,17939.0
446.0,17964.0
447.0,17968.0
448.0,18206.0
449.0,18181.0
450.0,18235.0
451.0,18233.0
452.0,18156.0
453.0,18113.0
454.0,18183.0
455.0,18378.0
456.0,18188.0
457.0,18230.0
458.0,18349.0
459.0,18280.0
460.0,18250.0
461.0,18450.0
462.0,18450.0
463.0,18467.0
464.0,18749.0
465.0,18447.0
466.0,18418.0
467.0,18391.0
468.0,18586.0
469.0,18740.0
470.0,18565.0
471.0,18745.0
472.0,18647.0
473.0,18532.0
474.0,18794.0
475.0,18659.0
476.0,18773.0
477.0,19015.0
478.0,18841.0
479.0,18675.0
480.0,18820.0
481.0,18760.0
482.0,18672.0
483.0,19000.0
484.0,18910.0
485.0,19025.0
486.0,18942.0
487.0,18848.0
488.0,18797.0
489.0,18972.0
490.0,18948.0
491.0,19110.0
492.0,19133.0
493.0,19083.0
494.0,19124.0
495.0,18851.0
496.0,19141.0
497.0,19208.0
498.0,19319.0
499.0,19170.0
500.0,18998.0
501.0,19273.0
502.0,19197.0
503.0,19182.0
504.0,19097.0
505.0,19273.0
506.0,19391.0
507.0,19284.0
508.0,19314.0
509.0,19258.0
510.0,19480.0
511.0,19367.0
512.0,19446.0
513.0,19463.0
514.0,19462.0
515.0,19297.0
516.0,19471.0
517.0,19411.0
518.0,19524.0
519.0,19533.0
520.0,19701.0
521.0,19459.0
522.0,19588.0
523.0,19417.0
524.0,19616.0
525.0,19643.0
526.0,19639.0
527.0,19654.0
528.0,19678.0
529.0,19711.0
530.0,19567.0
531.0,19604.0
532.0,19882.0
533.0,19847.0
534.0,19896.0
535.0,19662.0
536.0,19589.0
537.0,19781.0
538.0,19689.0
539.0,19882.0
540.0,19847.0
541.0,20113.0
542.0,19880.0
543.0,19588.0
544.0,19900.0
545.0,19926.0
546.0,19956.0
547.0,20117.0
548.0,19986.0
549.0,19757.0
550.0,19874.0
551.0,19850.0
552.0,19819.0
553.0,20023.0
554.0,19904.0
555.0,20146.0
556.0,19783.0
557.0,20024.0
558.0,19981.0
559.0,20123.0
560.0,20025.0
561.0,20203.0
562.0,19970.0
563.0,20031.0
564.0,20022.0
565.0,20108.0
566.0,20064.0
567.0,20070.0
568.0,20026.0
569.0,20197.0
570.0,19947.0
571.0,19985.0
572.0,19986.0
573.0,20192.0
574.0,20387.0
575.0,20075.0
576.0,20279.0
577.0,19979.0
578.0,19894.0
579.0,20193.0
580.0,20131.0
581.0,20289.0
582.0,20129.0
583.0,20074.0
584.0,20099.0
585.0,20030.0
586.0,20126.0
587.0,20179.0
588.0,20430.0
589.0,20323.0
590.0,20160.0
591.0,20045.0
592.0,20155.0
593.0,20058.0
594.0,20286.0
595.0,20369.0
596.0,20342.0
597.0,20237.0
598.0,20268.0
599.0,19992.0
600.0,20244.0
601.0,20398.0
602.0,20409.0
603.0,20092.0
604.0,20136.0
605.0,20272.0
606.0,20073.0
607.0,20217.0
608.0,20296.0
609.0,20403.0
610.0,20262.0
611.0,20291.0
612.0,20056.0
613.0,20121.0
614.0,20138.0
615.0,20323.0
616.0,20343.0
617.0,20220.0
618.0,19994.0
619.0,20223.0
620.0,20315.0
621.0,20298.0
622.0,20454.0
623.0,20212.0
624.0,20270.0
625.0,20162.0
626.0,20028.0
627.0,20200.0
628.0,20212.0
629.0,20288.0
630.0,20478.0
631.0,20283.0
632.0,20201.0
633.0,20011.0
634.0,20144.0
635.0,20305.0
636.0,20301.0
637.0,20228.0
638.0,20197.0
639.0,19948.0
640.0,20051.0
641.0,20309.0
642.0,20317.0
643.0,20390.0
644.0,20089.0
645.0,20289.0
646.0,19896.0
647.0,19799.0
648.0,20232.0
649.0,20207.0
650.0,20123.0
651.0,19961.0
652.0,20021.0
653.0,20035.0
654.0,20029.0
655.0,20033.0
656.0,20186.0
657.0,20149.0
658.0,20249.0
659.0,19894.0
660.0,20002.0
661.0,19643.0
662.0,20040.0
663.0,20125.0
664.0,19793.0
665.0,19967.0
666.0,20112.0
667.0,19643.0
668.0,19920.0
669.0,19907.0
670.0,19990.0
671.0,20102.0
672.0,19709.0
673.0,19786.0
674.0,19848.0
675.0,19762.0
676.0,19856.0
677.0,20038.0
678.0,19846.0
679.0,19787.0
680.0,19677.0
681.0,19951.0
682.0,19803.0
683.0,19757.0
684.0,19851.0
685.0,19865.0
686.0,19766.0
687.0,19725.0
688.0,19620.0
689.0,19589.0
690.0,19850.0
691.0,19906.0
692.0,19713.0
693.0,19721.0
694.0,19551.0
695.0,19551.0
696.0,19845.0
697.0,19805.0
698.0,19759.0
699.0,19537.0
700.0,19464.0
701.0,19510.0
702.0,19522.0
703.0,19550.0
704.0,19695.0
705.0,19468.0
706.0,19451.0
707.0,19373.0
708.0,19399.0
709.0,19500.0
710.0,19512.0
711.0,19493.0
712.0,19514.0
713.0,19219.0
714.0,19320.0
715.0,18951.0
716.0,19447.0
717.0,19280.0
718.0,19345.0
719.0,19325.0
720.0,19062.0
721.0,19250.0
722.0,19274.0
723.0,19301.0
724.0,19151.0
725.0,19351.0
726.0,19084.0
727.0,19065.0
728.0,19131.0
729.0,19029.0
730.0,19185.0
731.0,19258.0
732.0,19055.0
733.0,19214.0
734.0,18736.0
735.0,18965.0
736.0,18961.0
737.0,18979.0
738.0,19119.0
739.0,18961.0
740.0,18969.0
741.0,18847.0
742.0,18653.0
743.0,18933.0
744.0,18873.0
745.0,18802.0
746.0,18905.0
747.0,18618.0
748.0,18526.0
749.0,18806.0
750.0,18690.0
751.0,18811.0
752.0,18774.0
753.0,18684.0
754.0,18600.0
755.0,18402.0
756.0,18614.0
757.0,18552.0
758.0,18683.0
759.0,18432.0
760.0,18617.0
761.0,18245.0
762.0,18284.0
763.0,18531.0
764.0,18349.0
765.0,18594.0
766.0,18187.0
767.0,18258.0
768.0,18197.0
769.0,18314.0
770.0,18198.0
771.0,18263.0
772.0,18290.0
773.0,18354.0
774.0,18219.0
775.0,18073.0
776.0,18030.0
777.0,18124.0
778.0,18111.0
779.0,18177.0
780.0,17928.0
781.0,17877.0
782.0,17818.0
783.0,17783.0
784.0,18150.0
785.0,17955.0
786.0,18075.0
787.0,17835.0
788.0,17513.0
789.0,17923.0
790.0,17755.0
791.0,17825.0
792.0,17684.0
793.0,17778.0
794.0,17664.0
795.0,17554.0
796.0,17467.0
797.0,17476.0
798.0,17751.0
799.0,17616.0
800.0,17521.0
801.0,17208.0
802.0,17356.0
803.0,17378.0
804.0,17311.0
805.0,17455.0
806.0,17456.0
807.0,17441.0
808.0,17041.0
809.0,17042.0
810.0,17082.0
811.0,17410.0
812.0,17067.0
813.0,16994.0
814.0,16940.0
815.0,16942.0
816.0,16903.0
817.0,17064.0
818.0,17149.0
819.0,16906.0
820.0,16860.0
821.0,16935.0
822.0,16750.0
823.0,16737.0
824.0,16768.0
825.0,16777.0
826.0,16715.0
827.0,16573.0
828.0,16546.0
829.0,16675.0
830.0,16634.0
831.0,16536.0
832.0,16619.0
833.0,16516.0
834.0,16292.0
835.0,16255.0
836.0,16194.0
837.0,16334.0
838.0,16469.0
839.0,16274.0
840.0,16369.0
841.0,16123.0
842.0,16217.0
843.0,15954.0
844.0,16078.0
845.0,16140.0
846.0,15964.0
847.0,15922.0
848.0,15937.0
849.0,15921.0
850.0,15846.0
851.0,16061.0
852.0,15961.0
853.0,15853.0
854.0,15649.0
855.0,15494.0
856.0,15772.0
857.0,15703.0
858.0,15770.0
859.0,15497.0
860.0,15518.0
861.0,15423.0
862.0,15412.0
863.0,15315.0
864.0,15478.0
865.0,15561.0
866.0,15369.0
867.0,15332.0
868.0,15170.0
869.0,15202.0
870.0,15135.0
871.0,15264.0
872.0,15178.0
873.0,15179.0
874.0,14995.0
875.0,15089.0
876.0,14943.0
877.0,15055.0
878.0,14846.0
879.0,15125.0
880.0,14790.0
881.0,14805.0
882.0,14678.0
883.0,14857.0
884.0,14842.0
885.0,14744.0
886.0,14584.0
887.0,14648.0
888.0,14490.0
889.0,14420.0
890.0,14485.0
891.0,14437.0
892.0,14631.0
893.0,14300.0
894.0,14164.0
895.0,14227.0
896.0,14327.0
897.0,14254.0
898.0,14237.0
899.0,14333.0
900.0,13927.0
901.0,14130.0
902.0,14031.0
903.0,14061.0
904.0,14065.0
905.0,14045.0
906.0,13881.0
907.0,13807.0
908.0,13758.0
909.0,13782.0
910.0,13756.0
911.0,13772.0
912.0,13863.0
913.0,13842.0
914.0,13679.0
915.0,13349.0
916.0,13728.0
917.0,13654.0
918.0,13366.0
919.0,13618.0
920.0,13201.0
921.0,13315.0
922.0,13257.0
923.0,13239.0
924.0,13304.0
925.0,13317.0
926.0,13238.0
927.0,13030.0
928.0,13070.0
929.0,13015.0
930.0,13025.0
931.0,13091.0
932.0,13036.0
933.0,12798.0
934.0,12774.0
935.0,12888.0
936.0,12680.0
937.0,12850.0
938.0,12850.0
939.0,12618.0
940.0,12548.0
941.0,12527.0
942.0,12447.0
943.0,12576.0
944.0,12434.0
945.0,12585.0
946.0,12439.0
947.0,12323.0
948.0,12350.0
949.0,12329.0
950.0,12310.0
951.0,12190.0
952.0,12171.0
953.0,12053.0
954.0,12042.0
955.0,12037.0
956.0,11968.0
957.0,12050.0
958.0,11896.0
959.0,11832.0
960.0,11839.0
961.0,11663.0
962.0,11725.0
963.0,11717.0
964.0,11803.0
965.0,11543.0
966.0,11617.0
967.0,11432.0
968.0,11555.0
969.0,11638.0
970.0,11396.0
971.0,11357.0
972.0,11381.0
973.0,11315.0
974.0,11207.0
975.0,11300.0
976.0,11254.0
977.0,11238.0
978.0,11163.0
979.0,11221.0
980.0,11000.0
981.0,11038.0
982.0,11059.0
983.0,10973.0
984.0,10833.0
985.0,10925.0
986.0,10797.0
987.0,10812.0
988.0,10661.0
989.0,10716.0
990.0,10739.0
991.0,10551.0
992.0,10609.0
993.0,10514.0
994.0,10524.0
995.0,10564.0
996.0,10479.0
997.0,10494.0
998.0,10310.0
999.0,10232.0
1000.0,10102.0
1001.0,10159.0
1002.0,10277.0
1003.0,10300.0
1004.0,10073.0
1005.0,10204.0
1006.0,9867.0
1007.0,9898.0
1008.0,10015.0
1009.0,9979.0
1010.0,9830.0
1011.0,9791.0
1012.0,9810.0
1013.0,9773.0
1014.0,9698.0
1015.0,9777.0
1016.0,9699.0
1017.0,9616.0
1018.0,9568.0
1019.0,9444.0
1020.0,9401.0
1021.0,9518.0
1022.0,9453.0
1023.0,9449.0
