0.0,146.0
1.0,162.0
2.0,185.0
3.0,190.0
4.0,206.0
5.0,192.0
6.0,189.0
7.0,202.0
8.0,212.0
9.0,203.0
10.0,219.0
11.0,221.0
12.0,225.0
13.0,217.0
14.0,235.0
15.0,236.0
16.0,241.0
17.0,257.0
18.0,250.0
19.0,282.0
20.0,294.0
21.0,294.0
22.0,300.0
23.0,310.0
24.0,305.0
25.0,324.0
26.0,349.0
27.0,342.0
28.0,372.0
29.0,385.0
30.0,363.0
31.0,398.0
32.0,406.0
33.0,399.0
34.0,434.0
35.0,453.0
36.0,423.0
37.0,470.0
38.0,479.0
39.0,491.0
40.0,505.0
41.0,540.0
42.0,529.0
43.0,540.0
44.0,591.0
45.0,603.0
46.0,606.0
47.0,647.0
48.0,653.0
49.0,650.0
50.0,679.0
51.0,697.0
52.0,704.0
53.0,758.0
54.0,784.0
55.0,790.0
56.0,805.0
57.0,838.0
58.0,827.0
59.0,880.0
60.0,872.0
61.0,919.0
62.0,943.0
63.0,935.0
64.0,1014.0
65.0,1021.0
66.0,1045.0
67.0,1022.0
68.0,1078.0
69.0,1100.0
70.0,1127.0
71.0,1094.0
72.0,1177.0
73.0,1204.0
74.0,1224.0
75.0,1262.0
76.0,1289.0
77.0,1296.0
78.0,1388.0
79.0,1359.0
80.0,1387.0
81.0,1418.0
82.0,1422.0
83.0,1434.0
84.0,1471.0
85.0,1478.0
86.0,1528.0
87.0,1549.0
88.0,1557.0
89.0,1576.0
90.0,1604.0
91.0,1648.0
92.0,1664.0
93.0,1685.0
94.0,1714.0
95.0,1751.0
96.0,1746.0
97.0,1780.0
98.0,1794.0
99.0,1861.0
100.0,1809.0
101.0,1829.0
102.0,1904.0
103.0,1920.0
104.0,1955.0
105.0,1931.0
106.0,1977.0
107.0,2046.0
108.0,2019.0
109.0,2061.0
110.0,2102.0
111.0,2147.0
112.0,2167.0
113.0,2157.0
114.0,2267.0
115.0,2278.0
116.0,2270.0
117.0,2312.0
118.0,2336.0
119.0,2323.0
120.0,2345.0
121.0,2322.0
122.0,2384.0
123.0,2400.0
124.0,2493.0
125.0,2541.0
126.0,2533.0
127.0,2540.0
128.0,2545.0
129.0,2678.0
130.0,2682.0
131.0,2704.0
132.0,2707.0
133.0,2821.0
134.0,2803.0
135.0,2781.0
136.0,2863.0
137.0,2911.0
138.0,2885.0
139.0,2931.0
140.0,2949.0
141.0,3052.0
142.0,3005.0
143.0,3056.0
144.0,3090.0
145.0,3149.0
146.0,3157.0
147.0,3212.0
148.0,3260.0
149.0,3325.0
150.0,3276.0
151.0,3387.0
152.0,3447.0
153.0,3559.0
154.0,3454.0
155.0,3603.0
156.0,3682.0
157.0,3746.0
158.0,3735.0
159.0,3792.0
160.0,3872.0
161.0,3863.0
162.0,3890.0
163.0,3971.0
164.0,4069.0
165.0,3998.0
166.0,4068.0
167.0,4123.0
168.0,4163.0
169.0,4136.0
170.0,4178.0
171.0,4347.0
172.0,4297.0
173.0,4333.0
174.0,4407.0
175.0,4419.0
176.0,4436.0
177.0,4480.0
178.0,4534.0
179.0,4600.0
180.0,4610.0
181.0,4628.0
182.0,4675.0
183.0,4698.0
184.0,4690.0
185.0,4746.0
186.0,4836.0
187.0,4875.0
188.0,4832.0
189.0,4947.0
190.0,5055.0
191.0,4969.0
192.0,4989.0
193.0,5130.0
194.0,5117.0
195.0,5097.0
196.0,5152.0
197.0,5195.0
198.0,5250.0
199.0,5199.0
200.0,5223.0
201.0,5197.0
202.0,5131.0
203.0,5210.0
204.0,5362.0
205.0,5488.0
206.0,5458.0
207.0,5486.0
208.0,5473.0
209.0,5595.0
210.0,5613.0
211.0,5539.0
212.0,5573.0
213.0,5613.0
214.0,5623.0
215.0,5658.0
216.0,5715.0
217.0,5739.0
218.0,5785.0
219.0,5793.0
220.0,5823.0
221.0,5878.0
222.0,5904.0
223.0,5968.0
224.0,6044.0
225.0,5969.0
226.0,5988.0
227.0,6196.0
228.0,6099.0
229.0,6127.0
230.0,6101.0
231.0,6237.0
232.0,6338.0
233.0,6261.0
234.0,6305.0
235.0,6365.0
236.0,6494.0
237.0,6428.0
238.0,6566.0
239.0,6614.0
240.0,6546.0
241.0,6596.0
242.0,6769.0
243.0,6762.0
244.0,6797.0
245.0,6976.0
246.0,6992.0
247.0,7010.0
248.0,6983.0
249.0,7088.0
250.0,7173.0
251.0,7139.0
252.0,7122.0
253.0,7208.0
254.0,7334.0
255.0,7231.0
256.0,7267.0
257.0,7307.0
258.0,7254.0
259.0,7374.0
260.0,7311.0
261.0,7512.0
262.0,7410.0
263.0,7387.0
264.0,7509.0
265.0,7690.0
266.0,7513.0
267.0,7622.0
268.0,7587.0
269.0,7676.0
270.0,7683.0
271.0,7685.0
272.0,7881.0
273.0,7826.0
274.0,7759.0
275.0,7951.0
276.0,7946.0
277.0,7806.0
278.0,7599.0
279.0,7574.0
280.0,7836.0
281.0,7868.0
282.0,7950.0
283.0,8076.0
284.0,7964.0
285.0,7996.0
286.0,7984.0
287.0,8067.0
288.0,8045.0
289.0,8001.0
290.0,8045.0
291.0,8199.0
292.0,7999.0
293.0,8129.0
294.0,8148.0
295.0,8064.0
296.0,7906.0
297.0,7988.0
298.0,7997.0
299.0,8099.0
300.0,8029.0
301.0,8070.0
302.0,8056.0
303.0,8140.0
304.0,8051.0
305.0,8196.0
306.0,8155.0
307.0,8091.0
308.0,8148.0
309.0,8277.0
310.0,8252.0
311.0,8185.0
312.0,8260.0
313.0,8290.0
314.0,8268.0
315.0,8202.0
316.0,8340.0
317.0,8344.0
318.0,8326.0
319.0,8307.0
320.0,8420.0
321.0,8462.0
322.0,8366.0
323.0,8498.0
324.0,8482.0
325.0,8421.0
326.0,8448.0
327.0,8506.0
328.0,8498.0
329.0,8349.0
330.0,8452.0
331.0,8533.0
332.0,8578.0
333.0,8464.0
334.0,8470.0
335.0,8684.0
336.0,8558.0
337.0,8594.0
338.0,8652.0
339.0,8716.0
340.0,8600.0
341.0,8785.0
342.0,8866.0
343.0,8860.0
344.0,8901.0
345.0,8931.0
346.0,9055.0
347.0,8859.0
348.0,8870.0
349.0,9052.0
350.0,8931.0
351.0,8691.0
352.0,8848.0
353.0,8812.0
354.0,8708.0
355.0,8902.0
356.0,9035.0
357.0,9156.0
358.0,9161.0
359.0,9181.0
360.0,9290.0
361.0,9314.0
362.0,9200.0
363.0,9310.0
364.0,9400.0
365.0,9293.0
366.0,9229.0
367.0,9384.0
368.0,9495.0
369.0,9459.0
370.0,9459.0
371.0,9590.0
372.0,9570.0
373.0,9386.0
374.0,9544.0
375.0,9457.0
376.0,9146.0
377.0,8901.0
378.0,9190.0
379.0,9360.0
380.0,9222.0
381.0,9328.0
382.0,9507.0
383.0,9408.0
384.0,9387.0
385.0,9370.0
386.0,9519.0
387.0,9445.0
388.0,9501.0
389.0,9607.0
390.0,9610.0
391.0,9516.0
392.0,9493.0
393.0,9623.0
394.0,9775.0
395.0,9533.0
396.0,9708.0
397.0,9767.0
398.0,9688.0
399.0,9577.0
400.0,9644.0
401.0,9627.0
402.0,9451.0
403.0,9497.0
404.0,9523.0
405.0,9520.0
406.0,9452.0
407.0,9528.0
408.0,9532.0
409.0,9492.0
410.0,9440.0
411.0,9707.0
412.0,9508.0
413.0,9448.0
414.0,9494.0
415.0,9596.0
416.0,9599.0
417.0,9619.0
418.0,9674.0
419.0,9553.0
420.0,9220.0
421.0,9076.0
422.0,9425.0
423.0,9649.0
424.0,9624.0
425.0,9557.0
426.0,9707.0
427.0,9690.0
428.0,9724.0
429.0,9826.0
430.0,9959.0
431.0,9739.0
432.0,9907.0
433.0,9952.0
434.0,9972.0
435.0,9904.0
436.0,10119.0
437.0,10014.0
438.0,9975.0
439.0,9937.0
440.0,10117.0
441.0,10239.0
442.0,9931.0
443.0,10071.0
444.0,10022.0
445.0,10053.0
446.0,10078.0
447.0,10184.0
448.0,10395.0
449.0,10251.0
450.0,10368.0
451.0,10615.0
452.0,10438.0
453.0,10491.0
454.0,10652.0
455.0,10776.0
456.0,10589.0
457.0,10561.0
458.0,10692.0
459.0,10753.0
460.0,10682.0
461.0,10622.0
462.0,10696.0
463.0,10478.0
464.0,10439.0
465.0,10675.0
466.0,10698.0
467.0,10468.0
468.0,10554.0
469.0,10647.0
470.0,10557.0
471.0,10404.0
472.0,10763.0
473.0,10716.0
474.0,10679.0
475.0,10631.0
476.0,10860.0
477.0,10718.0
478.0,10487.0
479.0,10481.0
480.0,10718.0
481.0,10633.0
482.0,10569.0
483.0,10716.0
484.0,10750.0
485.0,10584.0
486.0,10586.0
487.0,10603.0
488.0,10561.0
489.0,10385.0
490.0,10400.0
491.0,10463.0
492.0,10189.0
493.0,10367.0
494.0,10469.0
495.0,10233.0
496.0,9955.0
497.0,10074.0
498.0,10525.0
499.0,10426.0
500.0,10352.0
501.0,10606.0
502.0,10578.0
503.0,10356.0
504.0,10507.0
505.0,10647.0
506.0,10564.0
507.0,10356.0
508.0,10534.0
509.0,10239.0
510.0,10231.0
511.0,10391.0
512.0,10813.0
513.0,10579.0
514.0,10508.0
515.0,10546.0
516.0,10768.0
517.0,10753.0
518.0,10737.0
519.0,10956.0
520.0,11036.0
521.0,10976.0
522.0,11041.0
523.0,11257.0
524.0,11289.0
525.0,11160.0
526.0,11372.0
527.0,11312.0
528.0,11239.0
529.0,11313.0
530.0,11498.0
531.0,11366.0
532.0,11312.0
533.0,11391.0
534.0,11327.0
535.0,11394.0
536.0,11414.0
537.0,11414.0
538.0,11542.0
539.0,11325.0
540.0,11338.0
541.0,11550.0
542.0,11343.0
543.0,11258.0
544.0,11146.0
545.0,11306.0
546.0,10966.0
547.0,11058.0
548.0,11213.0
549.0,10973.0
550.0,10991.0
551.0,11073.0
552.0,11142.0
553.0,10910.0
554.0,10738.0
555.0,11073.0
556.0,11188.0
557.0,10956.0
558.0,11182.0
559.0,11056.0
560.0,10684.0
561.0,10357.0
562.0,10190.0
563.0,10510.0
564.0,10721.0
565.0,11053.0
566.0,11147.0
567.0,10941.0
568.0,10925.0
569.0,10926.0
570.0,10996.0
571.0,10875.0
572.0,10758.0
573.0,10799.0
574.0,10912.0
575.0,11008.0
576.0,11171.0
577.0,11103.0
578.0,11040.0
579.0,11041.0
580.0,11165.0
581.0,11218.0
582.0,10927.0
583.0,11096.0
584.0,11261.0
585.0,11092.0
586.0,11088.0
587.0,11325.0
588.0,11260.0
589.0,11196.0
590.0,11255.0
591.0,11547.0
592.0,11484.0
593.0,11316.0
594.0,11454.0
595.0,11459.0
596.0,11372.0
597.0,11418.0
598.0,11549.0
599.0,11572.0
600.0,11640.0
601.0,11795.0
602.0,11787.0
603.0,11728.0
604.0,11561.0
605.0,11287.0
606.0,11183.0
607.0,11473.0
608.0,11947.0
609.0,11667.0
610.0,11248.0
611.0,11379.0
612.0,11698.0
613.0,12050.0
614.0,11715.0
615.0,12108.0
616.0,12090.0
617.0,11914.0
618.0,11862.0
619.0,12181.0
620.0,12078.0
621.0,11913.0
622.0,12099.0
623.0,12173.0
624.0,11963.0
625.0,11930.0
626.0,12039.0
627.0,11982.0
628.0,11748.0
629.0,11960.0
630.0,12139.0
631.0,11985.0
632.0,11819.0
633.0,11910.0
634.0,11957.0
635.0,11734.0
636.0,11738.0
637.0,12010.0
638.0,11688.0
639.0,11594.0
640.0,11673.0
641.0,11675.0
642.0,11349.0
643.0,11489.0
644.0,11705.0
645.0,11605.0
646.0,11452.0
647.0,11588.0
648.0,11559.0
649.0,11271.0
650.0,11493.0
651.0,11503.0
652.0,11353.0
653.0,11328.0
654.0,11485.0
655.0,11514.0
656.0,11287.0
657.0,11457.0
658.0,11463.0
659.0,11375.0
660.0,11294.0
661.0,11369.0
662.0,11451.0
663.0,11280.0
664.0,11407.0
665.0,11452.0
666.0,11290.0
667.0,11149.0
668.0,11364.0
669.0,11523.0
670.0,11484.0
671.0,11489.0
672.0,11682.0
673.0,11539.0
674.0,11464.0
675.0,11728.0
676.0,11895.0
677.0,11663.0
678.0,11872.0
679.0,12000.0
680.0,12056.0
681.0,11999.0
682.0,12063.0
683.0,12122.0
684.0,11984.0
685.0,12163.0
686.0,12377.0
687.0,12328.0
688.0,11963.0
689.0,12257.0
690.0,12261.0
691.0,12164.0
692.0,12230.0
693.0,12286.0
694.0,12221.0
695.0,12169.0
696.0,12266.0
697.0,12311.0
698.0,12108.0
699.0,12074.0
700.0,12412.0
701.0,12149.0
702.0,12124.0
703.0,12152.0
704.0,12238.0
705.0,12005.0
706.0,11927.0
707.0,12236.0
708.0,12100.0
709.0,12079.0
710.0,12261.0
711.0,12165.0
712.0,12028.0
713.0,12112.0
714.0,12215.0
715.0,11928.0
716.0,11976.0
717.0,12077.0
718.0,12087.0
719.0,11913.0
720.0,12004.0
721.0,12123.0
722.0,12016.0
723.0,11825.0
724.0,12003.0
725.0,11913.0
726.0,11664.0
727.0,11667.0
728.0,11774.0
729.0,11636.0
730.0,11427.0
731.0,11636.0
732.0,11598.0
733.0,11413.0
734.0,11413.0
735.0,11560.0
736.0,11366.0
737.0,11205.0
738.0,11384.0
739.0,11431.0
740.0,11169.0
741.0,11322.0
742.0,11395.0
743.0,11216.0
744.0,11186.0
745.0,11408.0
746.0,11146.0
747.0,10940.0
748.0,10985.0
749.0,11265.0
750.0,11250.0
751.0,11176.0
752.0,11392.0
753.0,11337.0
754.0,11231.0
755.0,11392.0
756.0,11424.0
757.0,11364.0
758.0,11367.0
759.0,11634.0
760.0,11469.0
761.0,11501.0
762.0,11678.0
763.0,11508.0
764.0,11494.0
765.0,11408.0
766.0,11222.0
767.0,11204.0
768.0,11306.0
769.0,11680.0
770.0,11843.0
771.0,11678.0
772.0,11728.0
773.0,11832.0
774.0,11815.0
775.0,11730.0
776.0,11775.0
777.0,11878.0
778.0,11389.0
779.0,11271.0
780.0,11956.0
781.0,11836.0
782.0,11771.0
783.0,12091.0
784.0,12036.0
785.0,11837.0
786.0,11816.0
787.0,11967.0
788.0,11842.0
789.0,11681.0
790.0,11803.0
791.0,11734.0
792.0,11744.0
793.0,11712.0
794.0,11674.0
795.0,11514.0
796.0,11409.0
797.0,11554.0
798.0,11323.0
799.0,10907.0
800.0,10763.0
801.0,11254.0
802.0,11341.0
803.0,11155.0
804.0,11361.0
805.0,11090.0
806.0,10751.0
807.0,10927.0
808.0,11293.0
809.0,11044.0
810.0,11012.0
811.0,11228.0
812.0,11107.0
813.0,10911.0
814.0,10921.0
815.0,10996.0
816.0,10666.0
817.0,10638.0
818.0,10897.0
819.0,10784.0
820.0,10816.0
821.0,10859.0
822.0,10780.0
823.0,10798.0
824.0,10956.0
825.0,11086.0
826.0,10874.0
827.0,10829.0
828.0,10907.0
829.0,10951.0
830.0,10958.0
831.0,10968.0
832.0,11011.0
833.0,10945.0
834.0,10848.0
835.0,10988.0
836.0,11056.0
837.0,10988.0
838.0,10885.0
839.0,11108.0
840.0,10954.0
841.0,10921.0
842.0,10755.0
843.0,10787.0
844.0,10709.0
845.0,10788.0
846.0,10804.0
847.0,10578.0
848.0,11034.0
849.0,11239.0
850.0,10946.0
851.0,11006.0
852.0,11083.0
853.0,11186.0
854.0,11013.0
855.0,11092.0
856.0,10999.0
857.0,10394.0
858.0,10353.0
859.0,10674.0
860.0,11018.0
861.0,10831.0
862.0,11058.0
863.0,11257.0
864.0,11168.0
865.0,11044.0
866.0,11320.0
867.0,11020.0
868.0,11217.0
869.0,11271.0
870.0,11198.0
871.0,11102.0
872.0,11126.0
873.0,11210.0
874.0,10994.0
875.0,10974.0
876.0,11261.0
877.0,11149.0
878.0,10971.0
879.0,11017.0
880.0,11224.0
881.0,11055.0
882.0,10893.0
883.0,10998.0
884.0,10967.0
885.0,10855.0
886.0,10633.0
887.0,10330.0
888.0,10363.0
889.0,10646.0
890.0,10817.0
891.0,10516.0
892.0,10321.0
893.0,10622.0
894.0,10553.0
895.0,10454.0
896.0,10346.0
897.0,10151.0
898.0,10249.0
899.0,10541.0
900.0,10706.0
901.0,10746.0
902.0,10675.0
903.0,10773.0
904.0,10702.0
905.0,10399.0
906.0,10443.0
907.0,10336.0
908.0,10063.0
909.0,10246.0
910.0,10367.0
911.0,10376.0
912.0,10132.0
913.0,10328.0
914.0,10250.0
915.0,10109.0
916.0,9953.0
917.0,10052.0
918.0,10058.0
919.0,9827.0
920.0,9962.0
921.0,9982.0
922.0,9806.0
923.0,9704.0
924.0,9583.0
925.0,9699.0
926.0,9577.0
927.0,9491.0
928.0,9509.0
929.0,9662.0
930.0,9642.0
931.0,9811.0
932.0,9671.0
933.0,9648.0
934.0,9730.0
935.0,9693.0
936.0,9631.0
937.0,9862.0
938.0,9843.0
939.0,9656.0
940.0,9756.0
941.0,9923.0
942.0,9810.0
943.0,9727.0
944.0,9838.0
945.0,9938.0
946.0,9760.0
947.0,9833.0
948.0,9929.0
949.0,9792.0
950.0,9771.0
951.0,9975.0
952.0,9870.0
953.0,9696.0
954.0,9693.0
955.0,9636.0
956.0,9636.0
957.0,9851.0
958.0,9829.0
959.0,9709.0
960.0,9750.0
961.0,9988.0
962.0,9880.0
963.0,9678.0
964.0,9853.0
965.0,9916.0
966.0,9792.0
967.0,9688.0
968.0,9915.0
969.0,9844.0
970.0,9647.0
971.0,9767.0
972.0,9861.0
973.0,9715.0
974.0,9679.0
975.0,9602.0
976.0,9453.0
977.0,9488.0
978.0,9758.0
979.0,9568.0
980.0,9449.0
981.0,9567.0
982.0,9536.0
983.0,9155.0
984.0,9128.0
985.0,9200.0
986.0,9131.0
987.0,9337.0
988.0,9228.0
989.0,9129.0
990.0,9065.0
991.0,9092.0
992.0,9106.0
993.0,9018.0
994.0,8889.0
995.0,9054.0
996.0,8758.0
997.0,8827.0
998.0,8952.0
999.0,8691.0
1000.0,8617.0
1001.0,8686.0
1002.0,8695.0
1003.0,8586.0
1004.0,8701.0
1005.0,8666.0
1006.0,8517.0
1007.0,8371.0
1008.0,8316.0
1009.0,8392.0
1010.0,8280.0
1011.0,8369.0
1012.0,8420.0
1013.0,8295.0
1014.0,8277.0
1015.0,8376.0
1016.0,8288.0
1017.0,8247.0
1018.0,8316.0
1019.0,8323.0
1020.0,8232.0
1021.0,8303.0
1022.0,8309.0
1023.0,8222.0
