0.0,599.0
1.0,937.0
2.0,887.0
3.0,937.0
4.0,905.0
5.0,905.0
6.0,940.0
7.0,937.0
8.0,928.0
9.0,942.0
10.0,955.0
11.0,1004.0
12.0,974.0
13.0,1021.0
14.0,1007.0
15.0,1041.0
16.0,1057.0
17.0,1046.0
18.0,1051.0
19.0,1104.0
20.0,1086.0
21.0,1146.0
22.0,1113.0
23.0,1130.0
24.0,1135.0
25.0,1182.0
26.0,1160.0
27.0,1182.0
28.0,1179.0
29.0,1183.0
30.0,1217.0
31.0,1224.0
32.0,1269.0
33.0,1255.0
34.0,1292.0
35.0,1311.0
36.0,1285.0
37.0,1312.0
38.0,1361.0
39.0,1403.0
40.0,1381.0
41.0,1384.0
42.0,1408.0
43.0,1408.0
44.0,1456.0
45.0,1396.0
46.0,1461.0
47.0,1526.0
48.0,1494.0
49.0,1479.0
50.0,1460.0
51.0,1515.0
52.0,1536.0
53.0,1574.0
54.0,1637.0
55.0,1602.0
56.0,1633.0
57.0,1658.0
58.0,1645.0
59.0,1695.0
60.0,1690.0
61.0,1708.0
62.0,1673.0
63.0,1739.0
64.0,1735.0
65.0,1751.0
66.0,1754.0
67.0,1818.0
68.0,1813.0
69.0,1843.0
70.0,1866.0
71.0,1814.0
72.0,1862.0
73.0,1907.0
74.0,1925.0
75.0,1931.0
76.0,1929.0
77.0,1896.0
78.0,1934.0
79.0,1980.0
80.0,2000.0
81.0,2036.0
82.0,2081.0
83.0,2042.0
84.0,2110.0
85.0,2091.0
86.0,2101.0
87.0,2194.0
88.0,2155.0
89.0,2197.0
90.0,2172.0
91.0,2174.0
92.0,2215.0
93.0,2252.0
94.0,2281.0
95.0,2255.0
96.0,2328.0
97.0,2288.0
98.0,2310.0
99.0,2353.0
100.0,2360.0
101.0,2443.0
102.0,2424.0
103.0,2433.0
104.0,2451.0
105.0,2450.0
106.0,2528.0
107.0,2558.0
108.0,2532.0
109.0,2551.0
110.0,2598.0
111.0,2634.0
112.0,2593.0
113.0,2686.0
114.0,2705.0
115.0,2705.0
116.0,2741.0
117.0,2701.0
118.0,2736.0
119.0,2762.0
120.0,2768.0
121.0,2782.0
122.0,2835.0
123.0,2856.0
124.0,2902.0
125.0,2859.0
126.0,2850.0
127.0,2928.0
128.0,2932.0
129.0,2966.0
130.0,2992.0
131.0,3012.0
132.0,3039.0
133.0,3019.0
134.0,3069.0
135.0,3174.0
136.0,3097.0
137.0,3167.0
138.0,3178.0
139.0,3152.0
140.0,3194.0
141.0,3286.0
142.0,3299.0
143.0,3228.0
144.0,3317.0
145.0,3281.0
146.0,3354.0
147.0,3389.0
148.0,3362.0
149.0,3468.0
150.0,3382.0
151.0,3431.0
152.0,3440.0
153.0,3459.0
154.0,3550.0
155.0,3599.0
156.0,3588.0
157.0,3576.0
158.0,3582.0
159.0,3585.0
160.0,3629.0
161.0,3680.0
162.0,3744.0
163.0,3735.0
164.0,3677.0
165.0,3760.0
166.0,3794.0
167.0,3798.0
168.0,3896.0
169.0,3871.0
170.0,3923.0
171.0,3883.0
172.0,3915.0
173.0,3907.0
174.0,3912.0
175.0,4034.0
176.0,4076.0
177.0,4049.0
178.0,4066.0
179.0,4124.0
180.0,4066.0
181.0,4138.0
182.0,4187.0
183.0,4233.0
184.0,4205.0
185.0,4207.0
186.0,4224.0
187.0,4239.0
188.0,4334.0
189.0,4407.0
190.0,4409.0
191.0,4439.0
192.0,4348.0
193.0,4323.0
194.0,4445.0
195.0,4463.0
196.0,4637.0
197.0,4564.0
198.0,4568.0
199.0,4566.0
200.0,4598.0
201.0,4696.0
202.0,4686.0
203.0,4762.0
204.0,4691.0
205.0,4739.0
206.0,4695.0
207.0,4770.0
208.0,4800.0
209.0,4861.0
210.0,4922.0
211.0,4915.0
212.0,4948.0
213.0,4921.0
214.0,4936.0
215.0,4975.0
216.0,5086.0
217.0,5093.0
218.0,5035.0
219.0,5087.0
220.0,5113.0
221.0,5144.0
222.0,5244.0
223.0,5208.0
224.0,5284.0
225.0,5288.0
226.0,5185.0
227.0,5289.0
228.0,5432.0
229.0,5381.0
230.0,5422.0
231.0,5360.0
232.0,5357.0
233.0,5491.0
234.0,5531.0
235.0,5685.0
236.0,5551.0
237.0,5579.0
238.0,5650.0
239.0,5514.0
240.0,5621.0
241.0,5694.0
242.0,5734.0
243.0,5753.0
244.0,5700.0
245.0,5824.0
246.0,5768.0
247.0,5776.0
248.0,5819.0
249.0,5981.0
250.0,5880.0
251.0,5897.0
252.0,6023.0
253.0,6016.0
254.0,5974.0
255.0,6154.0
256.0,6139.0
257.0,6219.0
258.0,6103.0
259.0,6031.0
260.0,6156.0
261.0,6218.0
262.0,6218.0
263.0,6304.0
264.0,6315.0
265.0,6266.0
266.0,6220.0
267.0,6379.0
268.0,6367.0
269.0,6394.0
270.0,6385.0
271.0,6439.0
272.0,6470.0
273.0,6390.0
274.0,6458.0
275.0,6566.0
276.0,6638.0
277.0,6558.0
278.0,6603.0
279.0,6517.0
280.0,6618.0
281.0,6752.0
282.0,6697.0
283.0,6764.0
284.0,6710.0
285.0,6753.0
286.0,6727.0
287.0,6825.0
288.0,6861.0
289.0,6881.0
290.0,6899.0
291.0,6928.0
292.0,6887.0
293.0,7033.0
294.0,6954.0
295.0,7038.0
296.0,7077.0
297.0,7015.0
298.0,7007.0
299.0,7045.0
300.0,7138.0
301.0,7175.0
302.0,7176.0
303.0,7160.0
304.0,7180.0
305.0,7261.0
306.0,7089.0
307.0,7223.0
308.0,7371.0
309.0,7430.0
310.0,7327.0
311.0,7276.0
312.0,7371.0
313.0,7398.0
314.0,7465.0
315.0,7500.0
316.0,7453.0
317.0,7501.0
318.0,7436.0
319.0,7451.0
320.0,7482.0
321.0,7614.0
322.0,7719.0
323.0,7553.0
324.0,7610.0
325.0,7567.0
326.0,7697.0
327.0,7737.0
328.0,7821.0
329.0,7710.0
330.0,7799.0
331.0,7663.0
332.0,7760.0
333.0,7837.0
334.0,7858.0
335.0,7996.0
336.0,7853.0
337.0,7976.0
338.0,7760.0
339.0,7930.0
340.0,7932.0
341.0,7951.0
342.0,7995.0
343.0,7942.0
344.0,8027.0
345.0,7918.0
346.0,8075.0
347.0,8056.0
348.0,8164.0
349.0,8230.0
350.0,8108.0
351.0,8110.0
352.0,8156.0
353.0,8271.0
354.0,8209.0
355.0,8300.0
356.0,8349.0
357.0,8204.0
358.0,8245.0
359.0,8314.0
360.0,8354.0
361.0,8431.0
362.0,8385.0
363.0,8355.0
364.0,8383.0
365.0,8381.0
366.0,8441.0
367.0,8557.0
368.0,8617.0
369.0,8565.0
370.0,8497.0
371.0,8500.0
372.0,8481.0
373.0,8644.0
374.0,8643.0
375.0,8635.0
376.0,8637.0
377.0,8633.0
378.0,8527.0
379.0,8647.0
380.0,8838.0
381.0,8841.0
382.0,8766.0
383.0,8663.0
384.0,8629.0
385.0,8678.0
386.0,8808.0
387.0,8829.0
388.0,8984.0
389.0,8970.0
390.0,8655.0
391.0,8898.0
392.0,8864.0
393.0,9054.0
394.0,8924.0
395.0,8952.0
396.0,8932.0
397.0,8906.0
398.0,8932.0
399.0,8946.0
400.0,9130.0
401.0,9057.0
402.0,8913.0
403.0,9000.0
404.0,9060.0
405.0,9070.0
406.0,9181.0
407.0,9148.0
408.0,9131.0
409.0,9123.0
410.0,9212.0
411.0,9144.0
412.0,9207.0
413.0,9334.0
414.0,9247.0
415.0,9183.0
416.0,9276.0
417.0,9113.0
418.0,9241.0
419.0,9418.0
420.0,9445.0
421.0,9305.0
422.0,9425.0
423.0,9319.0
424.0,9405.0
425.0,9318.0
426.0,9616.0
427.0,9399.0
428.0,9399.0
429.0,9447.0
430.0,9319.0
431.0,9431.0
432.0,9541.0
433.0,9676.0
434.0,9575.0
435.0,9462.0
436.0,9443.0
437.0,9577.0
438.0,9594.0
439.0,9653.0
440.0,9782.0
441.0,9622.0
442.0,9622.0
443.0,9491.0
444.0,9717.0
445.0,9726.0
446.0,9818.0
447.0,9810.0
448.0,9580.0
449.0,9744.0
450.0,9646.0
451.0,9956.0
452.0,9811.0
453.0,9851.0
454.0,9641.0
455.0,9718.0
456.0,9803.0
457.0,9803.0
458.0,9939.0
459.0,9859.0
460.0,9898.0
461.0,9794.0
462.0,9952.0
463.0,9769.0
464.0,10100.0
465.0,10025.0
466.0,9946.0
467.0,9815.0
468.0,9893.0
469.0,9777.0
470.0,9942.0
471.0,10003.0
472.0,10157.0
473.0,10017.0
474.0,9900.0
475.0,9970.0
476.0,10055.0
477.0,10163.0
478.0,10018.0
479.0,9959.0
480.0,10037.0
481.0,9979.0
482.0,10017.0
483.0,10123.0
484.0,10204.0
485.0,10191.0
486.0,10210.0
487.0,9969.0
488.0,10162.0
489.0,10190.0
490.0,10219.0
491.0,10401.0
492.0,10145.0
493.0,10181.0
494.0,10071.0
495.0,10158.0
496.0,10225.0
497.0,10343.0
498.0,10289.0
499.0,10179.0
500.0,10131.0
501.0,10189.0
502.0,10306.0
503.0,10278.0
504.0,10359.0
505.0,10244.0
506.0,10233.0
507.0,10191.0
508.0,10327.0
509.0,10328.0
510.0,10388.0
511.0,10400.0
512.0,10239.0
513.0,10274.0
514.0,10337.0
515.0,10363.0
516.0,10337.0
517.0,10454.0
518.0,10381.0
519.0,10364.0
520.0,10323.0
521.0,10503.0
522.0,10498.0
523.0,10610.0
524.0,10442.0
525.0,10316.0
526.0,10380.0
527.0,10452.0
528.0,10545.0
529.0,10734.0
530.0,10433.0
531.0,10394.0
532.0,10547.0
533.0,10384.0
534.0,10541.0
535.0,10549.0
536.0,10628.0
537.0,10520.0
538.0,10373.0
539.0,10648.0
540.0,10467.0
541.0,10670.0
542.0,10667.0
543.0,10538.0
544.0,10597.0
545.0,10445.0
546.0,10528.0
547.0,10479.0
548.0,10671.0
549.0,10678.0
550.0,10584.0
551.0,10533.0
552.0,10463.0
553.0,10608.0
554.0,10551.0
555.0,10719.0
556.0,10583.0
557.0,10618.0
558.0,10434.0
559.0,10563.0
560.0,10620.0
561.0,10591.0
562.0,10753.0
563.0,10615.0
564.0,10547.0
565.0,10650.0
566.0,10611.0
567.0,10851.0
568.0,10584.0
569.0,10711.0
570.0,10600.0
571.0,10623.0
572.0,10742.0
573.0,10714.0
574.0,10809.0
575.0,10645.0
576.0,10598.0
577.0,10716.0
578.0,10555.0
579.0,10699.0
580.0,10782.0
581.0,10798.0
582.0,10664.0
583.0,10524.0
584.0,10664.0
585.0,10619.0
586.0,10674.0
587.0,10731.0
588.0,10795.0
589.0,10475.0
590.0,10542.0
591.0,10660.0
592.0,10703.0
593.0,10754.0
594.0,10556.0
595.0,10556.0
596.0,10524.0
597.0,10481.0
598.0,10754.0
599.0,10713.0
600.0,10727.0
601.0,10582.0
602.0,10605.0
603.0,10611.0
604.0,10597.0
605.0,10719.0
606.0,10637.0
607.0,10520.0
608.0,10580.0
609.0,10573.0
610.0,10659.0
611.0,10704.0
612.0,10560.0
613.0,10665.0
614.0,10575.0
615.0,10560.0
616.0,10535.0
617.0,10581.0
618.0,10720.0
619.0,10558.0
620.0,10641.0
621.0,10440.0
622.0,10600.0
623.0,10724.0
624.0,10492.0
625.0,10730.0
626.0,10454.0
627.0,10425.0
628.0,10594.0
629.0,10505.0
630.0,10569.0
631.0,10734.0
632.0,10502.0
633.0,10614.0
634.0,10510.0
635.0,10526.0
636.0,10461.0
637.0,10648.0
638.0,10586.0
639.0,10389.0
640.0,10396.0
641.0,10497.0
642.0,10409.0
643.0,10666.0
644.0,10465.0
645.0,10493.0
646.0,10609.0
647.0,10324.0
648.0,10410.0
649.0,10540.0
650.0,10481.0
651.0,10397.0
652.0,10266.0
653.0,10428.0
654.0,10450.0
655.0,10468.0
656.0,10585.0
657.0,10388.0
658.0,10373.0
659.0,10256.0
660.0,10327.0
661.0,10481.0
662.0,10355.0
663.0,10417.0
664.0,10241.0
665.0,10192.0
666.0,10346.0
667.0,10361.0
668.0,10360.0
669.0,10434.0
670.0,10152.0
671.0,10218.0
672.0,10130.0
673.0,10287.0
674.0,10395.0
675.0,10282.0
676.0,10343.0
677.0,10129.0
678.0,10269.0
679.0,10220.0
680.0,10259.0
681.0,10131.0
682.0,10234.0
683.0,10168.0
684.0,10122.0
685.0,10041.0
686.0,10278.0
687.0,10278.0
688.0,10103.0
689.0,10120.0
690.0,9907.0
691.0,10015.0
692.0,10126.0
693.0,10219.0
694.0,10005.0
695.0,10073.0
696.0,10058.0
697.0,9944.0
698.0,10137.0
699.0,10096.0
700.0,10029.0
701.0,10144.0
702.0,9840.0
703.0,9929.0
704.0,9958.0
705.0,10037.0
706.0,9904.0
707.0,9953.0
708.0,9801.0
709.0,9862.0
710.0,9811.0
711.0,9870.0
712.0,9952.0
713.0,9890.0
714.0,9706.0
715.0,9768.0
716.0,9823.0
717.0,9709.0
718.0,9804.0
719.0,9921.0
720.0,9753.0
721.0,9620.0
722.0,9673.0
723.0,9856.0
724.0,9695.0
725.0,9835.0
726.0,9660.0
727.0,9585.0
728.0,9482.0
729.0,9656.0
730.0,9701.0
731.0,9633.0
732.0,9466.0
733.0,9605.0
734.0,9451.0
735.0,9475.0
736.0,9713.0
737.0,9553.0
738.0,9552.0
739.0,9409.0
740.0,9348.0
741.0,9397.0
742.0,9412.0
743.0,9511.0
744.0,9469.0
745.0,9445.0
746.0,9298.0
747.0,9270.0
748.0,9446.0
749.0,9454.0
750.0,9442.0
751.0,9328.0
752.0,9367.0
753.0,9213.0
754.0,9253.0
755.0,9282.0
756.0,9237.0
757.0,9218.0
758.0,9201.0
759.0,9123.0
760.0,9276.0
761.0,9189.0
762.0,9236.0
763.0,9230.0
764.0,9160.0
765.0,9069.0
766.0,9049.0
767.0,9113.0
768.0,9131.0
769.0,9003.0
770.0,9069.0
771.0,8948.0
772.0,8926.0
773.0,9012.0
774.0,9073.0
775.0,9143.0
776.0,8773.0
777.0,8808.0
778.0,8922.0
779.0,8929.0
780.0,8967.0
781.0,8764.0
782.0,8838.0
783.0,8785.0
784.0,8747.0
785.0,8884.0
786.0,8691.0
787.0,8844.0
788.0,8715.0
789.0,8549.0
790.0,8690.0
791.0,8594.0
792.0,8715.0
793.0,8780.0
794.0,8596.0
795.0,8538.0
796.0,8583.0
797.0,8564.0
798.0,8573.0
799.0,8556.0
800.0,8602.0
801.0,8408.0
802.0,8375.0
803.0,8508.0
804.0,8540.0
805.0,8428.0
806.0,8412.0
807.0,8339.0
808.0,8310.0
809.0,8332.0
810.0,8390.0
811.0,8284.0
812.0,8291.0
813.0,8182.0
814.0,8192.0
815.0,8121.0
816.0,8331.0
817.0,8407.0
818.0,8160.0
819.0,8077.0
820.0,8028.0
821.0,8054.0
822.0,8128.0
823.0,8044.0
824.0,8307.0
825.0,8076.0
826.0,7973.0
827.0,8005.0
828.0,8030.0
829.0,8079.0
830.0,8108.0
831.0,7865.0
832.0,7856.0
833.0,7810.0
834.0,7866.0
835.0,7992.0
836.0,7835.0
837.0,7848.0
838.0,7733.0
839.0,7732.0
840.0,7711.0
841.0,7718.0
842.0,7827.0
843.0,7685.0
844.0,7740.0
845.0,7662.0
846.0,7617.0
847.0,7714.0
848.0,7677.0
849.0,7648.0
850.0,7572.0
851.0,7496.0
852.0,7537.0
853.0,7513.0
854.0,7563.0
855.0,7436.0
856.0,7543.0
857.0,7433.0
858.0,7342.0
859.0,7389.0
860.0,7341.0
861.0,7463.0
862.0,7269.0
863.0,7279.0
864.0,7230.0
865.0,7289.0
866.0,7279.0
867.0,7291.0
868.0,7222.0
869.0,7222.0
870.0,7110.0
871.0,7188.0
872.0,7203.0
873.0,7191.0
874.0,7087.0
875.0,7078.0
876.0,7081.0
877.0,7036.0
878.0,7157.0
879.0,7102.0
880.0,6910.0
881.0,6948.0
882.0,6888.0
883.0,6973.0
884.0,6892.0
885.0,6972.0
886.0,6817.0
887.0,6815.0
888.0,6665.0
889.0,6763.0
890.0,6834.0
891.0,6843.0
892.0,6745.0
893.0,6632.0
894.0,6662.0
895.0,6707.0
896.0,6650.0
897.0,6647.0
898.0,6692.0
899.0,6589.0
900.0,6561.0
901.0,6491.0
902.0,6510.0
903.0,6538.0
904.0,6391.0
905.0,6429.0
906.0,6461.0
907.0,6457.0
908.0,6407.0
909.0,6434.0
910.0,6480.0
911.0,6328.0
912.0,6332.0
913.0,6288.0
914.0,6289.0
915.0,6301.0
916.0,6236.0
917.0,6300.0
918.0,6202.0
919.0,6085.0
920.0,6189.0
921.0,6157.0
922.0,6149.0
923.0,6086.0
924.0,6023.0
925.0,6064.0
926.0,6034.0
927.0,6086.0
928.0,5982.0
929.0,6029.0
930.0,5951.0
931.0,5901.0
932.0,5953.0
933.0,5939.0
934.0,5870.0
935.0,5895.0
936.0,5767.0
937.0,5769.0
938.0,5779.0
939.0,5831.0
940.0,5793.0
941.0,5704.0
942.0,5686.0
943.0,5602.0
944.0,5646.0
945.0,5683.0
946.0,5698.0
947.0,5570.0
948.0,5413.0
949.0,5561.0
950.0,5543.0
951.0,5540.0
952.0,5574.0
953.0,5433.0
954.0,5454.0
955.0,5395.0
956.0,5495.0
957.0,5465.0
958.0,5439.0
959.0,5363.0
960.0,5281.0
961.0,5287.0
962.0,5229.0
963.0,5305.0
964.0,5145.0
965.0,5237.0
966.0,5200.0
967.0,5185.0
968.0,5213.0
969.0,5104.0
970.0,5135.0
971.0,5057.0
972.0,5045.0
973.0,5054.0
974.0,5002.0
975.0,5099.0
976.0,4989.0
977.0,4972.0
978.0,4890.0
979.0,4947.0
980.0,4912.0
981.0,4923.0
982.0,4956.0
983.0,4831.0
984.0,4822.0
985.0,4778.0
986.0,4781.0
987.0,4752.0
988.0,4777.0
989.0,4759.0
990.0,4679.0
991.0,4559.0
992.0,4694.0
993.0,4647.0
994.0,4670.0
995.0,4561.0
996.0,4475.0
997.0,4525.0
998.0,4551.0
999.0,4586.0
1000.0,4503.0
1001.0,4489.0
1002.0,4481.0
1003.0,4372.0
1004.0,4441.0
1005.0,4382.0
1006.0,4401.0
1007.0,4357.0
1008.0,4275.0
1009.0,4336.0
1010.0,4274.0
1011.0,4318.0
1012.0,4192.0
1013.0,4216.0
1014.0,4267.0
1015.0,4174.0
1016.0,4114.0
1017.0,4220.0
1018.0,4128.0
1019.0,4026.0
1020.0,4072.0
1021.0,4058.0
1022.0,4023.0
1023.0,4036.0
