0.0,128.0
1.0,146.0
2.0,160.0
3.0,155.0
4.0,172.0
5.0,187.0
6.0,170.0
7.0,167.0
8.0,184.0
9.0,189.0
10.0,179.0
11.0,172.0
12.0,192.0
13.0,189.0
14.0,187.0
15.0,220.0
16.0,209.0
17.0,213.0
18.0,232.0
19.0,215.0
20.0,239.0
21.0,246.0
22.0,241.0
23.0,235.0
24.0,267.0
25.0,277.0
26.0,276.0
27.0,292.0
28.0,279.0
29.0,309.0
30.0,325.0
31.0,321.0
32.0,329.0
33.0,333.0
34.0,356.0
35.0,363.0
36.0,380.0
37.0,395.0
38.0,403.0
39.0,399.0
40.0,436.0
41.0,439.0
42.0,452.0
43.0,457.0
44.0,489.0
45.0,490.0
46.0,547.0
47.0,530.0
48.0,549.0
49.0,568.0
50.0,571.0
51.0,610.0
52.0,616.0
53.0,634.0
54.0,681.0
55.0,684.0
56.0,697.0
57.0,731.0
58.0,726.0
59.0,750.0
60.0,772.0
61.0,818.0
62.0,814.0
63.0,857.0
64.0,873.0
65.0,888.0
66.0,862.0
67.0,909.0
68.0,944.0
69.0,933.0
70.0,996.0
71.0,998.0
72.0,1031.0
73.0,1036.0
74.0,1075.0
75.0,1095.0
76.0,1106.0
77.0,1129.0
78.0,1162.0
79.0,1208.0
80.0,1178.0
81.0,1211.0
82.0,1223.0
83.0,1214.0
84.0,1261.0
85.0,1256.0
86.0,1301.0
87.0,1379.0
88.0,1337.0
89.0,1360.0
90.0,1394.0
91.0,1404.0
92.0,1454.0
93.0,1462.0
94.0,1540.0
95.0,1531.0
96.0,1538.0
97.0,1572.0
98.0,1617.0
99.0,1606.0
100.0,1600.0
101.0,1682.0
102.0,1714.0
103.0,1740.0
104.0,1767.0
105.0,1833.0
106.0,1843.0
107.0,1898.0
108.0,1888.0
109.0,1936.0
110.0,1968.0
111.0,1992.0
112.0,2012.0
113.0,2070.0
114.0,2106.0
115.0,2140.0
116.0,2239.0
117.0,2228.0
118.0,2212.0
119.0,2240.0
120.0,2172.0
121.0,2328.0
122.0,2403.0
123.0,2393.0
124.0,2459.0
125.0,2467.0
126.0,2526.0
127.0,2513.0
128.0,2555.0
129.0,2623.0
130.0,2648.0
131.0,2674.0
132.0,2760.0
133.0,2803.0
134.0,2767.0
135.0,2835.0
136.0,2848.0
137.0,2910.0
138.0,2940.0
139.0,2965.0
140.0,2990.0
141.0,3050.0
142.0,3022.0
143.0,3099.0
144.0,3157.0
145.0,3182.0
146.0,3116.0
147.0,3227.0
148.0,3263.0
149.0,3338.0
150.0,3312.0
151.0,3364.0
152.0,3418.0
153.0,3405.0
154.0,3392.0
155.0,3465.0
156.0,3510.0
157.0,3564.0
158.0,3585.0
159.0,3682.0
160.0,3687.0
161.0,3657.0
162.0,3705.0
163.0,3763.0
164.0,3810.0
165.0,3748.0
166.0,3805.0
167.0,3723.0
168.0,3836.0
169.0,3824.0
170.0,3894.0
171.0,3914.0
172.0,3855.0
173.0,3948.0
174.0,4022.0
175.0,4011.0
176.0,4035.0
177.0,4065.0
178.0,4167.0
179.0,4241.0
180.0,4217.0
181.0,4309.0
182.0,4297.0
183.0,4414.0
184.0,4360.0
185.0,4427.0
186.0,4510.0
187.0,4518.0
188.0,4522.0
189.0,4596.0
190.0,4560.0
191.0,4574.0
192.0,4625.0
193.0,4689.0
194.0,4708.0
195.0,4767.0
196.0,4780.0
197.0,4884.0
198.0,4801.0
199.0,4789.0
200.0,4792.0
201.0,4903.0
202.0,5027.0
203.0,5142.0
204.0,5280.0
205.0,5274.0
206.0,5291.0
207.0,5367.0
208.0,5393.0
209.0,5430.0
210.0,5383.0
211.0,5495.0
212.0,5616.0
213.0,5660.0
214.0,5563.0
215.0,5716.0
216.0,5802.0
217.0,5860.0
218.0,5837.0
219.0,5995.0
220.0,5981.0
221.0,5971.0
222.0,6033.0
223.0,6172.0
224.0,6229.0
225.0,6187.0
226.0,6402.0
227.0,6315.0
228.0,6389.0
229.0,6320.0
230.0,6479.0
231.0,6555.0
232.0,6503.0
233.0,6517.0
234.0,6655.0
235.0,6699.0
236.0,6691.0
237.0,6748.0
238.0,6782.0
239.0,6849.0
240.0,6771.0
241.0,6991.0
242.0,6974.0
243.0,6956.0
244.0,7065.0
245.0,7073.0
246.0,7168.0
247.0,7154.0
248.0,7220.0
249.0,7217.0
250.0,7271.0
251.0,7302.0
252.0,7266.0
253.0,7426.0
254.0,7427.0
255.0,7386.0
256.0,7417.0
257.0,7470.0
258.0,7412.0
259.0,7471.0
260.0,7571.0
261.0,7610.0
262.0,7626.0
263.0,7560.0
264.0,7622.0
265.0,7677.0
266.0,7606.0
267.0,7549.0
268.0,7672.0
269.0,7697.0
270.0,7681.0
271.0,7701.0
272.0,7797.0
273.0,7759.0
274.0,7727.0
275.0,7703.0
276.0,7645.0
277.0,7506.0
278.0,7607.0
279.0,7876.0
280.0,8005.0
281.0,7897.0
282.0,8082.0
283.0,8166.0
284.0,8044.0
285.0,8063.0
286.0,8121.0
287.0,8095.0
288.0,8008.0
289.0,8141.0
290.0,8198.0
291.0,8239.0
292.0,8156.0
293.0,8244.0
294.0,8105.0
295.0,8059.0
296.0,7954.0
297.0,8072.0
298.0,8343.0
299.0,8352.0
300.0,8445.0
301.0,8503.0
302.0,8516.0
303.0,8395.0
304.0,8592.0
305.0,8647.0
306.0,8525.0
307.0,8537.0
308.0,8624.0
309.0,8637.0
310.0,8629.0
311.0,8670.0
312.0,8723.0
313.0,8709.0
314.0,8725.0
315.0,8753.0
316.0,8871.0
317.0,8837.0
318.0,8883.0
319.0,8936.0
320.0,8938.0
321.0,9032.0
322.0,9031.0
323.0,9030.0
324.0,9273.0
325.0,9170.0
326.0,9348.0
327.0,9332.0
328.0,9351.0
329.0,9392.0
330.0,9510.0
331.0,9509.0
332.0,9561.0
333.0,9544.0
334.0,9695.0
335.0,9632.0
336.0,9572.0
337.0,9515.0
338.0,9688.0
339.0,9775.0
340.0,9577.0
341.0,9723.0
342.0,9774.0
343.0,9744.0
344.0,9761.0
345.0,9771.0
346.0,9798.0
347.0,9700.0
348.0,9738.0
349.0,9647.0
350.0,9445.0
351.0,9440.0
352.0,9301.0
353.0,9483.0
354.0,9513.0
355.0,9682.0
356.0,9785.0
357.0,9852.0
358.0,9809.0
359.0,9763.0
360.0,9841.0
361.0,9893.0
362.0,9778.0
363.0,9765.0
364.0,9760.0
365.0,9602.0
366.0,9822.0
367.0,9938.0
368.0,9888.0
369.0,9691.0
370.0,9856.0
371.0,10036.0
372.0,10058.0
373.0,9869.0
374.0,9884.0
375.0,9677.0
376.0,9639.0
377.0,9812.0
378.0,10029.0
379.0,10054.0
380.0,10048.0
381.0,10150.0
382.0,10120.0
383.0,10159.0
384.0,10218.0
385.0,10181.0
386.0,10043.0
387.0,10073.0
388.0,10087.0
389.0,10188.0
390.0,10224.0
391.0,10187.0
392.0,10274.0
393.0,10288.0
394.0,10183.0
395.0,10290.0
396.0,10417.0
397.0,10464.0
398.0,10383.0
399.0,10437.0
400.0,10456.0
401.0,10413.0
402.0,10515.0
403.0,10470.0
404.0,10552.0
405.0,10444.0
406.0,10559.0
407.0,10557.0
408.0,10697.0
409.0,10659.0
410.0,10671.0
411.0,10727.0
412.0,10886.0
413.0,10719.0
414.0,10867.0
415.0,10994.0
416.0,11017.0
417.0,10847.0
418.0,10690.0
419.0,10518.0
420.0,10578.0
421.0,10957.0
422.0,11189.0
423.0,11046.0
424.0,11116.0
425.0,11260.0
426.0,11434.0
427.0,11557.0
428.0,11346.0
429.0,11621.0
430.0,11551.0
431.0,11591.0
432.0,11513.0
433.0,11653.0
434.0,11528.0
435.0,11485.0
436.0,11523.0
437.0,11567.0
438.0,11448.0
439.0,11383.0
440.0,11384.0
441.0,11402.0
442.0,11420.0
443.0,11368.0
444.0,11226.0
445.0,11210.0
446.0,11538.0
447.0,11540.0
448.0,11732.0
449.0,11476.0
450.0,11675.0
451.0,11725.0
452.0,11697.0
453.0,11697.0
454.0,11723.0
455.0,11721.0
456.0,11537.0
457.0,11662.0
458.0,11583.0
459.0,11473.0
460.0,11424.0
461.0,11497.0
462.0,11357.0
463.0,11327.0
464.0,11398.0
465.0,11557.0
466.0,11493.0
467.0,11505.0
468.0,11479.0
469.0,11547.0
470.0,11593.0
471.0,11591.0
472.0,11653.0
473.0,11639.0
474.0,11572.0
475.0,11625.0
476.0,11729.0
477.0,11625.0
478.0,11592.0
479.0,11831.0
480.0,11833.0
481.0,11824.0
482.0,11921.0
483.0,11995.0
484.0,11981.0
485.0,11720.0
486.0,11943.0
487.0,12042.0
488.0,11874.0
489.0,11738.0
490.0,11803.0
491.0,12015.0
492.0,11908.0
493.0,11796.0
494.0,11707.0
495.0,11735.0
496.0,11708.0
497.0,12085.0
498.0,12145.0
499.0,12155.0
500.0,12191.0
501.0,12262.0
502.0,12165.0
503.0,12037.0
504.0,12198.0
505.0,12210.0
506.0,12140.0
507.0,11964.0
508.0,11948.0
509.0,12197.0
510.0,12296.0
511.0,12443.0
512.0,12415.0
513.0,12378.0
514.0,12497.0
515.0,12585.0
516.0,12800.0
517.0,12887.0
518.0,12983.0
519.0,13049.0
520.0,13096.0
521.0,13014.0
522.0,13209.0
523.0,13227.0
524.0,13118.0
525.0,13086.0
526.0,13098.0
527.0,13219.0
528.0,13006.0
529.0,13173.0
530.0,13115.0
531.0,13071.0
532.0,12995.0
533.0,12964.0
534.0,12886.0
535.0,12858.0
536.0,12969.0
537.0,12871.0
538.0,12889.0
539.0,12660.0
540.0,12767.0
541.0,12714.0
542.0,12643.0
543.0,12457.0
544.0,12709.0
545.0,12632.0
546.0,12582.0
547.0,12533.0
548.0,12701.0
549.0,12637.0
550.0,12542.0
551.0,12686.0
552.0,12527.0
553.0,12447.0
554.0,12705.0
555.0,12996.0
556.0,12988.0
557.0,12806.0
558.0,12837.0
559.0,12562.0
560.0,12018.0
561.0,12102.0
562.0,12692.0
563.0,13199.0
564.0,13297.0
565.0,13395.0
566.0,13521.0
567.0,13534.0
568.0,13367.0
569.0,13583.0
570.0,13383.0
571.0,13056.0
572.0,13249.0
573.0,13739.0
574.0,13635.0
575.0,13569.0
576.0,13793.0
577.0,13778.0
578.0,13710.0
579.0,13938.0
580.0,14016.0
581.0,13948.0
582.0,13957.0
583.0,14021.0
584.0,14130.0
585.0,13929.0
586.0,13853.0
587.0,14173.0
588.0,13985.0
589.0,14027.0
590.0,14084.0
591.0,14068.0
592.0,14136.0
593.0,14101.0
594.0,14087.0
595.0,13915.0
596.0,13737.0
597.0,13832.0
598.0,14208.0
599.0,14016.0
600.0,13824.0
601.0,13973.0
602.0,13778.0
603.0,13429.0
604.0,13076.0
605.0,13280.0
606.0,13616.0
607.0,13510.0
608.0,13168.0
609.0,13076.0
610.0,13289.0
611.0,13516.0
612.0,13857.0
613.0,13658.0
614.0,13530.0
615.0,13668.0
616.0,13467.0
617.0,13507.0
618.0,13357.0
619.0,13401.0
620.0,13606.0
621.0,13496.0
622.0,13531.0
623.0,13611.0
624.0,13556.0
625.0,13598.0
626.0,13449.0
627.0,13403.0
628.0,13467.0
629.0,13686.0
630.0,13545.0
631.0,13532.0
632.0,13713.0
633.0,13655.0
634.0,13569.0
635.0,13503.0
636.0,13591.0
637.0,13638.0
638.0,13520.0
639.0,13544.0
640.0,13493.0
641.0,13576.0
642.0,13448.0
643.0,13782.0
644.0,13724.0
645.0,13621.0
646.0,13744.0
647.0,14024.0
648.0,13928.0
649.0,13725.0
650.0,14000.0
651.0,14076.0
652.0,14014.0
653.0,14188.0
654.0,14123.0
655.0,14154.0
656.0,13981.0
657.0,14177.0
658.0,14315.0
659.0,14193.0
660.0,14393.0
661.0,14566.0
662.0,14371.0
663.0,14274.0
664.0,14437.0
665.0,14380.0
666.0,14213.0
667.0,14518.0
668.0,14700.0
669.0,14729.0
670.0,14524.0
671.0,14744.0
672.0,14917.0
673.0,14622.0
674.0,14579.0
675.0,14757.0
676.0,14788.0
677.0,14552.0
678.0,14697.0
679.0,14993.0
680.0,14721.0
681.0,14567.0
682.0,14599.0
683.0,14503.0
684.0,14431.0
685.0,14648.0
686.0,14719.0
687.0,14660.0
688.0,14460.0
689.0,14666.0
690.0,14521.0
691.0,14497.0
692.0,14600.0
693.0,14699.0
694.0,14603.0
695.0,14472.0
696.0,14548.0
697.0,14527.0
698.0,14490.0
699.0,14335.0
700.0,14542.0
701.0,14415.0
702.0,14270.0
703.0,14359.0
704.0,14101.0
705.0,14099.0
706.0,14138.0
707.0,14110.0
708.0,14058.0
709.0,14059.0
710.0,14226.0
711.0,14054.0
712.0,14031.0
713.0,13976.0
714.0,14022.0
715.0,13856.0
716.0,13900.0
717.0,13960.0
718.0,13993.0
719.0,13786.0
720.0,14128.0
721.0,13978.0
722.0,14051.0
723.0,13927.0
724.0,14172.0
725.0,14094.0
726.0,14007.0
727.0,14119.0
728.0,13965.0
729.0,13962.0
730.0,13922.0
731.0,14106.0
732.0,14017.0
733.0,13994.0
734.0,14108.0
735.0,14218.0
736.0,14061.0
737.0,13994.0
738.0,14263.0
739.0,14226.0
740.0,14125.0
741.0,14279.0
742.0,14239.0
743.0,14181.0
744.0,14200.0
745.0,14135.0
746.0,13945.0
747.0,13827.0
748.0,14467.0
749.0,14527.0
750.0,14527.0
751.0,14383.0
752.0,14672.0
753.0,14483.0
754.0,14444.0
755.0,14631.0
756.0,14662.0
757.0,14636.0
758.0,14587.0
759.0,14670.0
760.0,14585.0
761.0,14496.0
762.0,14823.0
763.0,14513.0
764.0,14213.0
765.0,13844.0
766.0,14182.0
767.0,14430.0
768.0,14462.0
769.0,14513.0
770.0,14326.0
771.0,14264.0
772.0,14240.0
773.0,14416.0
774.0,14253.0
775.0,14016.0
776.0,13816.0
777.0,13516.0
778.0,13560.0
779.0,13692.0
780.0,14062.0
781.0,13990.0
782.0,13818.0
783.0,14069.0
784.0,13877.0
785.0,13573.0
786.0,13667.0
787.0,13801.0
788.0,13644.0
789.0,13755.0
790.0,13694.0
791.0,13850.0
792.0,13689.0
793.0,13745.0
794.0,13714.0
795.0,13423.0
796.0,13512.0
797.0,13185.0
798.0,12777.0
799.0,13037.0
800.0,13466.0
801.0,13722.0
802.0,13464.0
803.0,13390.0
804.0,13437.0
805.0,13114.0
806.0,13383.0
807.0,13621.0
808.0,13585.0
809.0,13486.0
810.0,13654.0
811.0,13668.0
812.0,13587.0
813.0,13425.0
814.0,13412.0
815.0,13200.0
816.0,13321.0
817.0,13704.0
818.0,13586.0
819.0,13512.0
820.0,13565.0
821.0,13576.0
822.0,13599.0
823.0,13767.0
824.0,13812.0
825.0,13861.0
826.0,13689.0
827.0,13738.0
828.0,14000.0
829.0,13874.0
830.0,13856.0
831.0,13914.0
832.0,13867.0
833.0,13904.0
834.0,13934.0
835.0,14013.0
836.0,13794.0
837.0,13859.0
838.0,13951.0
839.0,13859.0
840.0,13869.0
841.0,13648.0
842.0,13682.0
843.0,13735.0
844.0,13470.0
845.0,13740.0
846.0,13844.0
847.0,13785.0
848.0,14096.0
849.0,14058.0
850.0,14073.0
851.0,14022.0
852.0,14189.0
853.0,13985.0
854.0,13883.0
855.0,13573.0
856.0,13113.0
857.0,13198.0
858.0,13527.0
859.0,13713.0
860.0,13656.0
861.0,13755.0
862.0,14108.0
863.0,13846.0
864.0,13713.0
865.0,13818.0
866.0,13800.0
867.0,13633.0
868.0,13648.0
869.0,13684.0
870.0,13635.0
871.0,13577.0
872.0,13588.0
873.0,13690.0
874.0,13476.0
875.0,13491.0
876.0,13638.0
877.0,13263.0
878.0,13224.0
879.0,13306.0
880.0,13291.0
881.0,13141.0
882.0,13159.0
883.0,13204.0
884.0,12705.0
885.0,12382.0
886.0,12146.0
887.0,12457.0
888.0,12580.0
889.0,12450.0
890.0,12209.0
891.0,12125.0
892.0,12242.0
893.0,12466.0
894.0,12218.0
895.0,11744.0
896.0,11676.0
897.0,12270.0
898.0,12393.0
899.0,12358.0
900.0,12614.0
901.0,12616.0
902.0,12581.0
903.0,12810.0
904.0,12662.0
905.0,12344.0
906.0,12236.0
907.0,12299.0
908.0,12472.0
909.0,12600.0
910.0,12874.0
911.0,12749.0
912.0,12739.0
913.0,12792.0
914.0,12833.0
915.0,12690.0
916.0,12788.0
917.0,12817.0
918.0,12748.0
919.0,12763.0
920.0,12989.0
921.0,12766.0
922.0,12558.0
923.0,12642.0
924.0,12800.0
925.0,12420.0
926.0,12389.0
927.0,12495.0
928.0,12774.0
929.0,12658.0
930.0,12708.0
931.0,12765.0
932.0,12726.0
933.0,12614.0
934.0,12701.0
935.0,12649.0
936.0,12524.0
937.0,12593.0
938.0,12558.0
939.0,12456.0
940.0,12578.0
941.0,12706.0
942.0,12478.0
943.0,12397.0
944.0,12491.0
945.0,12406.0
946.0,12300.0
947.0,12441.0
948.0,12469.0
949.0,12244.0
950.0,12355.0
951.0,12213.0
952.0,12007.0
953.0,11713.0
954.0,11850.0
955.0,11879.0
956.0,11938.0
957.0,11947.0
958.0,11913.0
959.0,11846.0
960.0,11922.0
961.0,11746.0
962.0,11674.0
963.0,11601.0
964.0,11738.0
965.0,11487.0
966.0,11468.0
967.0,11540.0
968.0,11477.0
969.0,11348.0
970.0,11247.0
971.0,11361.0
972.0,11264.0
973.0,11122.0
974.0,11110.0
975.0,10900.0
976.0,11015.0
977.0,11032.0
978.0,11128.0
979.0,11005.0
980.0,10951.0
981.0,10809.0
982.0,10619.0
983.0,10499.0
984.0,10830.0
985.0,10803.0
986.0,10841.0
987.0,11046.0
988.0,10931.0
989.0,10925.0
990.0,10872.0
991.0,11012.0
992.0,10983.0
993.0,10904.0
994.0,11020.0
995.0,11141.0
996.0,10971.0
997.0,10864.0
998.0,10952.0
999.0,10717.0
1000.0,10877.0
1001.0,10868.0
1002.0,10904.0
1003.0,10805.0
1004.0,10777.0
1005.0,10791.0
1006.0,10562.0
1007.0,10542.0
1008.0,10653.0
1009.0,10665.0
1010.0,10522.0
1011.0,10516.0
1012.0,10401.0
1013.0,10415.0
1014.0,10568.0
1015.0,10568.0
1016.0,10420.0
1017.0,10335.0
1018.0,10412.0
1019.0,10361.0
1020.0,10404.0
1021.0,10322.0
1022.0,10419.0
1023.0,10223.0
