0.0,127.0
1.0,212.0
2.0,191.0
3.0,215.0
4.0,213.0
5.0,209.0
6.0,218.0
7.0,229.0
8.0,227.0
9.0,226.0
10.0,233.0
11.0,230.0
12.0,247.0
13.0,243.0
14.0,270.0
15.0,252.0
16.0,272.0
17.0,247.0
18.0,267.0
19.0,274.0
20.0,285.0
21.0,284.0
22.0,299.0
23.0,300.0
24.0,314.0
25.0,321.0
26.0,327.0
27.0,339.0
28.0,347.0
29.0,337.0
30.0,323.0
31.0,371.0
32.0,351.0
33.0,347.0
34.0,373.0
35.0,386.0
36.0,381.0
37.0,391.0
38.0,394.0
39.0,418.0
40.0,393.0
41.0,431.0
42.0,423.0
43.0,442.0
44.0,441.0
45.0,442.0
46.0,457.0
47.0,469.0
48.0,471.0
49.0,488.0
50.0,474.0
51.0,491.0
52.0,497.0
53.0,539.0
54.0,530.0
55.0,527.0
56.0,532.0
57.0,561.0
58.0,552.0
59.0,549.0
60.0,564.0
61.0,588.0
62.0,579.0
63.0,581.0
64.0,597.0
65.0,606.0
66.0,615.0
67.0,650.0
68.0,614.0
69.0,640.0
70.0,621.0
71.0,662.0
72.0,665.0
73.0,662.0
74.0,719.0
75.0,696.0
76.0,713.0
77.0,736.0
78.0,720.0
79.0,754.0
80.0,725.0
81.0,727.0
82.0,740.0
83.0,774.0
84.0,792.0
85.0,788.0
86.0,798.0
87.0,797.0
88.0,795.0
89.0,811.0
90.0,824.0
91.0,875.0
92.0,848.0
93.0,832.0
94.0,849.0
95.0,888.0
96.0,867.0
97.0,911.0
98.0,923.0
99.0,880.0
100.0,910.0
101.0,905.0
102.0,945.0
103.0,944.0
104.0,941.0
105.0,940.0
106.0,956.0
107.0,988.0
108.0,959.0
109.0,978.0
110.0,968.0
111.0,1004.0
112.0,979.0
113.0,1006.0
114.0,1035.0
115.0,1023.0
116.0,1053.0
117.0,1046.0
118.0,1036.0
119.0,1049.0
120.0,1057.0
121.0,1056.0
122.0,1102.0
123.0,1073.0
124.0,1136.0
125.0,1114.0
126.0,1105.0
127.0,1157.0
128.0,1137.0
129.0,1088.0
130.0,1133.0
131.0,1169.0
132.0,1171.0
133.0,1208.0
134.0,1186.0
135.0,1193.0
136.0,1183.0
137.0,1239.0
138.0,1241.0
139.0,1217.0
140.0,1257.0
141.0,1246.0
142.0,1271.0
143.0,1274.0
144.0,1251.0
145.0,1272.0
146.0,1332.0
147.0,1300.0
148.0,1295.0
149.0,1334.0
150.0,1345.0
151.0,1377.0
152.0,1396.0
153.0,1325.0
154.0,1357.0
155.0,1396.0
156.0,1395.0
157.0,1414.0
158.0,1411.0
159.0,1433.0
160.0,1483.0
161.0,1430.0
162.0,1474.0
163.0,1506.0
164.0,1492.0
165.0,1475.0
166.0,1510.0
167.0,1513.0
168.0,1555.0
169.0,1510.0
170.0,1535.0
171.0,1545.0
172.0,1564.0
173.0,1601.0
174.0,1584.0
175.0,1609.0
176.0,1652.0
177.0,1591.0
178.0,1629.0
179.0,1634.0
180.0,1662.0
181.0,1666.0
182.0,1675.0
183.0,1693.0
184.0,1715.0
185.0,1708.0
186.0,1747.0
187.0,1750.0
188.0,1743.0
189.0,1746.0
190.0,1744.0
191.0,1727.0
192.0,1851.0
193.0,1799.0
194.0,1800.0
195.0,1800.0
196.0,1847.0
197.0,1887.0
198.0,1861.0
199.0,1836.0
200.0,1875.0
201.0,1862.0
202.0,1879.0
203.0,1964.0
204.0,1951.0
205.0,1973.0
206.0,1936.0
207.0,1968.0
208.0,1938.0
209.0,1994.0
210.0,2047.0
211.0,2019.0
212.0,2026.0
213.0,1998.0
214.0,2028.0
215.0,2072.0
216.0,2064.0
217.0,2056.0
218.0,2048.0
219.0,2084.0
220.0,2109.0
221.0,2169.0
222.0,2141.0
223.0,2150.0
224.0,2131.0
225.0,2157.0
226.0,2225.0
227.0,2210.0
228.0,2200.0
229.0,2211.0
230.0,2202.0
231.0,2211.0
232.0,2264.0
233.0,2313.0
234.0,2314.0
235.0,2283.0
236.0,2343.0
237.0,2310.0
238.0,2324.0
239.0,2372.0
240.0,2284.0
241.0,2411.0
242.0,2355.0
243.0,2382.0
244.0,2466.0
245.0,2463.0
246.0,2475.0
247.0,2419.0
248.0,2439.0
249.0,2470.0
250.0,2500.0
251.0,2494.0
252.0,2539.0
253.0,2509.0
254.0,2547.0
255.0,2553.0
256.0,2566.0
257.0,2609.0
258.0,2514.0
259.0,2589.0
260.0,2662.0
261.0,2612.0
262.0,2634.0
263.0,2698.0
264.0,2631.0
265.0,2691.0
266.0,2695.0
267.0,2755.0
268.0,2702.0
269.0,2744.0
270.0,2721.0
271.0,2766.0
272.0,2733.0
273.0,2768.0
274.0,2823.0
275.0,2765.0
276.0,2804.0
277.0,2825.0
278.0,2864.0
279.0,2913.0
280.0,2886.0
281.0,2900.0
282.0,2908.0
283.0,2915.0
284.0,2917.0
285.0,2940.0
286.0,2995.0
287.0,2970.0
288.0,3070.0
289.0,2931.0
290.0,3014.0
291.0,3024.0
292.0,3073.0
293.0,3044.0
294.0,3106.0
295.0,3012.0
296.0,3083.0
297.0,3118.0
298.0,3130.0
299.0,3164.0
300.0,3056.0
301.0,3135.0
302.0,3187.0
303.0,3197.0
304.0,3215.0
305.0,3174.0
306.0,3239.0
307.0,3230.0
308.0,3215.0
309.0,3307.0
310.0,3276.0
311.0,3274.0
312.0,3251.0
313.0,3287.0
314.0,3338.0
315.0,3341.0
316.0,3376.0
317.0,3366.0
318.0,3338.0
319.0,3335.0
320.0,3473.0
321.0,3418.0
322.0,3418.0
323.0,3435.0
324.0,3400.0
325.0,3457.0
326.0,3420.0
327.0,3491.0
328.0,3553.0
329.0,3416.0
330.0,3503.0
331.0,3540.0
332.0,3492.0
333.0,3518.0
334.0,3579.0
335.0,3560.0
336.0,3566.0
337.0,3586.0
338.0,3565.0
339.0,3691.0
340.0,3587.0
341.0,3635.0
342.0,3645.0
343.0,3674.0
344.0,3776.0
345.0,3710.0
346.0,3644.0
347.0,3670.0
348.0,3800.0
349.0,3822.0
350.0,3738.0
351.0,3743.0
352.0,3801.0
353.0,3767.0
354.0,3763.0
355.0,3898.0
356.0,3798.0
357.0,3814.0
358.0,3882.0
359.0,3818.0
360.0,3842.0
361.0,3905.0
362.0,3883.0
363.0,3877.0
364.0,3906.0
365.0,3900.0
366.0,3931.0
367.0,3955.0
368.0,3968.0
369.0,3911.0
370.0,3981.0
371.0,3996.0
372.0,4064.0
373.0,4034.0
374.0,4028.0
375.0,4020.0
376.0,4003.0
377.0,3995.0
378.0,4089.0
379.0,4128.0
380.0,4016.0
381.0,4050.0
382.0,4121.0
383.0,4133.0
384.0,4135.0
385.0,4130.0
386.0,4126.0
387.0,4148.0
388.0,4138.0
389.0,4228.0
390.0,4232.0
391.0,4246.0
392.0,4176.0
393.0,4147.0
394.0,4254.0
395.0,4294.0
396.0,4281.0
397.0,4325.0
398.0,4252.0
399.0,4286.0
400.0,4247.0
401.0,4313.0
402.0,4336.0
403.0,4343.0
404.0,4311.0
405.0,4313.0
406.0,4333.0
407.0,4345.0
408.0,4442.0
409.0,4379.0
410.0,4415.0
411.0,4406.0
412.0,4426.0
413.0,4456.0
414.0,4410.0
415.0,4438.0
416.0,4414.0
417.0,4474.0
418.0,4478.0
419.0,4534.0
420.0,4465.0
421.0,4480.0
422.0,4480.0
423.0,4556.0
424.0,4511.0
425.0,4576.0
426.0,4592.0
427.0,4450.0
428.0,4526.0
429.0,4582.0
430.0,4650.0
431.0,4609.0
432.0,4624.0
433.0,4610.0
434.0,4565.0
435.0,4641.0
436.0,4617.0
437.0,4594.0
438.0,4646.0
439.0,4608.0
440.0,4656.0
441.0,4729.0
442.0,4702.0
443.0,4642.0
444.0,4701.0
445.0,4652.0
446.0,4723.0
447.0,4676.0
448.0,4762.0
449.0,4681.0
450.0,4744.0
451.0,4727.0
452.0,4768.0
453.0,4749.0
454.0,4831.0
455.0,4725.0
456.0,4721.0
457.0,4852.0
458.0,4844.0
459.0,4787.0
460.0,4834.0
461.0,4769.0
462.0,4761.0
463.0,4859.0
464.0,4902.0
465.0,4829.0
466.0,4869.0
467.0,4822.0
468.0,4796.0
469.0,4838.0
470.0,4882.0
471.0,4863.0
472.0,4991.0
473.0,4848.0
474.0,4963.0
475.0,4930.0
476.0,4918.0
477.0,4971.0
478.0,4889.0
479.0,4961.0
480.0,4977.0
481.0,4920.0
482.0,4993.0
483.0,4995.0
484.0,4894.0
485.0,4972.0
486.0,5010.0
487.0,5017.0
488.0,5008.0
489.0,4987.0
490.0,4952.0
491.0,5005.0
492.0,5112.0
493.0,5045.0
494.0,5048.0
495.0,5025.0
496.0,4998.0
497.0,5095.0
498.0,5081.0
499.0,4995.0
500.0,5065.0
501.0,5047.0
502.0,5018.0
503.0,5070.0
504.0,5202.0
505.0,5149.0
506.0,5104.0
507.0,5068.0
508.0,5092.0
509.0,5137.0
510.0,5121.0
511.0,5140.0
512.0,5075.0
513.0,5147.0
514.0,5116.0
515.0,5241.0
516.0,5210.0
517.0,5108.0
518.0,5098.0
519.0,5178.0
520.0,5194.0
521.0,5134.0
522.0,5269.0
523.0,5108.0
524.0,5211.0
525.0,5155.0
526.0,5224.0
527.0,5212.0
528.0,5099.0
529.0,5153.0
530.0,5251.0
531.0,5204.0
532.0,5260.0
533.0,5342.0
534.0,5226.0
535.0,5196.0
536.0,5154.0
537.0,5159.0
538.0,5300.0
539.0,5239.0
540.0,5213.0
541.0,5186.0
542.0,5238.0
543.0,5221.0
544.0,5336.0
545.0,5190.0
546.0,5272.0
547.0,5232.0
548.0,5271.0
549.0,5278.0
550.0,5314.0
551.0,5323.0
552.0,5366.0
553.0,5268.0
554.0,5283.0
555.0,5316.0
556.0,5316.0
557.0,5227.0
558.0,5382.0
559.0,5334.0
560.0,5319.0
561.0,5372.0
562.0,5338.0
563.0,5270.0
564.0,5278.0
565.0,5243.0
566.0,5400.0
567.0,5343.0
568.0,5299.0
569.0,5297.0
570.0,5343.0
571.0,5400.0
572.0,5363.0
573.0,5386.0
574.0,5316.0
575.0,5296.0
576.0,5407.0
577.0,5394.0
578.0,5357.0
579.0,5322.0
580.0,5341.0
581.0,5251.0
582.0,5493.0
583.0,5328.0
584.0,5430.0
585.0,5358.0
586.0,5360.0
587.0,5385.0
588.0,5402.0
589.0,5353.0
590.0,5400.0
591.0,5319.0
592.0,5356.0
593.0,5433.0
594.0,5460.0
595.0,5345.0
596.0,5381.0
597.0,5325.0
598.0,5317.0
599.0,5380.0
600.0,5432.0
601.0,5370.0
602.0,5399.0
603.0,5270.0
604.0,5406.0
605.0,5350.0
606.0,5426.0
607.0,5326.0
608.0,5377.0
609.0,5327.0
610.0,5404.0
611.0,5429.0
612.0,5428.0
613.0,5285.0
614.0,5345.0
615.0,5395.0
616.0,5392.0
617.0,5372.0
618.0,5308.0
619.0,5358.0
620.0,5239.0
621.0,5377.0
622.0,5411.0
623.0,5419.0
624.0,5269.0
625.0,5275.0
626.0,5381.0
627.0,5257.0
628.0,5487.0
629.0,5309.0
630.0,5296.0
631.0,5296.0
632.0,5343.0
633.0,5366.0
634.0,5380.0
635.0,5338.0
636.0,5331.0
637.0,5351.0
638.0,5391.0
639.0,5424.0
640.0,5364.0
641.0,5316.0
642.0,5377.0
643.0,5363.0
644.0,5357.0
645.0,5341.0
646.0,5332.0
647.0,5252.0
648.0,5300.0
649.0,5326.0
650.0,5256.0
651.0,5277.0
652.0,5328.0
653.0,5297.0
654.0,5234.0
655.0,5341.0
656.0,5293.0
657.0,5242.0
658.0,5216.0
659.0,5257.0
660.0,5270.0
661.0,5287.0
662.0,5266.0
663.0,5219.0
664.0,5174.0
665.0,5317.0
666.0,5291.0
667.0,5194.0
668.0,5228.0
669.0,5195.0
670.0,5244.0
671.0,5248.0
672.0,5198.0
673.0,5198.0
674.0,5196.0
675.0,5122.0
676.0,5192.0
677.0,5184.0
678.0,5182.0
679.0,5173.0
680.0,5164.0
681.0,5059.0
682.0,5103.0
683.0,5191.0
684.0,5137.0
685.0,5018.0
686.0,5061.0
687.0,5102.0
688.0,5188.0
689.0,5159.0
690.0,5095.0
691.0,5021.0
692.0,5113.0
693.0,5096.0
694.0,5068.0
695.0,5103.0
696.0,5039.0
697.0,4959.0
698.0,5110.0
699.0,5087.0
700.0,5057.0
701.0,5039.0
702.0,4977.0
703.0,4965.0
704.0,5049.0
705.0,5062.0
706.0,4964.0
707.0,4964.0
708.0,4980.0
709.0,5029.0
710.0,4995.0
711.0,5022.0
712.0,5036.0
713.0,4930.0
714.0,4937.0
715.0,4919.0
716.0,4996.0
717.0,4911.0
718.0,5015.0
719.0,4886.0
720.0,4851.0
721.0,4915.0
722.0,4881.0
723.0,4924.0
724.0,4905.0
725.0,4754.0
726.0,4886.0
727.0,4800.0
728.0,4849.0
729.0,4832.0
730.0,4718.0
731.0,4826.0
732.0,4845.0
733.0,4831.0
734.0,4792.0
735.0,4799.0
736.0,4752.0
737.0,4741.0
738.0,4740.0
739.0,4768.0
740.0,4745.0
741.0,4690.0
742.0,4690.0
743.0,4753.0
744.0,4662.0
745.0,4615.0
746.0,4683.0
747.0,4635.0
748.0,4706.0
749.0,4655.0
750.0,4680.0
751.0,4607.0
752.0,4550.0
753.0,4629.0
754.0,4595.0
755.0,4634.0
756.0,4602.0
757.0,4552.0
758.0,4527.0
759.0,4653.0
760.0,4498.0
761.0,4566.0
762.0,4479.0
763.0,4492.0
764.0,4564.0
765.0,4481.0
766.0,4551.0
767.0,4427.0
768.0,4442.0
769.0,4434.0
770.0,4511.0
771.0,4435.0
772.0,4416.0
773.0,4503.0
774.0,4418.0
775.0,4428.0
776.0,4403.0
777.0,4423.0
778.0,4358.0
779.0,4331.0
780.0,4379.0
781.0,4325.0
782.0,4364.0
783.0,4326.0
784.0,4330.0
785.0,4241.0
786.0,4244.0
787.0,4356.0
788.0,4303.0
789.0,4221.0
790.0,4202.0
791.0,4231.0
792.0,4253.0
793.0,4274.0
794.0,4255.0
795.0,4191.0
796.0,4178.0
797.0,4211.0
798.0,4154.0
799.0,4145.0
800.0,4154.0
801.0,4110.0
802.0,4067.0
803.0,4157.0
804.0,4084.0
805.0,4116.0
806.0,4029.0
807.0,4126.0
808.0,4002.0
809.0,4068.0
810.0,4039.0
811.0,3992.0
812.0,4001.0
813.0,4019.0
814.0,4026.0
815.0,3979.0
816.0,3962.0
817.0,3876.0
818.0,3945.0
819.0,3926.0
820.0,3946.0
821.0,3948.0
822.0,3868.0
823.0,3871.0
824.0,3849.0
825.0,3923.0
826.0,3838.0
827.0,3795.0
828.0,3817.0
829.0,3789.0
830.0,3772.0
831.0,3852.0
832.0,3780.0
833.0,3787.0
834.0,3707.0
835.0,3698.0
836.0,3781.0
837.0,3709.0
838.0,3711.0
839.0,3690.0
840.0,3733.0
841.0,3674.0
842.0,3701.0
843.0,3688.0
844.0,3630.0
845.0,3614.0
846.0,3674.0
847.0,3655.0
848.0,3587.0
849.0,3567.0
850.0,3606.0
851.0,3546.0
852.0,3559.0
853.0,3550.0
854.0,3531.0
855.0,3516.0
856.0,3534.0
857.0,3508.0
858.0,3461.0
859.0,3471.0
860.0,3531.0
861.0,3376.0
862.0,3428.0
863.0,3455.0
864.0,3435.0
865.0,3403.0
866.0,3384.0
867.0,3371.0
868.0,3366.0
869.0,3403.0
870.0,3339.0
871.0,3292.0
872.0,3280.0
873.0,3332.0
874.0,3380.0
875.0,3258.0
876.0,3242.0
877.0,3244.0
878.0,3223.0
879.0,3307.0
880.0,3206.0
881.0,3216.0
882.0,3151.0
883.0,3141.0
884.0,3193.0
885.0,3192.0
886.0,3149.0
887.0,3094.0
888.0,3134.0
889.0,3086.0
890.0,3090.0
891.0,3107.0
892.0,3059.0
893.0,3021.0
894.0,3051.0
895.0,3029.0
896.0,2966.0
897.0,3007.0
898.0,2965.0
899.0,2986.0
900.0,3010.0
901.0,2951.0
902.0,2966.0
903.0,2963.0
904.0,2912.0
905.0,2923.0
906.0,2906.0
907.0,2926.0
908.0,2927.0
909.0,2829.0
910.0,2843.0
911.0,2901.0
912.0,2869.0
913.0,2866.0
914.0,2792.0
915.0,2824.0
916.0,2750.0
917.0,2810.0
918.0,2782.0
919.0,2785.0
920.0,2714.0
921.0,2761.0
922.0,2699.0
923.0,2695.0
924.0,2684.0
925.0,2616.0
926.0,2662.0
927.0,2669.0
928.0,2712.0
929.0,2604.0
930.0,2616.0
931.0,2572.0
932.0,2597.0
933.0,2574.0
934.0,2534.0
935.0,2577.0
936.0,2550.0
937.0,2543.0
938.0,2580.0
939.0,2509.0
940.0,2528.0
941.0,2466.0
942.0,2466.0
943.0,2475.0
944.0,2504.0
945.0,2482.0
946.0,2421.0
947.0,2414.0
948.0,2388.0
949.0,2400.0
950.0,2365.0
951.0,2350.0
952.0,2369.0
953.0,2318.0
954.0,2377.0
955.0,2323.0
956.0,2235.0
957.0,2296.0
958.0,2263.0
959.0,2287.0
960.0,2288.0
961.0,2286.0
962.0,2225.0
963.0,2277.0
964.0,2194.0
965.0,2205.0
966.0,2163.0
967.0,2196.0
968.0,2117.0
969.0,2137.0
970.0,2158.0
971.0,2099.0
972.0,2094.0
973.0,2155.0
974.0,2080.0
975.0,2040.0
976.0,2065.0
977.0,2048.0
978.0,2059.0
979.0,2004.0
980.0,2043.0
981.0,2001.0
982.0,2018.0
983.0,1995.0
984.0,1961.0
985.0,1950.0
986.0,1994.0
987.0,1978.0
988.0,1886.0
989.0,1882.0
990.0,1877.0
991.0,1907.0
992.0,1858.0
993.0,1854.0
994.0,1833.0
995.0,1822.0
996.0,1848.0
997.0,1808.0
998.0,1816.0
999.0,1797.0
1000.0,1734.0
1001.0,1771.0
1002.0,1753.0
1003.0,1758.0
1004.0,1697.0
1005.0,1687.0
1006.0,1696.0
1007.0,1689.0
1008.0,1673.0
1009.0,1665.0
1010.0,1623.0
1011.0,1622.0
1012.0,1636.0
1013.0,1603.0
1014.0,1630.0
1015.0,1584.0
1016.0,1573.0
1017.0,1566.0
1018.0,1551.0
1019.0,1520.0
1020.0,1510.0
1021.0,1533.0
1022.0,1500.0
1023.0,1536.0
