0.0,243.0
1.0,344.0
2.0,341.0
3.0,380.0
4.0,358.0
5.0,372.0
6.0,390.0
7.0,394.0
8.0,400.0
9.0,410.0
10.0,419.0
11.0,421.0
12.0,444.0
13.0,443.0
14.0,458.0
15.0,463.0
16.0,466.0
17.0,478.0
18.0,477.0
19.0,493.0
20.0,499.0
21.0,494.0
22.0,530.0
23.0,543.0
24.0,550.0
25.0,551.0
26.0,554.0
27.0,558.0
28.0,597.0
29.0,610.0
30.0,618.0
31.0,617.0
32.0,617.0
33.0,640.0
34.0,623.0
35.0,657.0
36.0,649.0
37.0,668.0
38.0,697.0
39.0,700.0
40.0,660.0
41.0,711.0
42.0,704.0
43.0,749.0
44.0,723.0
45.0,724.0
46.0,746.0
47.0,776.0
48.0,801.0
49.0,787.0
50.0,791.0
51.0,784.0
52.0,824.0
53.0,844.0
54.0,835.0
55.0,838.0
56.0,811.0
57.0,843.0
58.0,862.0
59.0,898.0
60.0,906.0
61.0,923.0
62.0,917.0
63.0,897.0
64.0,901.0
65.0,933.0
66.0,945.0
67.0,952.0
68.0,997.0
69.0,969.0
70.0,990.0
71.0,1009.0
72.0,1003.0
73.0,978.0
74.0,1009.0
75.0,1005.0
76.0,1024.0
77.0,1059.0
78.0,1045.0
79.0,1065.0
80.0,1087.0
81.0,1095.0
82.0,1084.0
83.0,1048.0
84.0,1096.0
85.0,1112.0
86.0,1141.0
87.0,1134.0
88.0,1159.0
89.0,1152.0
90.0,1168.0
91.0,1196.0
92.0,1168.0
93.0,1214.0
94.0,1206.0
95.0,1243.0
96.0,1209.0
97.0,1223.0
98.0,1266.0
99.0,1258.0
100.0,1263.0
101.0,1301.0
102.0,1275.0
103.0,1293.0
104.0,1304.0
105.0,1332.0
106.0,1313.0
107.0,1381.0
108.0,1329.0
109.0,1376.0
110.0,1400.0
111.0,1434.0
112.0,1426.0
113.0,1445.0
114.0,1391.0
115.0,1426.0
116.0,1433.0
117.0,1497.0
118.0,1487.0
119.0,1487.0
120.0,1501.0
121.0,1482.0
122.0,1478.0
123.0,1535.0
124.0,1584.0
125.0,1568.0
126.0,1551.0
127.0,1596.0
128.0,1586.0
129.0,1620.0
130.0,1582.0
131.0,1649.0
132.0,1631.0
133.0,1642.0
134.0,1650.0
135.0,1676.0
136.0,1646.0
137.0,1712.0
138.0,1716.0
139.0,1747.0
140.0,1728.0
141.0,1724.0
142.0,1776.0
143.0,1759.0
144.0,1790.0
145.0,1800.0
146.0,1798.0
147.0,1800.0
148.0,1852.0
149.0,1846.0
150.0,1899.0
151.0,1899.0
152.0,1905.0
153.0,1870.0
154.0,1922.0
155.0,1966.0
156.0,1968.0
157.0,1951.0
158.0,1939.0
159.0,2000.0
160.0,1999.0
161.0,1981.0
162.0,2006.0
163.0,2005.0
164.0,2013.0
165.0,1999.0
166.0,2062.0
167.0,2065.0
168.0,2109.0
169.0,2094.0
170.0,2141.0
171.0,2147.0
172.0,2160.0
173.0,2119.0
174.0,2203.0
175.0,2235.0
176.0,2221.0
177.0,2163.0
178.0,2223.0
179.0,2280.0
180.0,2228.0
181.0,2290.0
182.0,2266.0
183.0,2298.0
184.0,2310.0
185.0,2348.0
186.0,2364.0
187.0,2338.0
188.0,2417.0
189.0,2337.0
190.0,2398.0
191.0,2449.0
192.0,2467.0
193.0,2483.0
194.0,2432.0
195.0,2418.0
196.0,2432.0
197.0,2486.0
198.0,2540.0
199.0,2514.0
200.0,2517.0
201.0,2609.0
202.0,2561.0
203.0,2564.0
204.0,2600.0
205.0,2652.0
206.0,2645.0
207.0,2668.0
208.0,2656.0
209.0,2669.0
210.0,2701.0
211.0,2714.0
212.0,2792.0
213.0,2748.0
214.0,2760.0
215.0,2748.0
216.0,2776.0
217.0,2827.0
218.0,2813.0
219.0,2818.0
220.0,2837.0
221.0,2798.0
222.0,2875.0
223.0,2923.0
224.0,2945.0
225.0,2933.0
226.0,2938.0
227.0,2882.0
228.0,2944.0
229.0,2922.0
230.0,3015.0
231.0,3034.0
232.0,3021.0
233.0,2986.0
234.0,3068.0
235.0,3126.0
236.0,3130.0
237.0,3146.0
238.0,3070.0
239.0,3117.0
240.0,3132.0
241.0,3221.0
242.0,3199.0
243.0,3231.0
244.0,3209.0
245.0,3223.0
246.0,3309.0
247.0,3215.0
248.0,3297.0
249.0,3275.0
250.0,3267.0
251.0,3293.0
252.0,3344.0
253.0,3380.0
254.0,3393.0
255.0,3416.0
256.0,3445.0
257.0,3419.0
258.0,3418.0
259.0,3482.0
260.0,3459.0
261.0,3516.0
262.0,3491.0
263.0,3450.0
264.0,3491.0
265.0,3530.0
266.0,3595.0
267.0,3627.0
268.0,3665.0
269.0,3563.0
270.0,3658.0
271.0,3657.0
272.0,3672.0
273.0,3707.0
274.0,3686.0
275.0,3700.0
276.0,3709.0
277.0,3736.0
278.0,3813.0
279.0,3759.0
280.0,3798.0
281.0,3813.0
282.0,3822.0
283.0,3771.0
284.0,3871.0
285.0,3873.0
286.0,3888.0
287.0,3869.0
288.0,3896.0
289.0,3917.0
290.0,3985.0
291.0,4013.0
292.0,3998.0
293.0,3990.0
294.0,3997.0
295.0,4028.0
296.0,4049.0
297.0,4107.0
298.0,4066.0
299.0,4074.0
300.0,4093.0
301.0,4069.0
302.0,4124.0
303.0,4148.0
304.0,4174.0
305.0,4220.0
306.0,4266.0
307.0,4192.0
308.0,4220.0
309.0,4264.0
310.0,4342.0
311.0,4304.0
312.0,4252.0
313.0,4269.0
314.0,4416.0
315.0,4393.0
316.0,4426.0
317.0,4379.0
318.0,4348.0
319.0,4368.0
320.0,4493.0
321.0,4429.0
322.0,4530.0
323.0,4484.0
324.0,4438.0
325.0,4428.0
326.0,4577.0
327.0,4509.0
328.0,4592.0
329.0,4580.0
330.0,4551.0
331.0,4543.0
332.0,4639.0
333.0,4667.0
334.0,4731.0
335.0,4745.0
336.0,4664.0
337.0,4627.0
338.0,4724.0
339.0,4733.0
340.0,4821.0
341.0,4806.0
342.0,4697.0
343.0,4733.0
344.0,4789.0
345.0,4852.0
346.0,4879.0
347.0,4859.0
348.0,4883.0
349.0,4831.0
350.0,4895.0
351.0,4896.0
352.0,4942.0
353.0,4991.0
354.0,4903.0
355.0,4942.0
356.0,4890.0
357.0,5036.0
358.0,5065.0
359.0,4998.0
360.0,5060.0
361.0,5094.0
362.0,5047.0
363.0,5027.0
364.0,5155.0
365.0,5134.0
366.0,5115.0
367.0,5165.0
368.0,5095.0
369.0,5189.0
370.0,5246.0
371.0,5163.0
372.0,5241.0
373.0,5175.0
374.0,5230.0
375.0,5215.0
376.0,5313.0
377.0,5323.0
378.0,5328.0
379.0,5286.0
380.0,5284.0
381.0,5344.0
382.0,5421.0
383.0,5456.0
384.0,5308.0
385.0,5413.0
386.0,5360.0
387.0,5400.0
388.0,5439.0
389.0,5534.0
390.0,5438.0
391.0,5481.0
392.0,5459.0
393.0,5442.0
394.0,5652.0
395.0,5575.0
396.0,5587.0
397.0,5463.0
398.0,5642.0
399.0,5565.0
400.0,5686.0
401.0,5660.0
402.0,5544.0
403.0,5569.0
404.0,5609.0
405.0,5666.0
406.0,5708.0
407.0,5747.0
408.0,5677.0
409.0,5678.0
410.0,5651.0
411.0,5765.0
412.0,5810.0
413.0,5787.0
414.0,5834.0
415.0,5773.0
416.0,5820.0
417.0,5823.0
418.0,5832.0
419.0,5905.0
420.0,5781.0
421.0,5816.0
422.0,5792.0
423.0,5921.0
424.0,5816.0
425.0,5899.0
426.0,5900.0
427.0,5966.0
428.0,5913.0
429.0,5905.0
430.0,6092.0
431.0,5937.0
432.0,5992.0
433.0,5947.0
434.0,5936.0
435.0,6037.0
436.0,6070.0
437.0,6110.0
438.0,6062.0
439.0,6025.0
440.0,6064.0
441.0,6091.0
442.0,6112.0
443.0,6079.0
444.0,6122.0
445.0,6027.0
446.0,6074.0
447.0,6193.0
448.0,6214.0
449.0,6135.0
450.0,6198.0
451.0,6140.0
452.0,6182.0
453.0,6200.0
454.0,6188.0
455.0,6164.0
456.0,6166.0
457.0,6204.0
458.0,6148.0
459.0,6221.0
460.0,6354.0
461.0,6245.0
462.0,6289.0
463.0,6247.0
464.0,6212.0
465.0,6349.0
466.0,6325.0
467.0,6398.0
468.0,6360.0
469.0,6312.0
470.0,6257.0
471.0,6427.0
472.0,6404.0
473.0,6425.0
474.0,6367.0
475.0,6355.0
476.0,6413.0
477.0,6425.0
478.0,6495.0
479.0,6485.0
480.0,6493.0
481.0,6435.0
482.0,6467.0
483.0,6499.0
484.0,6490.0
485.0,6620.0
486.0,6453.0
487.0,6504.0
488.0,6538.0
489.0,6484.0
490.0,6632.0
491.0,6575.0
492.0,6621.0
493.0,6449.0
494.0,6586.0
495.0,6633.0
496.0,6655.0
497.0,6560.0
498.0,6610.0
499.0,6562.0
500.0,6529.0
501.0,6596.0
502.0,6726.0
503.0,6577.0
504.0,6668.0
505.0,6637.0
506.0,6498.0
507.0,6643.0
508.0,6722.0
509.0,6593.0
510.0,6613.0
511.0,6608.0
512.0,6634.0
513.0,6691.0
514.0,6751.0
515.0,6690.0
516.0,6651.0
517.0,6641.0
518.0,6639.0
519.0,6823.0
520.0,6639.0
521.0,6660.0
522.0,6739.0
523.0,6702.0
524.0,6626.0
525.0,6733.0
526.0,6807.0
527.0,6739.0
528.0,6713.0
529.0,6821.0
530.0,6715.0
531.0,6807.0
532.0,6866.0
533.0,6764.0
534.0,6685.0
535.0,6807.0
536.0,6777.0
537.0,6883.0
538.0,6925.0
539.0,6750.0
540.0,6748.0
541.0,6760.0
542.0,6888.0
543.0,6807.0
544.0,6850.0
545.0,6906.0
546.0,6708.0
547.0,6796.0
548.0,6788.0
549.0,6941.0
550.0,6870.0
551.0,6910.0
552.0,6815.0
553.0,6842.0
554.0,6785.0
555.0,6890.0
556.0,6875.0
557.0,6924.0
558.0,6889.0
559.0,6730.0
560.0,6868.0
561.0,6999.0
562.0,6929.0
563.0,6908.0
564.0,6836.0
565.0,6876.0
566.0,6924.0
567.0,6952.0
568.0,6872.0
569.0,6853.0
570.0,6775.0
571.0,6815.0
572.0,7012.0
573.0,6901.0
574.0,6933.0
575.0,6846.0
576.0,6987.0
577.0,6824.0
578.0,6951.0
579.0,6864.0
580.0,6930.0
581.0,6799.0
582.0,6810.0
583.0,6906.0
584.0,6888.0
585.0,7050.0
586.0,6867.0
587.0,7024.0
588.0,6950.0
589.0,6857.0
590.0,7063.0
591.0,7035.0
592.0,6928.0
593.0,6922.0
594.0,6930.0
595.0,6841.0
596.0,7049.0
597.0,7013.0
598.0,6915.0
599.0,6934.0
600.0,6915.0
601.0,6913.0
602.0,6991.0
603.0,6947.0
604.0,6869.0
605.0,6875.0
606.0,6859.0
607.0,6884.0
608.0,6996.0
609.0,7030.0
610.0,6997.0
611.0,6825.0
612.0,6878.0
613.0,6967.0
614.0,6966.0
615.0,6878.0
616.0,6892.0
617.0,6784.0
618.0,6911.0
619.0,6983.0
620.0,6951.0
621.0,6868.0
622.0,6831.0
623.0,6836.0
624.0,6821.0
625.0,6966.0
626.0,6930.0
627.0,6900.0
628.0,6798.0
629.0,6846.0
630.0,6923.0
631.0,6935.0
632.0,6930.0
633.0,6890.0
634.0,6862.0
635.0,6781.0
636.0,6848.0
637.0,6936.0
638.0,6973.0
639.0,6795.0
640.0,6848.0
641.0,6898.0
642.0,6872.0
643.0,6885.0
644.0,6855.0
645.0,6822.0
646.0,6785.0
647.0,6858.0
648.0,6847.0
649.0,6912.0
650.0,6831.0
651.0,6844.0
652.0,6767.0
653.0,6826.0
654.0,6832.0
655.0,6909.0
656.0,6917.0
657.0,6731.0
658.0,6724.0
659.0,6702.0
660.0,6868.0
661.0,6898.0
662.0,6691.0
663.0,6718.0
664.0,6778.0
665.0,6741.0
666.0,6788.0
667.0,6867.0
668.0,6803.0
669.0,6796.0
670.0,6664.0
671.0,6779.0
672.0,6755.0
673.0,6688.0
674.0,6771.0
675.0,6682.0
676.0,6674.0
677.0,6699.0
678.0,6844.0
679.0,6682.0
680.0,6663.0
681.0,6654.0
682.0,6699.0
683.0,6728.0
684.0,6812.0
685.0,6713.0
686.0,6685.0
687.0,6697.0
688.0,6673.0
689.0,6712.0
690.0,6700.0
691.0,6625.0
692.0,6694.0
693.0,6681.0
694.0,6692.0
695.0,6628.0
696.0,6683.0
697.0,6568.0
698.0,6631.0
699.0,6555.0
700.0,6558.0
701.0,6637.0
702.0,6567.0
703.0,6619.0
704.0,6518.0
705.0,6456.0
706.0,6484.0
707.0,6692.0
708.0,6549.0
709.0,6554.0
710.0,6413.0
711.0,6501.0
712.0,6553.0
713.0,6506.0
714.0,6510.0
715.0,6386.0
716.0,6373.0
717.0,6561.0
718.0,6366.0
719.0,6555.0
720.0,6464.0
721.0,6353.0
722.0,6483.0
723.0,6429.0
724.0,6513.0
725.0,6476.0
726.0,6433.0
727.0,6347.0
728.0,6354.0
729.0,6475.0
730.0,6415.0
731.0,6429.0
732.0,6245.0
733.0,6349.0
734.0,6348.0
735.0,6301.0
736.0,6362.0
737.0,6429.0
738.0,6279.0
739.0,6308.0
740.0,6239.0
741.0,6342.0
742.0,6263.0
743.0,6322.0
744.0,6219.0
745.0,6161.0
746.0,6220.0
747.0,6242.0
748.0,6242.0
749.0,6085.0
750.0,6147.0
751.0,6094.0
752.0,6088.0
753.0,6201.0
754.0,6134.0
755.0,6143.0
756.0,6130.0
757.0,6089.0
758.0,6140.0
759.0,6098.0
760.0,6190.0
761.0,6070.0
762.0,5991.0
763.0,6011.0
764.0,6122.0
765.0,6011.0
766.0,6093.0
767.0,5968.0
768.0,5987.0
769.0,5970.0
770.0,6025.0
771.0,6076.0
772.0,5921.0
773.0,5881.0
774.0,5910.0
775.0,5925.0
776.0,5979.0
777.0,5870.0
778.0,5816.0
779.0,5863.0
780.0,5856.0
781.0,5892.0
782.0,5850.0
783.0,5820.0
784.0,5883.0
785.0,5812.0
786.0,5712.0
787.0,5857.0
788.0,5768.0
789.0,5720.0
790.0,5707.0
791.0,5652.0
792.0,5672.0
793.0,5776.0
794.0,5692.0
795.0,5665.0
796.0,5625.0
797.0,5576.0
798.0,5720.0
799.0,5773.0
800.0,5622.0
801.0,5614.0
802.0,5564.0
803.0,5614.0
804.0,5489.0
805.0,5550.0
806.0,5548.0
807.0,5544.0
808.0,5519.0
809.0,5506.0
810.0,5460.0
811.0,5455.0
812.0,5449.0
813.0,5438.0
814.0,5449.0
815.0,5362.0
816.0,5487.0
817.0,5403.0
818.0,5317.0
819.0,5337.0
820.0,5377.0
821.0,5371.0
822.0,5384.0
823.0,5316.0
824.0,5241.0
825.0,5248.0
826.0,5250.0
827.0,5265.0
828.0,5238.0
829.0,5326.0
830.0,5174.0
831.0,5199.0
832.0,5182.0
833.0,5220.0
834.0,5229.0
835.0,5171.0
836.0,5059.0
837.0,5172.0
838.0,5108.0
839.0,5140.0
840.0,5048.0
841.0,5112.0
842.0,4934.0
843.0,5016.0
844.0,5069.0
845.0,4978.0
846.0,4936.0
847.0,4980.0
848.0,4900.0
849.0,4941.0
850.0,4982.0
851.0,4901.0
852.0,4891.0
853.0,4860.0
854.0,4824.0
855.0,4804.0
856.0,4829.0
857.0,4848.0
858.0,4710.0
859.0,4746.0
860.0,4719.0
861.0,4747.0
862.0,4792.0
863.0,4687.0
864.0,4688.0
865.0,4667.0
866.0,4670.0
867.0,4629.0
868.0,4622.0
869.0,4630.0
870.0,4604.0
871.0,4567.0
872.0,4554.0
873.0,4598.0
874.0,4564.0
875.0,4556.0
876.0,4508.0
877.0,4476.0
878.0,4455.0
879.0,4489.0
880.0,4475.0
881.0,4441.0
882.0,4379.0
883.0,4430.0
884.0,4480.0
885.0,4392.0
886.0,4358.0
887.0,4217.0
888.0,4336.0
889.0,4342.0
890.0,4345.0
891.0,4313.0
892.0,4247.0
893.0,4249.0
894.0,4193.0
895.0,4178.0
896.0,4300.0
897.0,4191.0
898.0,4102.0
899.0,4138.0
900.0,4153.0
901.0,4105.0
902.0,4197.0
903.0,4046.0
904.0,4033.0
905.0,4046.0
906.0,4105.0
907.0,4039.0
908.0,4035.0
909.0,4059.0
910.0,3922.0
911.0,4039.0
912.0,4044.0
913.0,4021.0
914.0,3903.0
915.0,3888.0
916.0,3870.0
917.0,3912.0
918.0,3881.0
919.0,3792.0
920.0,3798.0
921.0,3802.0
922.0,3795.0
923.0,3727.0
924.0,3816.0
925.0,3743.0
926.0,3672.0
927.0,3774.0
928.0,3706.0
929.0,3720.0
930.0,3686.0
931.0,3621.0
932.0,3597.0
933.0,3588.0
934.0,3709.0
935.0,3625.0
936.0,3571.0
937.0,3547.0
938.0,3556.0
939.0,3503.0
940.0,3568.0
941.0,3514.0
942.0,3442.0
943.0,3450.0
944.0,3440.0
945.0,3490.0
946.0,3439.0
947.0,3420.0
948.0,3339.0
949.0,3320.0
950.0,3356.0
951.0,3346.0
952.0,3355.0
953.0,3365.0
954.0,3284.0
955.0,3217.0
956.0,3295.0
957.0,3222.0
958.0,3207.0
959.0,3184.0
960.0,3153.0
961.0,3259.0
962.0,3165.0
963.0,3179.0
964.0,3114.0
965.0,3123.0
966.0,3078.0
967.0,3098.0
968.0,3133.0
969.0,3168.0
970.0,3020.0
971.0,3018.0
972.0,2983.0
973.0,3012.0
974.0,2994.0
975.0,3034.0
976.0,3003.0
977.0,2885.0
978.0,2962.0
979.0,2948.0
980.0,2918.0
981.0,2871.0
982.0,2890.0
983.0,2865.0
984.0,2843.0
985.0,2830.0
986.0,2838.0
987.0,2764.0
988.0,2799.0
989.0,2753.0
990.0,2771.0
991.0,2797.0
992.0,2757.0
993.0,2693.0
994.0,2679.0
995.0,2668.0
996.0,2660.0
997.0,2669.0
998.0,2611.0
999.0,2650.0
1000.0,2599.0
1001.0,2601.0
1002.0,2624.0
1003.0,2565.0
1004.0,2527.0
1005.0,2573.0
1006.0,2457.0
1007.0,2540.0
1008.0,2431.0
1009.0,2505.0
1010.0,2421.0
1011.0,2389.0
1012.0,2452.0
1013.0,2437.0
1014.0,2422.0
1015.0,2413.0
1016.0,2375.0
1017.0,2390.0
1018.0,2346.0
1019.0,2341.0
1020.0,2345.0
1021.0,2269.0
1022.0,2294.0
1023.0,2313.0
