0.0,845.0
1.0,1187.0
2.0,1144.0
3.0,1164.0
4.0,1116.0
5.0,1173.0
6.0,1165.0
7.0,1153.0
8.0,1187.0
9.0,1188.0
10.0,1256.0
11.0,1282.0
12.0,1279.0
13.0,1259.0
14.0,1277.0
15.0,1264.0
16.0,1288.0
17.0,1346.0
18.0,1371.0
19.0,1401.0
20.0,1365.0
21.0,1426.0
22.0,1386.0
23.0,1423.0
24.0,1461.0
25.0,1450.0
26.0,1484.0
27.0,1479.0
28.0,1487.0
29.0,1536.0
30.0,1545.0
31.0,1548.0
32.0,1598.0
33.0,1599.0
34.0,1645.0
35.0,1603.0
36.0,1622.0
37.0,1674.0
38.0,1667.0
39.0,1677.0
40.0,1748.0
41.0,1719.0
42.0,1779.0
43.0,1773.0
44.0,1812.0
45.0,1825.0
46.0,1886.0
47.0,1855.0
48.0,1833.0
49.0,1880.0
50.0,1894.0
51.0,1927.0
52.0,1967.0
53.0,1958.0
54.0,1993.0
55.0,2004.0
56.0,2013.0
57.0,2027.0
58.0,2062.0
59.0,2106.0
60.0,2097.0
61.0,2110.0
62.0,2120.0
63.0,2126.0
64.0,2199.0
65.0,2191.0
66.0,2247.0
67.0,2258.0
68.0,2310.0
69.0,2285.0
70.0,2286.0
71.0,2281.0
72.0,2280.0
73.0,2380.0
74.0,2428.0
75.0,2420.0
76.0,2476.0
77.0,2438.0
78.0,2456.0
79.0,2468.0
80.0,2525.0
81.0,2544.0
82.0,2577.0
83.0,2568.0
84.0,2554.0
85.0,2576.0
86.0,2635.0
87.0,2622.0
88.0,2735.0
89.0,2767.0
90.0,2667.0
91.0,2709.0
92.0,2679.0
93.0,2804.0
94.0,2776.0
95.0,2878.0
96.0,2887.0
97.0,2897.0
98.0,2790.0
99.0,2942.0
100.0,2926.0
101.0,3002.0
102.0,2984.0
103.0,3059.0
104.0,3044.0
105.0,3052.0
106.0,3049.0
107.0,3092.0
108.0,3164.0
109.0,3180.0
110.0,3210.0
111.0,3197.0
112.0,3203.0
113.0,3214.0
114.0,3286.0
115.0,3333.0
116.0,3357.0
117.0,3403.0
118.0,3351.0
119.0,3429.0
120.0,3426.0
121.0,3453.0
122.0,3470.0
123.0,3470.0
124.0,3634.0
125.0,3556.0
126.0,3593.0
127.0,3646.0
128.0,3697.0
129.0,3763.0
130.0,3714.0
131.0,3780.0
132.0,3757.0
133.0,3785.0
134.0,3759.0
135.0,3869.0
136.0,3906.0
137.0,3906.0
138.0,4009.0
139.0,3934.0
140.0,3903.0
141.0,4016.0
142.0,4033.0
143.0,4058.0
144.0,4117.0
145.0,4097.0
146.0,4154.0
147.0,4140.0
148.0,4144.0
149.0,4239.0
150.0,4289.0
151.0,4288.0
152.0,4287.0
153.0,4254.0
154.0,4363.0
155.0,4371.0
156.0,4402.0
157.0,4521.0
158.0,4514.0
159.0,4543.0
160.0,4511.0
161.0,4480.0
162.0,4575.0
163.0,4669.0
164.0,4732.0
165.0,4749.0
166.0,4746.0
167.0,4725.0
168.0,4784.0
169.0,4833.0
170.0,4882.0
171.0,4936.0
172.0,4982.0
173.0,4978.0
174.0,4909.0
175.0,4919.0
176.0,5074.0
177.0,5122.0
178.0,5126.0
179.0,5160.0
180.0,5151.0
181.0,5123.0
182.0,5114.0
183.0,5213.0
184.0,5268.0
185.0,5317.0
186.0,5307.0
187.0,5341.0
188.0,5407.0
189.0,5362.0
190.0,5418.0
191.0,5533.0
192.0,5536.0
193.0,5577.0
194.0,5591.0
195.0,5510.0
196.0,5541.0
197.0,5660.0
198.0,5812.0
199.0,5763.0
200.0,5685.0
201.0,5767.0
202.0,5739.0
203.0,5745.0
204.0,5891.0
205.0,5872.0
206.0,6026.0
207.0,5977.0
208.0,5947.0
209.0,6059.0
210.0,6136.0
211.0,6099.0
212.0,6173.0
213.0,6155.0
214.0,6139.0
215.0,6169.0
216.0,6207.0
217.0,6255.0
218.0,6314.0
219.0,6298.0
220.0,6446.0
221.0,6434.0
222.0,6478.0
223.0,6450.0
224.0,6522.0
225.0,6519.0
226.0,6695.0
227.0,6649.0
228.0,6630.0
229.0,6722.0
230.0,6675.0
231.0,6768.0
232.0,6829.0
233.0,6794.0
234.0,6892.0
235.0,6848.0
236.0,6803.0
237.0,6908.0
238.0,6961.0
239.0,7034.0
240.0,7195.0
241.0,7123.0
242.0,7096.0
243.0,7096.0
244.0,7227.0
245.0,7296.0
246.0,7237.0
247.0,7324.0
248.0,7310.0
249.0,7329.0
250.0,7362.0
251.0,7364.0
252.0,7344.0
253.0,7543.0
254.0,7489.0
255.0,7552.0
256.0,7498.0
257.0,7573.0
258.0,7475.0
259.0,7660.0
260.0,7647.0
261.0,7760.0
262.0,7597.0
263.0,7721.0
264.0,7854.0
265.0,7837.0
266.0,7819.0
267.0,7934.0
268.0,7902.0
269.0,7969.0
270.0,7833.0
271.0,7855.0
272.0,8095.0
273.0,8028.0
274.0,8127.0
275.0,8167.0
276.0,8128.0
277.0,8206.0
278.0,8130.0
279.0,8317.0
280.0,8338.0
281.0,8254.0
282.0,8321.0
283.0,8266.0
284.0,8426.0
285.0,8321.0
286.0,8422.0
287.0,8441.0
288.0,8669.0
289.0,8442.0
290.0,8515.0
291.0,8635.0
292.0,8566.0
293.0,8603.0
294.0,8640.0
295.0,8676.0
296.0,8655.0
297.0,8773.0
298.0,8763.0
299.0,8819.0
300.0,8834.0
301.0,8870.0
302.0,8864.0
303.0,8774.0
304.0,8953.0
305.0,8931.0
306.0,9011.0
307.0,9051.0
308.0,9130.0
309.0,9171.0
310.0,9067.0
311.0,8961.0
312.0,9068.0
313.0,9182.0
314.0,9228.0
315.0,9405.0
316.0,9364.0
317.0,9239.0
318.0,9354.0
319.0,9288.0
320.0,9344.0
321.0,9560.0
322.0,9573.0
323.0,9522.0
324.0,9486.0
325.0,9394.0
326.0,9457.0
327.0,9535.0
328.0,9530.0
329.0,9685.0
330.0,9778.0
331.0,9529.0
332.0,9631.0
333.0,9671.0
334.0,9775.0
335.0,9799.0
336.0,9802.0
337.0,9638.0
338.0,9716.0
339.0,9757.0
340.0,9874.0
341.0,9965.0
342.0,10039.0
343.0,10002.0
344.0,9942.0
345.0,9933.0
346.0,9929.0
347.0,10003.0
348.0,10162.0
349.0,10111.0
350.0,10091.0
351.0,10197.0
352.0,9984.0
353.0,10190.0
354.0,10224.0
355.0,10271.0
356.0,10360.0
357.0,10245.0
358.0,10256.0
359.0,10324.0
360.0,10273.0
361.0,10431.0
362.0,10500.0
363.0,10490.0
364.0,10508.0
365.0,10419.0
366.0,10388.0
367.0,10558.0
368.0,10472.0
369.0,10607.0
370.0,10686.0
371.0,10585.0
372.0,10695.0
373.0,10518.0
374.0,10653.0
375.0,10961.0
376.0,10697.0
377.0,10777.0
378.0,10614.0
379.0,10742.0
380.0,10931.0
381.0,10728.0
382.0,10953.0
383.0,10946.0
384.0,10891.0
385.0,10882.0
386.0,10916.0
387.0,10798.0
388.0,11176.0
389.0,10971.0
390.0,11069.0
391.0,10913.0
392.0,10977.0
393.0,10909.0
394.0,11112.0
395.0,11093.0
396.0,11317.0
397.0,11116.0
398.0,11154.0
399.0,11079.0
400.0,11027.0
401.0,11387.0
402.0,11349.0
403.0,11196.0
404.0,11276.0
405.0,11173.0
406.0,11287.0
407.0,11441.0
408.0,11288.0
409.0,11621.0
410.0,11305.0
411.0,11353.0
412.0,11322.0
413.0,11411.0
414.0,11578.0
415.0,11397.0
416.0,11565.0
417.0,11547.0
418.0,11522.0
419.0,11493.0
420.0,11676.0
421.0,11643.0
422.0,11725.0
423.0,11633.0
424.0,11546.0
425.0,11531.0
426.0,11659.0
427.0,11738.0
428.0,11711.0
429.0,11743.0
430.0,11770.0
431.0,11789.0
432.0,11650.0
433.0,11780.0
434.0,11956.0
435.0,11995.0
436.0,11951.0
437.0,11711.0
438.0,11894.0
439.0,11802.0
440.0,11855.0
441.0,12135.0
442.0,12051.0
443.0,11950.0
444.0,12082.0
445.0,11928.0
446.0,11970.0
447.0,12040.0
448.0,12150.0
449.0,11990.0
450.0,12017.0
451.0,12167.0
452.0,12113.0
453.0,12023.0
454.0,12287.0
455.0,12282.0
456.0,12387.0
457.0,12098.0
458.0,12136.0
459.0,12075.0
460.0,12280.0
461.0,12152.0
462.0,12333.0
463.0,12339.0
464.0,12339.0
465.0,12297.0
466.0,12188.0
467.0,12468.0
468.0,12443.0
469.0,12262.0
470.0,12397.0
471.0,12281.0
472.0,12366.0
473.0,12444.0
474.0,12414.0
475.0,12449.0
476.0,12548.0
477.0,12484.0
478.0,12511.0
479.0,12234.0
480.0,12416.0
481.0,12550.0
482.0,12616.0
483.0,12564.0
484.0,12487.0
485.0,12469.0
486.0,12568.0
487.0,12683.0
488.0,12686.0
489.0,12649.0
490.0,12705.0
491.0,12446.0
492.0,12446.0
493.0,12672.0
494.0,12683.0
495.0,12764.0
496.0,12705.0
497.0,12527.0
498.0,12546.0
499.0,12708.0
500.0,12720.0
501.0,12658.0
502.0,12724.0
503.0,12606.0
504.0,12767.0
505.0,12705.0
506.0,12697.0
507.0,12886.0
508.0,12781.0
509.0,12747.0
510.0,12717.0
511.0,12804.0
512.0,12571.0
513.0,12919.0
514.0,12936.0
515.0,12827.0
516.0,12862.0
517.0,12827.0
518.0,12852.0
519.0,12915.0
520.0,12884.0
521.0,12956.0
522.0,12916.0
523.0,12800.0
524.0,12834.0
525.0,12780.0
526.0,13063.0
527.0,12998.0
528.0,13031.0
529.0,12971.0
530.0,12885.0
531.0,12997.0
532.0,13021.0
533.0,12991.0
534.0,13084.0
535.0,13018.0
536.0,13040.0
537.0,12885.0
538.0,12943.0
539.0,13041.0
540.0,12932.0
541.0,13131.0
542.0,13035.0
543.0,12941.0
544.0,12970.0
545.0,12846.0
546.0,12958.0
547.0,13193.0
548.0,13148.0
549.0,13143.0
550.0,12975.0
551.0,13032.0
552.0,13039.0
553.0,13076.0
554.0,13132.0
555.0,13179.0
556.0,12947.0
557.0,12886.0
558.0,13092.0
559.0,13093.0
560.0,13212.0
561.0,13203.0
562.0,13159.0
563.0,13003.0
564.0,12947.0
565.0,13102.0
566.0,13255.0
567.0,13208.0
568.0,12981.0
569.0,13026.0
570.0,13084.0
571.0,12948.0
572.0,13092.0
573.0,13356.0
574.0,13087.0
575.0,13180.0
576.0,12967.0
577.0,13050.0
578.0,13137.0
579.0,13157.0
580.0,13299.0
581.0,13198.0
582.0,12953.0
583.0,13068.0
584.0,13320.0
585.0,13065.0
586.0,13335.0
587.0,13157.0
588.0,13146.0
589.0,13031.0
590.0,13062.0
591.0,13061.0
592.0,13123.0
593.0,13119.0
594.0,13159.0
595.0,13117.0
596.0,12969.0
597.0,13147.0
598.0,13019.0
599.0,13172.0
600.0,13214.0
601.0,13186.0
602.0,13184.0
603.0,12919.0
604.0,13157.0
605.0,13251.0
606.0,13300.0
607.0,13149.0
608.0,12983.0
609.0,13123.0
610.0,13025.0
611.0,13122.0
612.0,13123.0
613.0,13154.0
614.0,13160.0
615.0,13075.0
616.0,12955.0
617.0,13080.0
618.0,13108.0
619.0,13208.0
620.0,13094.0
621.0,13132.0
622.0,12954.0
623.0,12960.0
624.0,12944.0
625.0,13127.0
626.0,13121.0
627.0,13144.0
628.0,12985.0
629.0,12932.0
630.0,13075.0
631.0,13019.0
632.0,13207.0
633.0,13111.0
634.0,12966.0
635.0,13100.0
636.0,12763.0
637.0,12976.0
638.0,13053.0
639.0,13045.0
640.0,13029.0
641.0,12847.0
642.0,12933.0
643.0,13006.0
644.0,13039.0
645.0,13028.0
646.0,13066.0
647.0,12901.0
648.0,12969.0
649.0,12853.0
650.0,12795.0
651.0,12979.0
652.0,13046.0
653.0,12948.0
654.0,12807.0
655.0,12861.0
656.0,13009.0
657.0,12783.0
658.0,13054.0
659.0,13032.0
660.0,12787.0
661.0,12785.0
662.0,12782.0
663.0,12964.0
664.0,12912.0
665.0,12822.0
666.0,12835.0
667.0,12731.0
668.0,12688.0
669.0,12794.0
670.0,12701.0
671.0,12844.0
672.0,12793.0
673.0,12619.0
674.0,12729.0
675.0,12588.0
676.0,12847.0
677.0,12889.0
678.0,12685.0
679.0,12628.0
680.0,12670.0
681.0,12557.0
682.0,12606.0
683.0,12633.0
684.0,12642.0
685.0,12680.0
686.0,12573.0
687.0,12632.0
688.0,12467.0
689.0,12629.0
690.0,12719.0
691.0,12527.0
692.0,12607.0
693.0,12495.0
694.0,12463.0
695.0,12478.0
696.0,12659.0
697.0,12443.0
698.0,12447.0
699.0,12512.0
700.0,12431.0
701.0,12386.0
702.0,12590.0
703.0,12454.0
704.0,12449.0
705.0,12314.0
706.0,12243.0
707.0,12259.0
708.0,12389.0
709.0,12457.0
710.0,12286.0
711.0,12254.0
712.0,12213.0
713.0,12334.0
714.0,12266.0
715.0,12322.0
716.0,12281.0
717.0,12234.0
718.0,12122.0
719.0,12108.0
720.0,12217.0
721.0,12206.0
722.0,12058.0
723.0,12243.0
724.0,12039.0
725.0,11982.0
726.0,12109.0
727.0,12161.0
728.0,12055.0
729.0,12159.0
730.0,12115.0
731.0,11836.0
732.0,11939.0
733.0,11986.0
734.0,12142.0
735.0,11987.0
736.0,11788.0
737.0,11882.0
738.0,11789.0
739.0,11870.0
740.0,11897.0
741.0,11819.0
742.0,11946.0
743.0,11813.0
744.0,11688.0
745.0,11837.0
746.0,11737.0
747.0,11749.0
748.0,11871.0
749.0,11669.0
750.0,11522.0
751.0,11694.0
752.0,11592.0
753.0,11738.0
754.0,11639.0
755.0,11544.0
756.0,11636.0
757.0,11446.0
758.0,11522.0
759.0,11522.0
760.0,11482.0
761.0,11547.0
762.0,11458.0
763.0,11400.0
764.0,11359.0
765.0,11510.0
766.0,11456.0
767.0,11473.0
768.0,11298.0
769.0,11287.0
770.0,11180.0
771.0,11251.0
772.0,11383.0
773.0,11313.0
774.0,11298.0
775.0,11186.0
776.0,10962.0
777.0,11238.0
778.0,11298.0
779.0,11089.0
780.0,11086.0
781.0,11104.0
782.0,11068.0
783.0,10838.0
784.0,11060.0
785.0,11123.0
786.0,11132.0
787.0,10956.0
788.0,10843.0
789.0,10921.0
790.0,10850.0
791.0,10812.0
792.0,10917.0
793.0,10928.0
794.0,10721.0
795.0,10748.0
796.0,10694.0
797.0,11031.0
798.0,10737.0
799.0,10842.0
800.0,10634.0
801.0,10557.0
802.0,10686.0
803.0,10586.0
804.0,10704.0
805.0,10569.0
806.0,10593.0
807.0,10437.0
808.0,10413.0
809.0,10560.0
810.0,10490.0
811.0,10312.0
812.0,10439.0
813.0,10290.0
814.0,10220.0
815.0,10281.0
816.0,10306.0
817.0,10452.0
818.0,10257.0
819.0,10196.0
820.0,10223.0
821.0,10151.0
822.0,10118.0
823.0,10253.0
824.0,10160.0
825.0,10148.0
826.0,9962.0
827.0,9914.0
828.0,9813.0
829.0,10071.0
830.0,10010.0
831.0,10014.0
832.0,9904.0
833.0,9819.0
834.0,9854.0
835.0,9837.0
836.0,9977.0
837.0,9820.0
838.0,9742.0
839.0,9693.0
840.0,9627.0
841.0,9803.0
842.0,9908.0
843.0,9699.0
844.0,9612.0
845.0,9642.0
846.0,9512.0
847.0,9516.0
848.0,9532.0
849.0,9702.0
850.0,9551.0
851.0,9427.0
852.0,9393.0
853.0,9368.0
854.0,9410.0
855.0,9503.0
856.0,9424.0
857.0,9221.0
858.0,9247.0
859.0,9343.0
860.0,9349.0
861.0,9290.0
862.0,9272.0
863.0,9194.0
864.0,9074.0
865.0,9147.0
866.0,9181.0
867.0,9212.0
868.0,9048.0
869.0,9018.0
870.0,9010.0
871.0,8740.0
872.0,9004.0
873.0,8957.0
874.0,9003.0
875.0,8948.0
876.0,8865.0
877.0,8882.0
878.0,8762.0
879.0,8839.0
880.0,8892.0
881.0,8638.0
882.0,8764.0
883.0,8624.0
884.0,8546.0
885.0,8677.0
886.0,8672.0
887.0,8693.0
888.0,8511.0
889.0,8524.0
890.0,8470.0
891.0,8488.0
892.0,8364.0
893.0,8472.0
894.0,8334.0
895.0,8368.0
896.0,8259.0
897.0,8313.0
898.0,8351.0
899.0,8361.0
900.0,8365.0
901.0,8124.0
902.0,8133.0
903.0,8170.0
904.0,8122.0
905.0,8160.0
906.0,8237.0
907.0,8098.0
908.0,7980.0
909.0,8068.0
910.0,7959.0
911.0,8004.0
912.0,8040.0
913.0,7818.0
914.0,7852.0
915.0,7798.0
916.0,7843.0
917.0,7809.0
918.0,7878.0
919.0,7754.0
920.0,7693.0
921.0,7673.0
922.0,7774.0
923.0,7692.0
924.0,7751.0
925.0,7673.0
926.0,7634.0
927.0,7518.0
928.0,7514.0
929.0,7540.0
930.0,7658.0
931.0,7409.0
932.0,7429.0
933.0,7354.0
934.0,7398.0
935.0,7367.0
936.0,7350.0
937.0,7325.0
938.0,7326.0
939.0,7314.0
940.0,7269.0
941.0,7253.0
942.0,7271.0
943.0,7188.0
944.0,7092.0
945.0,7130.0
946.0,7077.0
947.0,7164.0
948.0,7027.0
949.0,7078.0
950.0,7010.0
951.0,6877.0
952.0,6926.0
953.0,6929.0
954.0,6969.0
955.0,6876.0
956.0,6881.0
957.0,6821.0
958.0,6721.0
959.0,6778.0
960.0,6798.0
961.0,6706.0
962.0,6703.0
963.0,6696.0
964.0,6605.0
965.0,6618.0
966.0,6582.0
967.0,6639.0
968.0,6530.0
969.0,6490.0
970.0,6485.0
971.0,6354.0
972.0,6505.0
973.0,6360.0
974.0,6405.0
975.0,6316.0
976.0,6342.0
977.0,6213.0
978.0,6269.0
979.0,6289.0
980.0,6223.0
981.0,6204.0
982.0,6138.0
983.0,6080.0
984.0,6191.0
985.0,6113.0
986.0,6210.0
987.0,6066.0
988.0,6013.0
989.0,6005.0
990.0,5982.0
991.0,6062.0
992.0,5933.0
993.0,5887.0
994.0,5894.0
995.0,5785.0
996.0,5803.0
997.0,5842.0
998.0,5864.0
999.0,5768.0
1000.0,5700.0
1001.0,5631.0
1002.0,5653.0
1003.0,5638.0
1004.0,5723.0
1005.0,5590.0
1006.0,5523.0
1007.0,5619.0
1008.0,5508.0
1009.0,5560.0
1010.0,5514.0
1011.0,5446.0
1012.0,5413.0
1013.0,5366.0
1014.0,5435.0
1015.0,5392.0
1016.0,5393.0
1017.0,5300.0
1018.0,5289.0
1019.0,5254.0
1020.0,5212.0
1021.0,5195.0
1022.0,5179.0
1023.0,5176.0
