0.0,1358.0
1.0,1923.0
2.0,1809.0
3.0,1825.0
4.0,1834.0
5.0,1841.0
6.0,1785.0
7.0,1881.0
8.0,1857.0
9.0,1967.0
10.0,1949.0
11.0,1992.0
12.0,2015.0
13.0,2003.0
14.0,2036.0
15.0,2095.0
16.0,2087.0
17.0,2132.0
18.0,2160.0
19.0,2142.0
20.0,2210.0
21.0,2216.0
22.0,2223.0
23.0,2236.0
24.0,2319.0
25.0,2348.0
26.0,2430.0
27.0,2364.0
28.0,2435.0
29.0,2445.0
30.0,2426.0
31.0,2475.0
32.0,2541.0
33.0,2578.0
34.0,2596.0
35.0,2637.0
36.0,2589.0
37.0,2677.0
38.0,2674.0
39.0,2700.0
40.0,2790.0
41.0,2829.0
42.0,2828.0
43.0,2854.0
44.0,2852.0
45.0,2870.0
46.0,2953.0
47.0,3026.0
48.0,3062.0
49.0,3019.0
50.0,3018.0
51.0,3028.0
52.0,3164.0
53.0,3144.0
54.0,3225.0
55.0,3246.0
56.0,3266.0
57.0,3252.0
58.0,3309.0
59.0,3355.0
60.0,3396.0
61.0,3462.0
62.0,3477.0
63.0,3402.0
64.0,3518.0
65.0,3559.0
66.0,3608.0
67.0,3640.0
68.0,3661.0
69.0,3731.0
70.0,3738.0
71.0,3724.0
72.0,3732.0
73.0,3837.0
74.0,3842.0
75.0,3904.0
76.0,3951.0
77.0,4037.0
78.0,4029.0
79.0,4035.0
80.0,4064.0
81.0,4044.0
82.0,4145.0
83.0,4127.0
84.0,4330.0
85.0,4275.0
86.0,4243.0
87.0,4336.0
88.0,4361.0
89.0,4352.0
90.0,4420.0
91.0,4593.0
92.0,4529.0
93.0,4506.0
94.0,4610.0
95.0,4565.0
96.0,4599.0
97.0,4661.0
98.0,4715.0
99.0,4818.0
100.0,4819.0
101.0,4891.0
102.0,4891.0
103.0,4862.0
104.0,4910.0
105.0,5023.0
106.0,5042.0
107.0,5142.0
108.0,5103.0
109.0,5143.0
110.0,5062.0
111.0,5211.0
112.0,5263.0
113.0,5286.0
114.0,5328.0
115.0,5414.0
116.0,5410.0
117.0,5472.0
118.0,5447.0
119.0,5507.0
120.0,5592.0
121.0,5685.0
122.0,5638.0
123.0,5710.0
124.0,5668.0
125.0,5756.0
126.0,5850.0
127.0,5950.0
128.0,5957.0
129.0,6039.0
130.0,5994.0
131.0,6074.0
132.0,6062.0
133.0,5978.0
134.0,6120.0
135.0,6279.0
136.0,6243.0
137.0,6357.0
138.0,6323.0
139.0,6321.0
140.0,6404.0
141.0,6439.0
142.0,6528.0
143.0,6600.0
144.0,6603.0
145.0,6596.0
146.0,6622.0
147.0,6672.0
148.0,6700.0
149.0,6913.0
150.0,6952.0
151.0,6880.0
152.0,6935.0
153.0,6952.0
154.0,6919.0
155.0,7049.0
156.0,7147.0
157.0,7233.0
158.0,7300.0
159.0,7261.0
160.0,7213.0
161.0,7325.0
162.0,7357.0
163.0,7381.0
164.0,7551.0
165.0,7641.0
166.0,7570.0
167.0,7662.0
168.0,7526.0
169.0,7769.0
170.0,7687.0
171.0,7764.0
172.0,7896.0
173.0,7918.0
174.0,7863.0
175.0,7897.0
176.0,8040.0
177.0,8033.0
178.0,8040.0
179.0,8269.0
180.0,8141.0
181.0,8328.0
182.0,8337.0
183.0,8239.0
184.0,8468.0
185.0,8489.0
186.0,8496.0
187.0,8640.0
188.0,8655.0
189.0,8669.0
190.0,8724.0
191.0,8693.0
192.0,8690.0
193.0,8934.0
194.0,8891.0
195.0,8970.0
196.0,8994.0
197.0,8967.0
198.0,9009.0
199.0,9093.0
200.0,9148.0
201.0,9383.0
202.0,9248.0
203.0,9345.0
204.0,9383.0
205.0,9327.0
206.0,9450.0
207.0,9442.0
208.0,9616.0
209.0,9674.0
210.0,9696.0
211.0,9738.0
212.0,9719.0
213.0,9687.0
214.0,9941.0
215.0,9943.0
216.0,10001.0
217.0,10146.0
218.0,10075.0
219.0,10036.0
220.0,10103.0
221.0,10183.0
222.0,10343.0
223.0,10450.0
224.0,10293.0
225.0,10489.0
226.0,10413.0
227.0,10389.0
228.0,10632.0
229.0,10744.0
230.0,10788.0
231.0,10884.0
232.0,10703.0
233.0,10852.0
234.0,10830.0
235.0,10863.0
236.0,11059.0
237.0,11163.0
238.0,11164.0
239.0,11141.0
240.0,11244.0
241.0,11213.0
242.0,11191.0
243.0,11433.0
244.0,11487.0
245.0,11589.0
246.0,11488.0
247.0,11539.0
248.0,11526.0
249.0,11513.0
250.0,11704.0
251.0,11811.0
252.0,11877.0
253.0,11872.0
254.0,11802.0
255.0,11778.0
256.0,11934.0
257.0,11946.0
258.0,12117.0
259.0,12138.0
260.0,12279.0
261.0,12102.0
262.0,12144.0
263.0,12283.0
264.0,12274.0
265.0,12501.0
266.0,12389.0
267.0,12548.0
268.0,12611.0
269.0,12434.0
270.0,12555.0
271.0,12592.0
272.0,12658.0
273.0,12757.0
274.0,12950.0
275.0,12826.0
276.0,12735.0
277.0,12897.0
278.0,12851.0
279.0,13069.0
280.0,13177.0
281.0,12990.0
282.0,13128.0
283.0,13180.0
284.0,13206.0
285.0,13224.0
286.0,13258.0
287.0,13415.0
288.0,13426.0
289.0,13627.0
290.0,13454.0
291.0,13518.0
292.0,13469.0
293.0,13516.0
294.0,13765.0
295.0,13836.0
296.0,13733.0
297.0,13921.0
298.0,13705.0
299.0,13804.0
300.0,13921.0
301.0,13897.0
302.0,14060.0
303.0,14157.0
304.0,14023.0
305.0,14056.0
306.0,14058.0
307.0,14186.0
308.0,14332.0
309.0,14382.0
310.0,14250.0
311.0,14367.0
312.0,14379.0
313.0,14412.0
314.0,14442.0
315.0,14555.0
316.0,14536.0
317.0,14796.0
318.0,14582.0
319.0,14581.0
320.0,14751.0
321.0,14544.0
322.0,14816.0
323.0,15027.0
324.0,14729.0
325.0,14987.0
326.0,15009.0
327.0,14654.0
328.0,15059.0
329.0,15158.0
330.0,15126.0
331.0,15120.0
332.0,15146.0
333.0,15180.0
334.0,15230.0
335.0,15183.0
336.0,15231.0
337.0,15467.0
338.0,15500.0
339.0,15377.0
340.0,15498.0
341.0,15384.0
342.0,15530.0
343.0,15473.0
344.0,15627.0
345.0,15831.0
346.0,15649.0
347.0,15784.0
348.0,15638.0
349.0,15711.0
350.0,15785.0
351.0,16097.0
352.0,15718.0
353.0,16127.0
354.0,15953.0
355.0,15934.0
356.0,15844.0
357.0,16229.0
358.0,16183.0
359.0,16166.0
360.0,16254.0
361.0,16176.0
362.0,16313.0
363.0,16159.0
364.0,16410.0
365.0,16551.0
366.0,16451.0
367.0,16412.0
368.0,16516.0
369.0,16591.0
370.0,16476.0
371.0,16516.0
372.0,16571.0
373.0,16744.0
374.0,16967.0
375.0,16650.0
376.0,16759.0
377.0,16814.0
378.0,16685.0
379.0,17021.0
380.0,17035.0
381.0,16939.0
382.0,17195.0
383.0,16925.0
384.0,16834.0
385.0,17179.0
386.0,17220.0
387.0,17338.0
388.0,17302.0
389.0,17192.0
390.0,17197.0
391.0,17139.0
392.0,17299.0
393.0,17377.0
394.0,17447.0
395.0,17427.0
396.0,17476.0
397.0,17481.0
398.0,17417.0
399.0,17536.0
400.0,17464.0
401.0,17588.0
402.0,17909.0
403.0,17607.0
404.0,17706.0
405.0,17609.0
406.0,17723.0
407.0,17860.0
408.0,17911.0
409.0,17941.0
410.0,17801.0
411.0,17766.0
412.0,17676.0
413.0,18048.0
414.0,17820.0
415.0,18094.0
416.0,17906.0
417.0,18221.0
418.0,18012.0
419.0,18101.0
420.0,18119.0
421.0,18213.0
422.0,18469.0
423.0,18325.0
424.0,18253.0
425.0,18174.0
426.0,18321.0
427.0,18377.0
428.0,18497.0
429.0,18300.0
430.0,18462.0
431.0,18470.0
432.0,18362.0
433.0,18449.0
434.0,18510.0
435.0,18549.0
436.0,18678.0
437.0,18694.0
438.0,18553.0
439.0,18563.0
440.0,18686.0
441.0,18725.0
442.0,18763.0
443.0,18883.0
444.0,18929.0
445.0,18725.0
446.0,18943.0
447.0,18748.0
448.0,18842.0
449.0,18750.0
450.0,19187.0
451.0,19147.0
452.0,18887.0
453.0,18775.0
454.0,18948.0
455.0,18960.0
456.0,19027.0
457.0,19077.0
458.0,19222.0
459.0,19109.0
460.0,19275.0
461.0,18835.0
462.0,19207.0
463.0,19204.0
464.0,19371.0
465.0,19517.0
466.0,19299.0
467.0,19215.0
468.0,19214.0
469.0,19311.0
470.0,19220.0
471.0,19390.0
472.0,19388.0
473.0,19547.0
474.0,19427.0
475.0,19414.0
476.0,19272.0
477.0,19712.0
478.0,19643.0
479.0,19607.0
480.0,19644.0
481.0,19673.0
482.0,19310.0
483.0,19537.0
484.0,19778.0
485.0,19844.0
486.0,19715.0
487.0,19682.0
488.0,19754.0
489.0,19748.0
490.0,19666.0
491.0,19892.0
492.0,19890.0
493.0,19956.0
494.0,19819.0
495.0,19775.0
496.0,19811.0
497.0,19796.0
498.0,20171.0
499.0,19986.0
500.0,20067.0
501.0,19955.0
502.0,19763.0
503.0,19870.0
504.0,19962.0
505.0,20239.0
506.0,20059.0
507.0,20028.0
508.0,20339.0
509.0,20040.0
510.0,20095.0
511.0,20089.0
512.0,20176.0
513.0,19981.0
514.0,20347.0
515.0,20236.0
516.0,20137.0
517.0,20262.0
518.0,20177.0
519.0,20276.0
520.0,20257.0
521.0,20483.0
522.0,20260.0
523.0,20221.0
524.0,20010.0
525.0,20472.0
526.0,20033.0
527.0,20338.0
528.0,20670.0
529.0,20288.0
530.0,20151.0
531.0,20354.0
532.0,20250.0
533.0,20447.0
534.0,20460.0
535.0,20475.0
536.0,20481.0
537.0,20243.0
538.0,20503.0
539.0,20397.0
540.0,20423.0
541.0,20725.0
542.0,20626.0
543.0,20614.0
544.0,20410.0
545.0,20420.0
546.0,20306.0
547.0,20672.0
548.0,20751.0
549.0,20584.0
550.0,20496.0
551.0,20382.0
552.0,20445.0
553.0,20867.0
554.0,20545.0
555.0,20903.0
556.0,20682.0
557.0,20446.0
558.0,20590.0
559.0,20476.0
560.0,20460.0
561.0,20909.0
562.0,20732.0
563.0,20877.0
564.0,20700.0
565.0,20350.0
566.0,20630.0
567.0,20566.0
568.0,20782.0
569.0,20851.0
570.0,20658.0
571.0,20799.0
572.0,20545.0
573.0,20654.0
574.0,20678.0
575.0,20851.0
576.0,20887.0
577.0,20752.0
578.0,20637.0
579.0,20597.0
580.0,20824.0
581.0,20780.0
582.0,20985.0
583.0,20715.0
584.0,20822.0
585.0,20590.0
586.0,20789.0
587.0,20728.0
588.0,20924.0
589.0,20758.0
590.0,20756.0
591.0,21002.0
592.0,20508.0
593.0,20758.0
594.0,20696.0
595.0,20666.0
596.0,20837.0
597.0,20975.0
598.0,20777.0
599.0,20830.0
600.0,20725.0
601.0,20705.0
602.0,20800.0
603.0,21040.0
604.0,20738.0
605.0,20795.0
606.0,20726.0
607.0,20470.0
608.0,20791.0
609.0,20616.0
610.0,20968.0
611.0,20897.0
612.0,20600.0
613.0,20633.0
614.0,20695.0
615.0,20586.0
616.0,20984.0
617.0,20791.0
618.0,20892.0
619.0,20760.0
620.0,20534.0
621.0,20875.0
622.0,20435.0
623.0,20962.0
624.0,20800.0
625.0,20766.0
626.0,20585.0
627.0,20624.0
628.0,20245.0
629.0,20939.0
630.0,20748.0
631.0,20606.0
632.0,20786.0
633.0,20481.0
634.0,20566.0
635.0,20404.0
636.0,20531.0
637.0,20828.0
638.0,20790.0
639.0,20551.0
640.0,20325.0
641.0,20424.0
642.0,20591.0
643.0,20857.0
644.0,20689.0
645.0,20660.0
646.0,20714.0
647.0,20242.0
648.0,20450.0
649.0,20493.0
650.0,20413.0
651.0,20780.0
652.0,20310.0
653.0,20396.0
654.0,20322.0
655.0,20306.0
656.0,20455.0
657.0,20547.0
658.0,20398.0
659.0,20419.0
660.0,20363.0
661.0,20263.0
662.0,20328.0
663.0,20372.0
664.0,20523.0
665.0,20451.0
666.0,20504.0
667.0,20386.0
668.0,20323.0
669.0,20264.0
670.0,20277.0
671.0,20330.0
672.0,20246.0
673.0,20269.0
674.0,20107.0
675.0,20136.0
676.0,19996.0
677.0,20243.0
678.0,20424.0
679.0,20464.0
680.0,19981.0
681.0,20367.0
682.0,19970.0
683.0,20128.0
684.0,20012.0
685.0,20079.0
686.0,20271.0
687.0,20196.0
688.0,19863.0
689.0,20024.0
690.0,20105.0
691.0,19942.0
692.0,19994.0
693.0,20083.0
694.0,19947.0
695.0,19842.0
696.0,19773.0
697.0,19926.0
698.0,20111.0
699.0,20094.0
700.0,20001.0
701.0,19769.0
702.0,19653.0
703.0,19830.0
704.0,19708.0
705.0,19907.0
706.0,19798.0
707.0,19827.0
708.0,19792.0
709.0,19588.0
710.0,19543.0
711.0,19934.0
712.0,19839.0
713.0,19784.0
714.0,19622.0
715.0,19262.0
716.0,19604.0
717.0,19548.0
718.0,19661.0
719.0,19705.0
720.0,19610.0
721.0,19519.0
722.0,19427.0
723.0,19212.0
724.0,19654.0
725.0,19490.0
726.0,19518.0
727.0,19486.0
728.0,19265.0
729.0,19277.0
730.0,19402.0
731.0,19294.0
732.0,19345.0
733.0,19333.0
734.0,19354.0
735.0,19032.0
736.0,19212.0
737.0,19090.0
738.0,19077.0
739.0,19407.0
740.0,19131.0
741.0,19058.0
742.0,18896.0
743.0,19086.0
744.0,18894.0
745.0,19024.0
746.0,18989.0
747.0,19048.0
748.0,19060.0
749.0,18941.0
750.0,18761.0
751.0,18858.0
752.0,18976.0
753.0,18959.0
754.0,18735.0
755.0,19023.0
756.0,18526.0
757.0,18848.0
758.0,18632.0
759.0,18745.0
760.0,18921.0
761.0,18683.0
762.0,18599.0
763.0,18467.0
764.0,18552.0
765.0,18548.0
766.0,18641.0
767.0,18508.0
768.0,18489.0
769.0,18288.0
770.0,18465.0
771.0,18464.0
772.0,18370.0
773.0,18460.0
774.0,18436.0
775.0,18451.0
776.0,18226.0
777.0,18062.0
778.0,18052.0
779.0,18480.0
780.0,18093.0
781.0,18325.0
782.0,18017.0
783.0,17964.0
784.0,18063.0
785.0,17909.0
786.0,18067.0
787.0,18088.0
788.0,17959.0
789.0,17742.0
790.0,17656.0
791.0,17829.0
792.0,17791.0
793.0,17949.0
794.0,17855.0
795.0,17560.0
796.0,17595.0
797.0,17693.0
798.0,17658.0
799.0,17591.0
800.0,17626.0
801.0,17498.0
802.0,17492.0
803.0,17403.0
804.0,17447.0
805.0,17570.0
806.0,17447.0
807.0,17537.0
808.0,17343.0
809.0,17230.0
810.0,17090.0
811.0,17207.0
812.0,17343.0
813.0,17234.0
814.0,17191.0
815.0,17257.0
816.0,16868.0
817.0,16873.0
818.0,17169.0
819.0,16842.0
820.0,17074.0
821.0,16885.0
822.0,16869.0
823.0,16717.0
824.0,16880.0
825.0,16597.0
826.0,17005.0
827.0,16889.0
828.0,16644.0
829.0,16583.0
830.0,16506.0
831.0,16433.0
832.0,16530.0
833.0,16514.0
834.0,16622.0
835.0,16532.0
836.0,16295.0
837.0,16443.0
838.0,16227.0
839.0,16334.0
840.0,16463.0
841.0,16295.0
842.0,16174.0
843.0,15992.0
844.0,16155.0
845.0,16108.0
846.0,16196.0
847.0,16186.0
848.0,16089.0
849.0,15835.0
850.0,15884.0
851.0,15869.0
852.0,16010.0
853.0,16035.0
854.0,15899.0
855.0,15719.0
856.0,15693.0
857.0,15602.0
858.0,15723.0
859.0,15640.0
860.0,15789.0
861.0,15651.0
862.0,15433.0
863.0,15337.0
864.0,15459.0
865.0,15365.0
866.0,15546.0
867.0,15363.0
868.0,15293.0
869.0,15230.0
870.0,15007.0
871.0,15123.0
872.0,15066.0
873.0,15314.0
874.0,15039.0
875.0,14992.0
876.0,14849.0
877.0,15070.0
878.0,14976.0
879.0,14984.0
880.0,14940.0
881.0,14917.0
882.0,14873.0
883.0,14654.0
884.0,14718.0
885.0,14751.0
886.0,14672.0
887.0,14625.0
888.0,14536.0
889.0,14420.0
890.0,14542.0
891.0,14420.0
892.0,14486.0
893.0,14549.0
894.0,14357.0
895.0,14435.0
896.0,14198.0
897.0,14103.0
898.0,14305.0
899.0,14163.0
900.0,14200.0
901.0,14120.0
902.0,14000.0
903.0,13991.0
904.0,13974.0
905.0,13874.0
906.0,13952.0
907.0,13939.0
908.0,13894.0
909.0,13635.0
910.0,13652.0
911.0,13803.0
912.0,13654.0
913.0,13634.0
914.0,13714.0
915.0,13541.0
916.0,13482.0
917.0,13253.0
918.0,13430.0
919.0,13574.0
920.0,13381.0
921.0,13327.0
922.0,13218.0
923.0,13211.0
924.0,13214.0
925.0,13219.0
926.0,13162.0
927.0,13380.0
928.0,12831.0
929.0,12875.0
930.0,13065.0
931.0,12993.0
932.0,13025.0
933.0,12773.0
934.0,12797.0
935.0,12673.0
936.0,12678.0
937.0,12876.0
938.0,12666.0
939.0,12787.0
940.0,12563.0
941.0,12471.0
942.0,12407.0
943.0,12376.0
944.0,12470.0
945.0,12455.0
946.0,12470.0
947.0,12327.0
948.0,12264.0
949.0,12176.0
950.0,12039.0
951.0,12257.0
952.0,12019.0
953.0,12215.0
954.0,11931.0
955.0,11806.0
956.0,11868.0
957.0,11961.0
958.0,11978.0
959.0,11758.0
960.0,11851.0
961.0,11715.0
962.0,11592.0
963.0,11620.0
964.0,11564.0
965.0,11583.0
966.0,11701.0
967.0,11382.0
968.0,11462.0
969.0,11440.0
970.0,11352.0
971.0,11469.0
972.0,11216.0
973.0,11278.0
974.0,11182.0
975.0,11040.0
976.0,11148.0
977.0,11156.0
978.0,10965.0
979.0,11113.0
980.0,10857.0
981.0,10985.0
982.0,10806.0
983.0,10784.0
984.0,10974.0
985.0,10780.0
986.0,10712.0
987.0,10681.0
988.0,10628.0
989.0,10654.0
990.0,10514.0
991.0,10583.0
992.0,10613.0
993.0,10523.0
994.0,10405.0
995.0,10375.0
996.0,10303.0
997.0,10525.0
998.0,10345.0
999.0,10226.0
1000.0,10244.0
1001.0,10041.0
1002.0,10103.0
1003.0,10244.0
1004.0,10046.0
1005.0,10194.0
1006.0,9967.0
1007.0,9976.0
1008.0,9853.0
1009.0,9914.0
1010.0,9934.0
1011.0,9848.0
1012.0,9712.0
1013.0,9694.0
1014.0,9617.0
1015.0,9521.0
1016.0,9586.0
1017.0,9617.0
1018.0,9491.0
1019.0,9368.0
1020.0,9413.0
1021.0,9385.0
1022.0,9252.0
1023.0,9415.0
