0.0,1136.0
1.0,1417.0
2.0,1339.0
3.0,1354.0
4.0,1412.0
5.0,1421.0
6.0,1419.0
7.0,1473.0
8.0,1484.0
9.0,1519.0
10.0,1587.0
11.0,1574.0
12.0,1598.0
13.0,1621.0
14.0,1674.0
15.0,1716.0
16.0,1670.0
17.0,1766.0
18.0,1837.0
19.0,1813.0
20.0,1813.0
21.0,1853.0
22.0,1896.0
23.0,1909.0
24.0,1954.0
25.0,2015.0
26.0,2014.0
27.0,2020.0
28.0,2053.0
29.0,2127.0
30.0,2104.0
31.0,2143.0
32.0,2184.0
33.0,2246.0
34.0,2274.0
35.0,2304.0
36.0,2358.0
37.0,2318.0
38.0,2361.0
39.0,2404.0
40.0,2395.0
41.0,2484.0
42.0,2522.0
43.0,2540.0
44.0,2572.0
45.0,2588.0
46.0,2614.0
47.0,2662.0
48.0,2661.0
49.0,2710.0
50.0,2742.0
51.0,2747.0
52.0,2800.0
53.0,2819.0
54.0,2852.0
55.0,2826.0
56.0,2948.0
57.0,2967.0
58.0,2879.0
59.0,3005.0
60.0,3103.0
61.0,3092.0
62.0,3123.0
63.0,3160.0
64.0,3108.0
65.0,3145.0
66.0,3189.0
67.0,3288.0
68.0,3254.0
69.0,3283.0
70.0,3383.0
71.0,3390.0
72.0,3331.0
73.0,3438.0
74.0,3424.0
75.0,3451.0
76.0,3508.0
77.0,3550.0
78.0,3563.0
79.0,3543.0
80.0,3661.0
81.0,3643.0
82.0,3581.0
83.0,3679.0
84.0,3776.0
85.0,3725.0
86.0,3772.0
87.0,3813.0
88.0,3845.0
89.0,3872.0
90.0,3935.0
91.0,4012.0
92.0,3943.0
93.0,4020.0
94.0,4084.0
95.0,4126.0
96.0,4078.0
97.0,4184.0
98.0,4186.0
99.0,4172.0
100.0,4212.0
101.0,4335.0
102.0,4286.0
103.0,4325.0
104.0,4373.0
105.0,4429.0
106.0,4392.0
107.0,4390.0
108.0,4506.0
109.0,4514.0
110.0,4582.0
111.0,4657.0
112.0,4695.0
113.0,4648.0
114.0,4682.0
115.0,4801.0
116.0,4676.0
117.0,4777.0
118.0,4886.0
119.0,4832.0
120.0,4914.0
121.0,4943.0
122.0,5081.0
123.0,5022.0
124.0,5076.0
125.0,5048.0
126.0,5077.0
127.0,5184.0
128.0,5323.0
129.0,5328.0
130.0,5209.0
131.0,5365.0
132.0,5369.0
133.0,5356.0
134.0,5404.0
135.0,5527.0
136.0,5545.0
137.0,5501.0
138.0,5632.0
139.0,5690.0
140.0,5615.0
141.0,5620.0
142.0,5752.0
143.0,5763.0
144.0,5784.0
145.0,5762.0
146.0,5953.0
147.0,5839.0
148.0,5986.0
149.0,6024.0
150.0,6009.0
151.0,6069.0
152.0,6155.0
153.0,6127.0
154.0,6170.0
155.0,6386.0
156.0,6391.0
157.0,6290.0
158.0,6377.0
159.0,6480.0
160.0,6418.0
161.0,6468.0
162.0,6578.0
163.0,6615.0
164.0,6571.0
165.0,6634.0
166.0,6742.0
167.0,6703.0
168.0,6760.0
169.0,6894.0
170.0,6882.0
171.0,6846.0
172.0,6906.0
173.0,7091.0
174.0,6914.0
175.0,7044.0
176.0,7021.0
177.0,7064.0
178.0,7172.0
179.0,7329.0
180.0,7275.0
181.0,7280.0
182.0,7269.0
183.0,7406.0
184.0,7378.0
185.0,7390.0
186.0,7566.0
187.0,7543.0
188.0,7533.0
189.0,7659.0
190.0,7699.0
191.0,7587.0
192.0,7747.0
193.0,7752.0
194.0,7759.0
195.0,7854.0
196.0,7960.0
197.0,7948.0
198.0,7928.0
199.0,7988.0
200.0,7983.0
201.0,7957.0
202.0,8042.0
203.0,8168.0
204.0,8082.0
205.0,8089.0
206.0,8362.0
207.0,8444.0
208.0,8289.0
209.0,8382.0
210.0,8503.0
211.0,8456.0
212.0,8493.0
213.0,8606.0
214.0,8672.0
215.0,8563.0
216.0,8750.0
217.0,8727.0
218.0,8717.0
219.0,8752.0
220.0,8933.0
221.0,8906.0
222.0,8981.0
223.0,8996.0
224.0,9057.0
225.0,9089.0
226.0,9092.0
227.0,9176.0
228.0,9144.0
229.0,9313.0
230.0,9409.0
231.0,9426.0
232.0,9391.0
233.0,9501.0
234.0,9379.0
235.0,9409.0
236.0,9495.0
237.0,9756.0
238.0,9563.0
239.0,9730.0
240.0,9920.0
241.0,9762.0
242.0,9812.0
243.0,9848.0
244.0,9983.0
245.0,9975.0
246.0,10092.0
247.0,10214.0
248.0,10088.0
249.0,10012.0
250.0,10253.0
251.0,10136.0
252.0,10068.0
253.0,10262.0
254.0,10364.0
255.0,10194.0
256.0,10487.0
257.0,10488.0
258.0,10380.0
259.0,10290.0
260.0,10485.0
261.0,10419.0
262.0,10447.0
263.0,10554.0
264.0,10746.0
265.0,10658.0
266.0,10613.0
267.0,10765.0
268.0,10638.0
269.0,10658.0
270.0,10790.0
271.0,10805.0
272.0,10792.0
273.0,11009.0
274.0,10962.0
275.0,10751.0
276.0,10922.0
277.0,10913.0
278.0,10914.0
279.0,10894.0
280.0,11052.0
281.0,10937.0
282.0,11009.0
283.0,11014.0
284.0,10982.0
285.0,11037.0
286.0,10999.0
287.0,11199.0
288.0,11034.0
289.0,11209.0
290.0,11302.0
291.0,11199.0
292.0,11231.0
293.0,11374.0
294.0,11410.0
295.0,11195.0
296.0,11269.0
297.0,11528.0
298.0,11347.0
299.0,11334.0
300.0,11607.0
301.0,11378.0
302.0,11441.0
303.0,11496.0
304.0,11643.0
305.0,11551.0
306.0,11547.0
307.0,11734.0
308.0,11693.0
309.0,11506.0
310.0,11786.0
311.0,11516.0
312.0,11545.0
313.0,11704.0
314.0,11804.0
315.0,11742.0
316.0,11869.0
317.0,11836.0
318.0,11793.0
319.0,11815.0
320.0,12017.0
321.0,11939.0
322.0,11813.0
323.0,12152.0
324.0,12072.0
325.0,11914.0
326.0,11985.0
327.0,12239.0
328.0,12133.0
329.0,12173.0
330.0,12197.0
331.0,12121.0
332.0,12272.0
333.0,12215.0
334.0,12150.0
335.0,12175.0
336.0,12185.0
337.0,12405.0
338.0,12264.0
339.0,12304.0
340.0,12536.0
341.0,12306.0
342.0,12293.0
343.0,12559.0
344.0,12434.0
345.0,12331.0
346.0,12499.0
347.0,12513.0
348.0,12395.0
349.0,12605.0
350.0,12659.0
351.0,12389.0
352.0,12410.0
353.0,12690.0
354.0,12540.0
355.0,12619.0
356.0,12724.0
357.0,12740.0
358.0,12584.0
359.0,12631.0
360.0,12864.0
361.0,12644.0
362.0,12790.0
363.0,12811.0
364.0,12907.0
365.0,12851.0
366.0,12838.0
367.0,12901.0
368.0,12856.0
369.0,12929.0
370.0,12990.0
371.0,12880.0
372.0,12937.0
373.0,13036.0
374.0,13004.0
375.0,12875.0
376.0,13074.0
377.0,13010.0
378.0,12991.0
379.0,13183.0
380.0,13266.0
381.0,12933.0
382.0,13142.0
383.0,13146.0
384.0,13053.0
385.0,13083.0
386.0,13233.0
387.0,13238.0
388.0,13116.0
389.0,13425.0
390.0,13455.0
391.0,13143.0
392.0,13252.0
393.0,13368.0
394.0,13121.0
395.0,13427.0
396.0,13513.0
397.0,13293.0
398.0,13381.0
399.0,13457.0
400.0,13402.0
401.0,13112.0
402.0,13369.0
403.0,13476.0
404.0,13333.0
405.0,13395.0
406.0,13529.0
407.0,13542.0
408.0,13380.0
409.0,13551.0
410.0,13360.0
411.0,13413.0
412.0,13586.0
413.0,13762.0
414.0,13398.0
415.0,13759.0
416.0,13580.0
417.0,13582.0
418.0,13572.0
419.0,13878.0
420.0,13776.0
421.0,13631.0
422.0,13919.0
423.0,13863.0
424.0,13647.0
425.0,13839.0
426.0,13860.0
427.0,13807.0
428.0,13905.0
429.0,14071.0
430.0,13901.0
431.0,13812.0
432.0,14018.0
433.0,13958.0
434.0,13909.0
435.0,13939.0
436.0,14152.0
437.0,14063.0
438.0,14046.0
439.0,14202.0
440.0,13922.0
441.0,14002.0
442.0,14211.0
443.0,14080.0
444.0,14057.0
445.0,14246.0
446.0,14157.0
447.0,14071.0
448.0,14262.0
449.0,14170.0
450.0,14071.0
451.0,14280.0
452.0,14193.0
453.0,14182.0
454.0,14289.0
455.0,14277.0
456.0,14298.0
457.0,14221.0
458.0,14429.0
459.0,14139.0
460.0,14339.0
461.0,14288.0
462.0,14522.0
463.0,14375.0
464.0,14457.0
465.0,14476.0
466.0,14272.0
467.0,14348.0
468.0,14568.0
469.0,14481.0
470.0,14412.0
471.0,14592.0
472.0,14646.0
473.0,14358.0
474.0,14516.0
475.0,14534.0
476.0,14317.0
477.0,14557.0
478.0,14570.0
479.0,14494.0
480.0,14570.0
481.0,14515.0
482.0,14552.0
483.0,14428.0
484.0,14692.0
485.0,14746.0
486.0,14511.0
487.0,14717.0
488.0,14800.0
489.0,14567.0
490.0,14448.0
491.0,14838.0
492.0,14490.0
493.0,14753.0
494.0,14860.0
495.0,14731.0
496.0,14758.0
497.0,14882.0
498.0,14661.0
499.0,14659.0
500.0,14742.0
501.0,14749.0
502.0,14681.0
503.0,14910.0
504.0,14937.0
505.0,14782.0
506.0,14690.0
507.0,14818.0
508.0,14587.0
509.0,14748.0
510.0,14944.0
511.0,14887.0
512.0,14918.0
513.0,14993.0
514.0,14866.0
515.0,14877.0
516.0,14952.0
517.0,14981.0
518.0,14853.0
519.0,14993.0
520.0,15288.0
521.0,14952.0
522.0,14881.0
523.0,14881.0
524.0,14942.0
525.0,15018.0
526.0,15206.0
527.0,15145.0
528.0,15006.0
529.0,15047.0
530.0,15088.0
531.0,14932.0
532.0,15076.0
533.0,15325.0
534.0,14943.0
535.0,15094.0
536.0,15216.0
537.0,15056.0
538.0,14944.0
539.0,15211.0
540.0,15146.0
541.0,15186.0
542.0,15291.0
543.0,15364.0
544.0,15111.0
545.0,15204.0
546.0,15204.0
547.0,15194.0
548.0,15188.0
549.0,15385.0
550.0,15185.0
551.0,15170.0
552.0,15270.0
553.0,15254.0
554.0,15067.0
555.0,15347.0
556.0,15193.0
557.0,15097.0
558.0,15202.0
559.0,15356.0
560.0,15204.0
561.0,15286.0
562.0,15314.0
563.0,15213.0
564.0,15192.0
565.0,15277.0
566.0,15238.0
567.0,15295.0
568.0,15390.0
569.0,15272.0
570.0,15268.0
571.0,15378.0
572.0,15265.0
573.0,15143.0
574.0,15367.0
575.0,15455.0
576.0,15272.0
577.0,15310.0
578.0,15574.0
579.0,15303.0
580.0,15357.0
581.0,15577.0
582.0,15515.0
583.0,15347.0
584.0,15591.0
585.0,15495.0
586.0,15431.0
587.0,15402.0
588.0,15527.0
589.0,15444.0
590.0,15607.0
591.0,15761.0
592.0,15466.0
593.0,15513.0
594.0,15631.0
595.0,15347.0
596.0,15466.0
597.0,15528.0
598.0,15487.0
599.0,15553.0
600.0,15703.0
601.0,15574.0
602.0,15534.0
603.0,15701.0
604.0,15443.0
605.0,15499.0
606.0,15686.0
607.0,15713.0
608.0,15557.0
609.0,15599.0
610.0,15549.0
611.0,15484.0
612.0,15463.0
613.0,15763.0
614.0,15513.0
615.0,15574.0
616.0,15741.0
617.0,15627.0
618.0,15404.0
619.0,15483.0
620.0,15629.0
621.0,15382.0
622.0,15621.0
623.0,15705.0
624.0,15456.0
625.0,15380.0
626.0,15518.0
627.0,15434.0
628.0,15420.0
629.0,15540.0
630.0,15628.0
631.0,15552.0
632.0,15648.0
633.0,15601.0
634.0,15399.0
635.0,15410.0
636.0,15378.0
637.0,15423.0
638.0,15542.0
639.0,15608.0
640.0,15394.0
641.0,15470.0
642.0,15567.0
643.0,15454.0
644.0,15388.0
645.0,15490.0
646.0,15334.0
647.0,15458.0
648.0,15483.0
649.0,15485.0
650.0,15400.0
651.0,15450.0
652.0,15405.0
653.0,15363.0
654.0,15346.0
655.0,15516.0
656.0,15314.0
657.0,15449.0
658.0,15394.0
659.0,15284.0
660.0,15434.0
661.0,15442.0
662.0,15249.0
663.0,15394.0
664.0,15500.0
665.0,15389.0
666.0,15279.0
667.0,15484.0
668.0,15374.0
669.0,15357.0
670.0,15557.0
671.0,15410.0
672.0,15453.0
673.0,15548.0
674.0,15480.0
675.0,15359.0
676.0,15292.0
677.0,15553.0
678.0,15408.0
679.0,15766.0
680.0,15562.0
681.0,15411.0
682.0,15521.0
683.0,15303.0
684.0,15415.0
685.0,15381.0
686.0,15513.0
687.0,15425.0
688.0,15470.0
689.0,15408.0
690.0,15491.0
691.0,15247.0
692.0,15461.0
693.0,15476.0
694.0,15266.0
695.0,15399.0
696.0,15528.0
697.0,15188.0
698.0,15343.0
699.0,15304.0
700.0,15140.0
701.0,15381.0
702.0,15265.0
703.0,15313.0
704.0,15179.0
705.0,15115.0
706.0,15303.0
707.0,15038.0
708.0,15211.0
709.0,15185.0
710.0,15186.0
711.0,15230.0
712.0,15093.0
713.0,15200.0
714.0,15208.0
715.0,15076.0
716.0,15070.0
717.0,15151.0
718.0,15140.0
719.0,15090.0
720.0,15118.0
721.0,14924.0
722.0,15024.0
723.0,14962.0
724.0,15158.0
725.0,15025.0
726.0,15034.0
727.0,15169.0
728.0,14916.0
729.0,14977.0
730.0,15048.0
731.0,14974.0
732.0,14991.0
733.0,15209.0
734.0,15080.0
735.0,14993.0
736.0,15037.0
737.0,15067.0
738.0,14841.0
739.0,14939.0
740.0,15094.0
741.0,14898.0
742.0,15175.0
743.0,14872.0
744.0,15042.0
745.0,14903.0
746.0,14878.0
747.0,14795.0
748.0,14997.0
749.0,15028.0
750.0,14838.0
751.0,14890.0
752.0,14932.0
753.0,14783.0
754.0,14725.0
755.0,14836.0
756.0,14933.0
757.0,14770.0
758.0,14782.0
759.0,14849.0
760.0,14600.0
761.0,14796.0
762.0,14721.0
763.0,14533.0
764.0,14874.0
765.0,14727.0
766.0,14662.0
767.0,14723.0
768.0,14738.0
769.0,14576.0
770.0,14519.0
771.0,14548.0
772.0,14609.0
773.0,14622.0
774.0,14846.0
775.0,14492.0
776.0,14504.0
777.0,14686.0
778.0,14527.0
779.0,14353.0
780.0,14496.0
781.0,14641.0
782.0,14323.0
783.0,14567.0
784.0,14481.0
785.0,14291.0
786.0,14375.0
787.0,14426.0
788.0,14343.0
789.0,14448.0
790.0,14408.0
791.0,14232.0
792.0,14368.0
793.0,14261.0
794.0,14283.0
795.0,14181.0
796.0,14410.0
797.0,14186.0
798.0,14195.0
799.0,14178.0
800.0,14044.0
801.0,13945.0
802.0,14134.0
803.0,14176.0
804.0,14140.0
805.0,14277.0
806.0,14139.0
807.0,13982.0
808.0,13978.0
809.0,13950.0
810.0,13957.0
811.0,14158.0
812.0,13885.0
813.0,13852.0
814.0,13980.0
815.0,14000.0
816.0,13941.0
817.0,13924.0
818.0,13973.0
819.0,13832.0
820.0,14098.0
821.0,13979.0
822.0,13861.0
823.0,13787.0
824.0,13905.0
825.0,13837.0
826.0,13751.0
827.0,14013.0
828.0,13786.0
829.0,13811.0
830.0,13849.0
831.0,13598.0
832.0,13638.0
833.0,13782.0
834.0,13637.0
835.0,13693.0
836.0,13727.0
837.0,13570.0
838.0,13631.0
839.0,13605.0
840.0,13509.0
841.0,13620.0
842.0,13570.0
843.0,13556.0
844.0,13571.0
845.0,13440.0
846.0,13423.0
847.0,13316.0
848.0,13193.0
849.0,13458.0
850.0,13338.0
851.0,13296.0
852.0,13372.0
853.0,13255.0
854.0,13174.0
855.0,13216.0
856.0,13223.0
857.0,13131.0
858.0,13122.0
859.0,13223.0
860.0,13063.0
861.0,13112.0
862.0,12926.0
863.0,13073.0
864.0,13198.0
865.0,12867.0
866.0,13043.0
867.0,13001.0
868.0,12933.0
869.0,12862.0
870.0,12875.0
871.0,12704.0
872.0,12644.0
873.0,12952.0
874.0,12767.0
875.0,12852.0
876.0,12954.0
877.0,12645.0
878.0,12611.0
879.0,12696.0
880.0,12567.0
881.0,12611.0
882.0,12804.0
883.0,12563.0
884.0,12609.0
885.0,12507.0
886.0,12559.0
887.0,12473.0
888.0,12505.0
889.0,12545.0
890.0,12329.0
891.0,12441.0
892.0,12417.0
893.0,12277.0
894.0,12375.0
895.0,12284.0
896.0,12419.0
897.0,12463.0
898.0,12341.0
899.0,12278.0
900.0,12226.0
901.0,12401.0
902.0,12077.0
903.0,12145.0
904.0,12373.0
905.0,12191.0
906.0,12268.0
907.0,12217.0
908.0,12045.0
909.0,12141.0
910.0,12059.0
911.0,12084.0
912.0,12148.0
913.0,12088.0
914.0,12001.0
915.0,12084.0
916.0,11915.0
917.0,11953.0
918.0,11806.0
919.0,11940.0
920.0,12044.0
921.0,11949.0
922.0,11880.0
923.0,11815.0
924.0,11838.0
925.0,11746.0
926.0,11724.0
927.0,11659.0
928.0,11697.0
929.0,11803.0
930.0,11605.0
931.0,11624.0
932.0,11584.0
933.0,11396.0
934.0,11700.0
935.0,11544.0
936.0,11631.0
937.0,11527.0
938.0,11560.0
939.0,11383.0
940.0,11375.0
941.0,11483.0
942.0,11349.0
943.0,11378.0
944.0,11449.0
945.0,11250.0
946.0,11233.0
947.0,11289.0
948.0,11085.0
949.0,11198.0
950.0,11224.0
951.0,11106.0
952.0,11139.0
953.0,10929.0
954.0,11096.0
955.0,10919.0
956.0,10956.0
957.0,11031.0
958.0,10973.0
959.0,11092.0
960.0,10769.0
961.0,10810.0
962.0,10865.0
963.0,10713.0
964.0,10691.0
965.0,10777.0
966.0,10780.0
967.0,10757.0
968.0,10751.0
969.0,10693.0
970.0,10529.0
971.0,10732.0
972.0,10593.0
973.0,10652.0
974.0,10769.0
975.0,10613.0
976.0,10392.0
977.0,10652.0
978.0,10443.0
979.0,10468.0
980.0,10518.0
981.0,10422.0
982.0,10443.0
983.0,10397.0
984.0,10260.0
985.0,10308.0
986.0,10366.0
987.0,10376.0
988.0,10270.0
989.0,10460.0
990.0,10273.0
991.0,10151.0
992.0,10159.0
993.0,10131.0
994.0,10095.0
995.0,10158.0
996.0,10176.0
997.0,9932.0
998.0,10001.0
999.0,10000.0
1000.0,9853.0
1001.0,9930.0
1002.0,9873.0
1003.0,9838.0
1004.0,9968.0
1005.0,9858.0
1006.0,9808.0
1007.0,9843.0
1008.0,9732.0
1009.0,9714.0
1010.0,9728.0
1011.0,9792.0
1012.0,9677.0
1013.0,9730.0
1014.0,9647.0
1015.0,9419.0
1016.0,9676.0
1017.0,9580.0
1018.0,9446.0
1019.0,9504.0
1020.0,9425.0
1021.0,9408.0
1022.0,9430.0
1023.0,9363.0
