0.0,173.0
1.0,243.0
2.0,229.0
3.0,250.0
4.0,235.0
5.0,279.0
6.0,274.0
7.0,269.0
8.0,291.0
9.0,286.0
10.0,279.0
11.0,295.0
12.0,295.0
13.0,309.0
14.0,289.0
15.0,294.0
16.0,315.0
17.0,322.0
18.0,315.0
19.0,322.0
20.0,300.0
21.0,312.0
22.0,329.0
23.0,313.0
24.0,329.0
25.0,366.0
26.0,408.0
27.0,440.0
28.0,396.0
29.0,360.0
30.0,361.0
31.0,361.0
32.0,348.0
33.0,354.0
34.0,373.0
35.0,436.0
36.0,516.0
37.0,664.0
38.0,707.0
39.0,503.0
40.0,375.0
41.0,333.0
42.0,340.0
43.0,340.0
44.0,358.0
45.0,348.0
46.0,356.0
47.0,361.0
48.0,346.0
49.0,365.0
50.0,356.0
51.0,362.0
52.0,364.0
53.0,355.0
54.0,359.0
55.0,366.0
56.0,348.0
57.0,360.0
58.0,378.0
59.0,376.0
60.0,380.0
61.0,395.0
62.0,370.0
63.0,396.0
64.0,418.0
65.0,400.0
66.0,426.0
67.0,429.0
68.0,434.0
69.0,416.0
70.0,407.0
71.0,420.0
72.0,432.0
73.0,428.0
74.0,440.0
75.0,429.0
76.0,433.0
77.0,419.0
78.0,484.0
79.0,473.0
80.0,487.0
81.0,476.0
82.0,446.0
83.0,438.0
84.0,438.0
85.0,426.0
86.0,428.0
87.0,442.0
88.0,447.0
89.0,427.0
90.0,443.0
91.0,465.0
92.0,428.0
93.0,425.0
94.0,466.0
95.0,452.0
96.0,443.0
97.0,442.0
98.0,459.0
99.0,475.0
100.0,455.0
101.0,457.0
102.0,447.0
103.0,469.0
104.0,473.0
105.0,487.0
106.0,482.0
107.0,467.0
108.0,475.0
109.0,455.0
110.0,480.0
111.0,490.0
112.0,533.0
113.0,590.0
114.0,600.0
115.0,505.0
116.0,539.0
117.0,483.0
118.0,464.0
119.0,500.0
120.0,505.0
121.0,497.0
122.0,464.0
123.0,486.0
124.0,493.0
125.0,501.0
126.0,498.0
127.0,509.0
128.0,503.0
129.0,496.0
130.0,498.0
131.0,519.0
132.0,530.0
133.0,465.0
134.0,494.0
135.0,497.0
136.0,490.0
137.0,514.0
138.0,502.0
139.0,552.0
140.0,513.0
141.0,517.0
142.0,516.0
143.0,553.0
144.0,559.0
145.0,577.0
146.0,554.0
147.0,531.0
148.0,527.0
149.0,539.0
150.0,540.0
151.0,563.0
152.0,512.0
153.0,563.0
154.0,572.0
155.0,576.0
156.0,549.0
157.0,543.0
158.0,529.0
159.0,531.0
160.0,547.0
161.0,560.0
162.0,554.0
163.0,570.0
164.0,533.0
165.0,563.0
166.0,537.0
167.0,562.0
168.0,565.0
169.0,551.0
170.0,555.0
171.0,595.0
172.0,554.0
173.0,552.0
174.0,549.0
175.0,559.0
176.0,568.0
177.0,582.0
178.0,552.0
179.0,586.0
180.0,560.0
181.0,577.0
182.0,560.0
183.0,578.0
184.0,622.0
185.0,620.0
186.0,613.0
187.0,593.0
188.0,573.0
189.0,605.0
190.0,566.0
191.0,562.0
192.0,578.0
193.0,571.0
194.0,566.0
195.0,592.0
196.0,570.0
197.0,579.0
198.0,594.0
199.0,582.0
200.0,569.0
201.0,591.0
202.0,581.0
203.0,596.0
204.0,612.0
205.0,578.0
206.0,592.0
207.0,608.0
208.0,599.0
209.0,626.0
210.0,611.0
211.0,604.0
212.0,617.0
213.0,607.0
214.0,601.0
215.0,593.0
216.0,581.0
217.0,647.0
218.0,641.0
219.0,625.0
220.0,620.0
221.0,627.0
222.0,609.0
223.0,627.0
224.0,644.0
225.0,650.0
226.0,663.0
227.0,635.0
228.0,676.0
229.0,685.0
230.0,726.0
231.0,698.0
232.0,707.0
233.0,694.0
234.0,699.0
235.0,732.0
236.0,807.0
237.0,909.0
238.0,1200.0
239.0,1852.0
240.0,2805.0
241.0,2901.0
242.0,1800.0
243.0,912.0
244.0,707.0
245.0,716.0
246.0,684.0
247.0,660.0
248.0,643.0
249.0,671.0
250.0,673.0
251.0,672.0
252.0,704.0
253.0,729.0
254.0,704.0
255.0,684.0
256.0,677.0
257.0,691.0
258.0,651.0
259.0,660.0
260.0,658.0
261.0,688.0
262.0,667.0
263.0,707.0
264.0,655.0
265.0,637.0
266.0,666.0
267.0,690.0
268.0,675.0
269.0,679.0
270.0,680.0
271.0,724.0
272.0,740.0
273.0,738.0
274.0,705.0
275.0,705.0
276.0,709.0
277.0,690.0
278.0,663.0
279.0,693.0
280.0,756.0
281.0,785.0
282.0,824.0
283.0,772.0
284.0,698.0
285.0,715.0
286.0,692.0
287.0,664.0
288.0,698.0
289.0,688.0
290.0,720.0
291.0,723.0
292.0,672.0
293.0,702.0
294.0,679.0
295.0,709.0
296.0,712.0
297.0,704.0
298.0,707.0
299.0,709.0
300.0,727.0
301.0,719.0
302.0,694.0
303.0,732.0
304.0,715.0
305.0,732.0
306.0,731.0
307.0,792.0
308.0,857.0
309.0,955.0
310.0,914.0
311.0,752.0
312.0,744.0
313.0,761.0
314.0,715.0
315.0,728.0
316.0,704.0
317.0,729.0
318.0,736.0
319.0,720.0
320.0,724.0
321.0,715.0
322.0,729.0
323.0,752.0
324.0,792.0
325.0,793.0
326.0,749.0
327.0,731.0
328.0,764.0
329.0,756.0
330.0,783.0
331.0,780.0
332.0,745.0
333.0,717.0
334.0,739.0
335.0,736.0
336.0,763.0
337.0,781.0
338.0,791.0
339.0,810.0
340.0,783.0
341.0,749.0
342.0,741.0
343.0,752.0
344.0,757.0
345.0,719.0
346.0,768.0
347.0,728.0
348.0,753.0
349.0,742.0
350.0,762.0
351.0,764.0
352.0,760.0
353.0,755.0
354.0,788.0
355.0,753.0
356.0,747.0
357.0,753.0
358.0,762.0
359.0,756.0
360.0,748.0
361.0,764.0
362.0,744.0
363.0,752.0
364.0,784.0
365.0,749.0
366.0,781.0
367.0,753.0
368.0,765.0
369.0,762.0
370.0,762.0
371.0,751.0
372.0,741.0
373.0,767.0
374.0,788.0
375.0,750.0
376.0,799.0
377.0,754.0
378.0,778.0
379.0,784.0
380.0,761.0
381.0,771.0
382.0,818.0
383.0,786.0
384.0,780.0
385.0,773.0
386.0,769.0
387.0,787.0
388.0,786.0
389.0,770.0
390.0,744.0
391.0,779.0
392.0,783.0
393.0,781.0
394.0,787.0
395.0,781.0
396.0,789.0
397.0,787.0
398.0,795.0
399.0,788.0
400.0,782.0
401.0,813.0
402.0,795.0
403.0,792.0
404.0,784.0
405.0,811.0
406.0,798.0
407.0,838.0
408.0,876.0
409.0,865.0
410.0,807.0
411.0,813.0
412.0,811.0
413.0,829.0
414.0,833.0
415.0,803.0
416.0,814.0
417.0,794.0
418.0,793.0
419.0,824.0
420.0,857.0
421.0,915.0
422.0,878.0
423.0,860.0
424.0,798.0
425.0,808.0
426.0,810.0
427.0,786.0
428.0,797.0
429.0,812.0
430.0,802.0
431.0,840.0
432.0,809.0
433.0,803.0
434.0,806.0
435.0,801.0
436.0,834.0
437.0,806.0
438.0,798.0
439.0,845.0
440.0,821.0
441.0,810.0
442.0,865.0
443.0,845.0
444.0,901.0
445.0,870.0
446.0,917.0
447.0,968.0
448.0,1013.0
449.0,1147.0
450.0,1637.0
451.0,2894.0
452.0,5585.0
453.0,8135.0
454.0,6404.0
455.0,2425.0
456.0,1109.0
457.0,906.0
458.0,884.0
459.0,853.0
460.0,845.0
461.0,840.0
462.0,825.0
463.0,833.0
464.0,819.0
465.0,830.0
466.0,820.0
467.0,823.0
468.0,796.0
469.0,837.0
470.0,811.0
471.0,794.0
472.0,833.0
473.0,809.0
474.0,789.0
475.0,807.0
476.0,777.0
477.0,809.0
478.0,828.0
479.0,810.0
480.0,806.0
481.0,814.0
482.0,806.0
483.0,823.0
484.0,816.0
485.0,827.0
486.0,838.0
487.0,833.0
488.0,790.0
489.0,817.0
490.0,822.0
491.0,813.0
492.0,802.0
493.0,840.0
494.0,818.0
495.0,831.0
496.0,846.0
497.0,822.0
498.0,832.0
499.0,817.0
500.0,795.0
501.0,848.0
502.0,809.0
503.0,839.0
504.0,813.0
505.0,812.0
506.0,812.0
507.0,821.0
508.0,815.0
509.0,826.0
510.0,822.0
511.0,831.0
512.0,823.0
513.0,834.0
514.0,904.0
515.0,1044.0
516.0,1254.0
517.0,1304.0
518.0,1132.0
519.0,874.0
520.0,795.0
521.0,817.0
522.0,833.0
523.0,774.0
524.0,806.0
525.0,801.0
526.0,826.0
527.0,827.0
528.0,823.0
529.0,795.0
530.0,805.0
531.0,788.0
532.0,793.0
533.0,802.0
534.0,798.0
535.0,810.0
536.0,796.0
537.0,825.0
538.0,796.0
539.0,803.0
540.0,776.0
541.0,828.0
542.0,801.0
543.0,822.0
544.0,802.0
545.0,807.0
546.0,794.0
547.0,800.0
548.0,792.0
549.0,792.0
550.0,809.0
551.0,740.0
552.0,784.0
553.0,822.0
554.0,782.0
555.0,790.0
556.0,800.0
557.0,810.0
558.0,785.0
559.0,797.0
560.0,814.0
561.0,797.0
562.0,813.0
563.0,806.0
564.0,785.0
565.0,791.0
566.0,776.0
567.0,819.0
568.0,828.0
569.0,783.0
570.0,789.0
571.0,783.0
572.0,782.0
573.0,797.0
574.0,753.0
575.0,779.0
576.0,797.0
577.0,778.0
578.0,815.0
579.0,797.0
580.0,804.0
581.0,744.0
582.0,771.0
583.0,772.0
584.0,808.0
585.0,794.0
586.0,777.0
587.0,783.0
588.0,786.0
589.0,781.0
590.0,775.0
591.0,805.0
592.0,776.0
593.0,771.0
594.0,775.0
595.0,787.0
596.0,770.0
597.0,770.0
598.0,792.0
599.0,775.0
600.0,748.0
601.0,813.0
602.0,774.0
603.0,774.0
604.0,829.0
605.0,833.0
606.0,875.0
607.0,924.0
608.0,990.0
609.0,1261.0
610.0,2079.0
611.0,3923.0
612.0,5722.0
613.0,4438.0
614.0,1871.0
615.0,940.0
616.0,836.0
617.0,802.0
618.0,756.0
619.0,790.0
620.0,766.0
621.0,789.0
622.0,749.0
623.0,731.0
624.0,766.0
625.0,757.0
626.0,785.0
627.0,774.0
628.0,768.0
629.0,754.0
630.0,779.0
631.0,768.0
632.0,728.0
633.0,736.0
634.0,716.0
635.0,744.0
636.0,749.0
637.0,709.0
638.0,763.0
639.0,699.0
640.0,723.0
641.0,750.0
642.0,711.0
643.0,748.0
644.0,724.0
645.0,726.0
646.0,723.0
647.0,755.0
648.0,720.0
649.0,756.0
650.0,719.0
651.0,716.0
652.0,751.0
653.0,703.0
654.0,742.0
655.0,737.0
656.0,738.0
657.0,710.0
658.0,697.0
659.0,720.0
660.0,735.0
661.0,707.0
662.0,708.0
663.0,724.0
664.0,721.0
665.0,715.0
666.0,730.0
667.0,744.0
668.0,789.0
669.0,749.0
670.0,738.0
671.0,730.0
672.0,741.0
673.0,739.0
674.0,745.0
675.0,722.0
676.0,800.0
677.0,934.0
678.0,1360.0
679.0,2024.0
680.0,2167.0
681.0,1357.0
682.0,852.0
683.0,711.0
684.0,670.0
685.0,717.0
686.0,700.0
687.0,698.0
688.0,706.0
689.0,681.0
690.0,674.0
691.0,695.0
692.0,692.0
693.0,653.0
694.0,689.0
695.0,676.0
696.0,673.0
697.0,649.0
698.0,638.0
699.0,699.0
700.0,685.0
701.0,662.0
702.0,702.0
703.0,654.0
704.0,681.0
705.0,659.0
706.0,679.0
707.0,678.0
708.0,649.0
709.0,661.0
710.0,675.0
711.0,659.0
712.0,664.0
713.0,626.0
714.0,653.0
715.0,643.0
716.0,650.0
717.0,663.0
718.0,656.0
719.0,635.0
720.0,648.0
721.0,620.0
722.0,641.0
723.0,626.0
724.0,652.0
725.0,619.0
726.0,643.0
727.0,626.0
728.0,643.0
729.0,634.0
730.0,642.0
731.0,636.0
732.0,635.0
733.0,627.0
734.0,644.0
735.0,635.0
736.0,619.0
737.0,659.0
738.0,691.0
739.0,648.0
740.0,618.0
741.0,596.0
742.0,620.0
743.0,598.0
744.0,595.0
745.0,595.0
746.0,616.0
747.0,615.0
748.0,600.0
749.0,580.0
750.0,617.0
751.0,604.0
752.0,595.0
753.0,606.0
754.0,595.0
755.0,570.0
756.0,602.0
757.0,579.0
758.0,578.0
759.0,574.0
760.0,580.0
761.0,579.0
762.0,584.0
763.0,568.0
764.0,580.0
765.0,563.0
766.0,555.0
767.0,575.0
768.0,550.0
769.0,578.0
770.0,579.0
771.0,549.0
772.0,562.0
773.0,568.0
774.0,534.0
775.0,586.0
776.0,546.0
777.0,547.0
778.0,564.0
779.0,574.0
780.0,566.0
781.0,544.0
782.0,534.0
783.0,566.0
784.0,557.0
785.0,547.0
786.0,546.0
787.0,535.0
788.0,565.0
789.0,544.0
790.0,552.0
791.0,529.0
792.0,534.0
793.0,511.0
794.0,503.0
795.0,535.0
796.0,519.0
797.0,541.0
798.0,510.0
799.0,531.0
800.0,530.0
801.0,507.0
802.0,520.0
803.0,486.0
804.0,506.0
805.0,520.0
806.0,501.0
807.0,493.0
808.0,493.0
809.0,506.0
810.0,506.0
811.0,505.0
812.0,490.0
813.0,500.0
814.0,487.0
815.0,490.0
816.0,510.0
817.0,512.0
818.0,491.0
819.0,510.0
820.0,456.0
821.0,485.0
822.0,500.0
823.0,478.0
824.0,529.0
825.0,525.0
826.0,489.0
827.0,482.0
828.0,484.0
829.0,482.0
830.0,463.0
831.0,458.0
832.0,465.0
833.0,470.0
834.0,471.0
835.0,476.0
836.0,466.0
837.0,477.0
838.0,460.0
839.0,478.0
840.0,454.0
841.0,452.0
842.0,466.0
843.0,471.0
844.0,459.0
845.0,474.0
846.0,463.0
847.0,462.0
848.0,433.0
849.0,422.0
850.0,457.0
851.0,471.0
852.0,445.0
853.0,443.0
854.0,440.0
855.0,451.0
856.0,460.0
857.0,447.0
858.0,436.0
859.0,438.0
860.0,460.0
861.0,463.0
862.0,432.0
863.0,452.0
864.0,443.0
865.0,454.0
866.0,412.0
867.0,408.0
868.0,441.0
869.0,426.0
870.0,443.0
871.0,446.0
872.0,418.0
873.0,437.0
874.0,424.0
875.0,421.0
876.0,407.0
877.0,448.0
878.0,413.0
879.0,428.0
880.0,433.0
881.0,457.0
882.0,476.0
883.0,538.0
884.0,539.0
885.0,463.0
886.0,427.0
887.0,420.0
888.0,445.0
889.0,410.0
890.0,390.0
891.0,417.0
892.0,393.0
893.0,392.0
894.0,382.0
895.0,428.0
896.0,378.0
897.0,416.0
898.0,402.0
899.0,398.0
900.0,407.0
901.0,395.0
902.0,374.0
903.0,379.0
904.0,376.0
905.0,393.0
906.0,375.0
907.0,381.0
908.0,379.0
909.0,377.0
910.0,390.0
911.0,373.0
912.0,381.0
913.0,376.0
914.0,363.0
915.0,380.0
916.0,388.0
917.0,379.0
918.0,401.0
919.0,379.0
920.0,349.0
921.0,366.0
922.0,384.0
923.0,367.0
924.0,359.0
925.0,356.0
926.0,358.0
927.0,370.0
928.0,355.0
929.0,337.0
930.0,360.0
931.0,349.0
932.0,366.0
933.0,353.0
934.0,373.0
935.0,356.0
936.0,352.0
937.0,378.0
938.0,343.0
939.0,356.0
940.0,374.0
941.0,343.0
942.0,351.0
943.0,353.0
944.0,332.0
945.0,327.0
946.0,339.0
947.0,353.0
948.0,330.0
949.0,333.0
950.0,335.0
951.0,320.0
952.0,350.0
953.0,351.0
954.0,356.0
955.0,330.0
956.0,349.0
957.0,339.0
958.0,336.0
959.0,325.0
960.0,327.0
961.0,342.0
962.0,356.0
963.0,322.0
964.0,348.0
965.0,338.0
966.0,325.0
967.0,322.0
968.0,342.0
969.0,320.0
970.0,301.0
971.0,324.0
972.0,328.0
973.0,331.0
974.0,326.0
975.0,331.0
976.0,328.0
977.0,332.0
978.0,311.0
979.0,326.0
980.0,306.0
981.0,319.0
982.0,336.0
983.0,310.0
984.0,311.0
985.0,343.0
986.0,292.0
987.0,333.0
988.0,319.0
989.0,320.0
990.0,334.0
991.0,314.0
992.0,334.0
993.0,324.0
994.0,321.0
995.0,327.0
996.0,308.0
997.0,304.0
998.0,312.0
999.0,304.0
1000.0,323.0
1001.0,310.0
1002.0,329.0
1003.0,308.0
1004.0,309.0
1005.0,318.0
1006.0,302.0
1007.0,304.0
1008.0,312.0
1009.0,305.0
1010.0,288.0
1011.0,285.0
1012.0,296.0
1013.0,311.0
1014.0,307.0
1015.0,287.0
1016.0,307.0
1017.0,333.0
1018.0,289.0
1019.0,277.0
1020.0,283.0
1021.0,306.0
1022.0,290.0
1023.0,291.0
