0.0,124.0
1.0,173.0
2.0,219.0
3.0,243.0
4.0,240.0
5.0,263.0
6.0,258.0
7.0,252.0
8.0,269.0
9.0,281.0
10.0,306.0
11.0,280.0
12.0,279.0
13.0,281.0
14.0,290.0
15.0,276.0
16.0,282.0
17.0,302.0
18.0,283.0
19.0,273.0
20.0,307.0
21.0,291.0
22.0,308.0
23.0,302.0
24.0,303.0
25.0,299.0
26.0,293.0
27.0,289.0
28.0,295.0
29.0,310.0
30.0,292.0
31.0,297.0
32.0,298.0
33.0,324.0
34.0,310.0
35.0,295.0
36.0,283.0
37.0,326.0
38.0,302.0
39.0,317.0
40.0,309.0
41.0,307.0
42.0,331.0
43.0,333.0
44.0,348.0
45.0,333.0
46.0,331.0
47.0,347.0
48.0,317.0
49.0,339.0
50.0,338.0
51.0,328.0
52.0,368.0
53.0,336.0
54.0,340.0
55.0,337.0
56.0,338.0
57.0,355.0
58.0,360.0
59.0,363.0
60.0,365.0
61.0,365.0
62.0,392.0
63.0,382.0
64.0,372.0
65.0,375.0
66.0,384.0
67.0,392.0
68.0,402.0
69.0,367.0
70.0,389.0
71.0,391.0
72.0,369.0
73.0,412.0
74.0,403.0
75.0,409.0
76.0,375.0
77.0,422.0
78.0,420.0
79.0,434.0
80.0,416.0
81.0,428.0
82.0,410.0
83.0,404.0
84.0,426.0
85.0,406.0
86.0,427.0
87.0,398.0
88.0,441.0
89.0,404.0
90.0,417.0
91.0,410.0
92.0,424.0
93.0,418.0
94.0,421.0
95.0,419.0
96.0,438.0
97.0,438.0
98.0,424.0
99.0,413.0
100.0,420.0
101.0,427.0
102.0,436.0
103.0,438.0
104.0,437.0
105.0,451.0
106.0,459.0
107.0,461.0
108.0,442.0
109.0,479.0
110.0,447.0
111.0,469.0
112.0,458.0
113.0,460.0
114.0,457.0
115.0,473.0
116.0,442.0
117.0,468.0
118.0,467.0
119.0,468.0
120.0,464.0
121.0,470.0
122.0,484.0
123.0,493.0
124.0,465.0
125.0,479.0
126.0,496.0
127.0,476.0
128.0,470.0
129.0,468.0
130.0,475.0
131.0,492.0
132.0,468.0
133.0,518.0
134.0,502.0
135.0,508.0
136.0,500.0
137.0,503.0
138.0,487.0
139.0,487.0
140.0,511.0
141.0,492.0
142.0,530.0
143.0,570.0
144.0,646.0
145.0,779.0
146.0,749.0
147.0,622.0
148.0,557.0
149.0,529.0
150.0,508.0
151.0,490.0
152.0,526.0
153.0,538.0
154.0,521.0
155.0,530.0
156.0,508.0
157.0,538.0
158.0,506.0
159.0,537.0
160.0,540.0
161.0,551.0
162.0,531.0
163.0,560.0
164.0,524.0
165.0,557.0
166.0,555.0
167.0,550.0
168.0,535.0
169.0,545.0
170.0,555.0
171.0,546.0
172.0,550.0
173.0,548.0
174.0,546.0
175.0,561.0
176.0,576.0
177.0,569.0
178.0,555.0
179.0,575.0
180.0,556.0
181.0,563.0
182.0,569.0
183.0,562.0
184.0,578.0
185.0,580.0
186.0,550.0
187.0,593.0
188.0,595.0
189.0,576.0
190.0,572.0
191.0,573.0
192.0,586.0
193.0,590.0
194.0,591.0
195.0,582.0
196.0,602.0
197.0,591.0
198.0,586.0
199.0,604.0
200.0,604.0
201.0,598.0
202.0,598.0
203.0,589.0
204.0,632.0
205.0,619.0
206.0,625.0
207.0,631.0
208.0,647.0
209.0,609.0
210.0,615.0
211.0,611.0
212.0,619.0
213.0,632.0
214.0,625.0
215.0,627.0
216.0,592.0
217.0,599.0
218.0,627.0
219.0,627.0
220.0,616.0
221.0,635.0
222.0,633.0
223.0,653.0
224.0,630.0
225.0,629.0
226.0,624.0
227.0,641.0
228.0,648.0
229.0,625.0
230.0,654.0
231.0,630.0
232.0,648.0
233.0,653.0
234.0,648.0
235.0,673.0
236.0,642.0
237.0,649.0
238.0,649.0
239.0,645.0
240.0,658.0
241.0,656.0
242.0,648.0
243.0,689.0
244.0,657.0
245.0,652.0
246.0,642.0
247.0,677.0
248.0,679.0
249.0,662.0
250.0,666.0
251.0,702.0
252.0,688.0
253.0,702.0
254.0,767.0
255.0,915.0
256.0,1066.0
257.0,1022.0
258.0,821.0
259.0,736.0
260.0,709.0
261.0,660.0
262.0,704.0
263.0,679.0
264.0,700.0
265.0,687.0
266.0,708.0
267.0,700.0
268.0,710.0
269.0,710.0
270.0,690.0
271.0,700.0
272.0,701.0
273.0,699.0
274.0,692.0
275.0,681.0
276.0,701.0
277.0,722.0
278.0,705.0
279.0,723.0
280.0,680.0
281.0,695.0
282.0,688.0
283.0,696.0
284.0,682.0
285.0,716.0
286.0,702.0
287.0,709.0
288.0,707.0
289.0,727.0
290.0,729.0
291.0,734.0
292.0,733.0
293.0,714.0
294.0,736.0
295.0,729.0
296.0,731.0
297.0,791.0
298.0,832.0
299.0,908.0
300.0,864.0
301.0,784.0
302.0,761.0
303.0,755.0
304.0,730.0
305.0,755.0
306.0,745.0
307.0,718.0
308.0,739.0
309.0,732.0
310.0,747.0
311.0,731.0
312.0,756.0
313.0,752.0
314.0,744.0
315.0,743.0
316.0,762.0
317.0,734.0
318.0,758.0
319.0,757.0
320.0,750.0
321.0,742.0
322.0,768.0
323.0,762.0
324.0,795.0
325.0,764.0
326.0,753.0
327.0,765.0
328.0,763.0
329.0,764.0
330.0,767.0
331.0,760.0
332.0,784.0
333.0,763.0
334.0,768.0
335.0,749.0
336.0,774.0
337.0,806.0
338.0,780.0
339.0,752.0
340.0,750.0
341.0,782.0
342.0,779.0
343.0,754.0
344.0,807.0
345.0,778.0
346.0,756.0
347.0,792.0
348.0,783.0
349.0,790.0
350.0,814.0
351.0,775.0
352.0,783.0
353.0,774.0
354.0,804.0
355.0,815.0
356.0,807.0
357.0,811.0
358.0,820.0
359.0,797.0
360.0,781.0
361.0,802.0
362.0,790.0
363.0,794.0
364.0,779.0
365.0,811.0
366.0,810.0
367.0,785.0
368.0,801.0
369.0,828.0
370.0,809.0
371.0,821.0
372.0,794.0
373.0,815.0
374.0,841.0
375.0,828.0
376.0,841.0
377.0,785.0
378.0,810.0
379.0,827.0
380.0,804.0
381.0,798.0
382.0,815.0
383.0,803.0
384.0,825.0
385.0,834.0
386.0,814.0
387.0,806.0
388.0,821.0
389.0,798.0
390.0,807.0
391.0,823.0
392.0,793.0
393.0,851.0
394.0,841.0
395.0,862.0
396.0,818.0
397.0,829.0
398.0,827.0
399.0,801.0
400.0,827.0
401.0,831.0
402.0,840.0
403.0,835.0
404.0,849.0
405.0,829.0
406.0,840.0
407.0,833.0
408.0,838.0
409.0,849.0
410.0,829.0
411.0,837.0
412.0,846.0
413.0,847.0
414.0,845.0
415.0,840.0
416.0,840.0
417.0,826.0
418.0,841.0
419.0,824.0
420.0,847.0
421.0,845.0
422.0,880.0
423.0,817.0
424.0,844.0
425.0,875.0
426.0,824.0
427.0,859.0
428.0,824.0
429.0,868.0
430.0,836.0
431.0,907.0
432.0,845.0
433.0,871.0
434.0,848.0
435.0,839.0
436.0,862.0
437.0,816.0
438.0,847.0
439.0,872.0
440.0,883.0
441.0,863.0
442.0,840.0
443.0,870.0
444.0,839.0
445.0,875.0
446.0,821.0
447.0,831.0
448.0,827.0
449.0,876.0
450.0,822.0
451.0,867.0
452.0,851.0
453.0,842.0
454.0,848.0
455.0,851.0
456.0,844.0
457.0,869.0
458.0,832.0
459.0,868.0
460.0,870.0
461.0,866.0
462.0,848.0
463.0,845.0
464.0,855.0
465.0,854.0
466.0,827.0
467.0,845.0
468.0,836.0
469.0,881.0
470.0,843.0
471.0,841.0
472.0,842.0
473.0,841.0
474.0,859.0
475.0,856.0
476.0,833.0
477.0,890.0
478.0,853.0
479.0,854.0
480.0,881.0
481.0,826.0
482.0,860.0
483.0,857.0
484.0,885.0
485.0,874.0
486.0,908.0
487.0,839.0
488.0,881.0
489.0,873.0
490.0,802.0
491.0,886.0
492.0,822.0
493.0,852.0
494.0,849.0
495.0,857.0
496.0,857.0
497.0,835.0
498.0,836.0
499.0,878.0
500.0,870.0
501.0,831.0
502.0,867.0
503.0,866.0
504.0,846.0
505.0,865.0
506.0,849.0
507.0,849.0
508.0,828.0
509.0,836.0
510.0,876.0
511.0,855.0
512.0,875.0
513.0,830.0
514.0,858.0
515.0,858.0
516.0,847.0
517.0,839.0
518.0,849.0
519.0,827.0
520.0,840.0
521.0,859.0
522.0,855.0
523.0,862.0
524.0,838.0
525.0,831.0
526.0,848.0
527.0,851.0
528.0,848.0
529.0,828.0
530.0,799.0
531.0,855.0
532.0,832.0
533.0,827.0
534.0,841.0
535.0,865.0
536.0,875.0
537.0,842.0
538.0,846.0
539.0,870.0
540.0,852.0
541.0,863.0
542.0,854.0
543.0,806.0
544.0,843.0
545.0,838.0
546.0,835.0
547.0,823.0
548.0,821.0
549.0,833.0
550.0,839.0
551.0,851.0
552.0,832.0
553.0,838.0
554.0,848.0
555.0,839.0
556.0,869.0
557.0,933.0
558.0,869.0
559.0,888.0
560.0,887.0
561.0,854.0
562.0,809.0
563.0,842.0
564.0,858.0
565.0,839.0
566.0,849.0
567.0,798.0
568.0,811.0
569.0,821.0
570.0,822.0
571.0,817.0
572.0,854.0
573.0,807.0
574.0,837.0
575.0,810.0
576.0,809.0
577.0,798.0
578.0,808.0
579.0,833.0
580.0,830.0
581.0,803.0
582.0,812.0
583.0,824.0
584.0,826.0
585.0,814.0
586.0,824.0
587.0,809.0
588.0,836.0
589.0,808.0
590.0,801.0
591.0,814.0
592.0,822.0
593.0,826.0
594.0,794.0
595.0,841.0
596.0,828.0
597.0,804.0
598.0,817.0
599.0,842.0
600.0,863.0
601.0,873.0
602.0,952.0
603.0,1060.0
604.0,1566.0
605.0,3431.0
606.0,6863.0
607.0,7544.0
608.0,3913.0
609.0,1256.0
610.0,938.0
611.0,860.0
612.0,827.0
613.0,810.0
614.0,787.0
615.0,800.0
616.0,802.0
617.0,769.0
618.0,764.0
619.0,764.0
620.0,784.0
621.0,749.0
622.0,771.0
623.0,747.0
624.0,735.0
625.0,773.0
626.0,750.0
627.0,753.0
628.0,797.0
629.0,728.0
630.0,753.0
631.0,739.0
632.0,732.0
633.0,749.0
634.0,740.0
635.0,744.0
636.0,738.0
637.0,730.0
638.0,766.0
639.0,726.0
640.0,741.0
641.0,740.0
642.0,742.0
643.0,760.0
644.0,735.0
645.0,713.0
646.0,748.0
647.0,743.0
648.0,743.0
649.0,739.0
650.0,722.0
651.0,735.0
652.0,733.0
653.0,720.0
654.0,707.0
655.0,710.0
656.0,718.0
657.0,709.0
658.0,686.0
659.0,721.0
660.0,714.0
661.0,733.0
662.0,708.0
663.0,722.0
664.0,691.0
665.0,721.0
666.0,698.0
667.0,694.0
668.0,719.0
669.0,715.0
670.0,720.0
671.0,705.0
672.0,721.0
673.0,682.0
674.0,670.0
675.0,668.0
676.0,671.0
677.0,689.0
678.0,673.0
679.0,701.0
680.0,692.0
681.0,667.0
682.0,678.0
683.0,681.0
684.0,688.0
685.0,664.0
686.0,666.0
687.0,655.0
688.0,680.0
689.0,702.0
690.0,649.0
691.0,643.0
692.0,655.0
693.0,679.0
694.0,659.0
695.0,660.0
696.0,650.0
697.0,624.0
698.0,645.0
699.0,634.0
700.0,640.0
701.0,661.0
702.0,640.0
703.0,631.0
704.0,665.0
705.0,663.0
706.0,658.0
707.0,663.0
708.0,612.0
709.0,640.0
710.0,632.0
711.0,637.0
712.0,625.0
713.0,641.0
714.0,636.0
715.0,604.0
716.0,608.0
717.0,616.0
718.0,633.0
719.0,625.0
720.0,596.0
721.0,626.0
722.0,586.0
723.0,623.0
724.0,601.0
725.0,617.0
726.0,621.0
727.0,591.0
728.0,596.0
729.0,614.0
730.0,576.0
731.0,609.0
732.0,576.0
733.0,582.0
734.0,606.0
735.0,568.0
736.0,597.0
737.0,592.0
738.0,588.0
739.0,570.0
740.0,577.0
741.0,610.0
742.0,607.0
743.0,587.0
744.0,601.0
745.0,578.0
746.0,570.0
747.0,559.0
748.0,579.0
749.0,562.0
750.0,565.0
751.0,572.0
752.0,574.0
753.0,553.0
754.0,596.0
755.0,532.0
756.0,536.0
757.0,535.0
758.0,563.0
759.0,527.0
760.0,560.0
761.0,544.0
762.0,518.0
763.0,583.0
764.0,531.0
765.0,569.0
766.0,517.0
767.0,530.0
768.0,554.0
769.0,528.0
770.0,532.0
771.0,508.0
772.0,529.0
773.0,554.0
774.0,509.0
775.0,510.0
776.0,512.0
777.0,528.0
778.0,512.0
779.0,519.0
780.0,537.0
781.0,512.0
782.0,515.0
783.0,506.0
784.0,511.0
785.0,483.0
786.0,511.0
787.0,520.0
788.0,495.0
789.0,507.0
790.0,474.0
791.0,491.0
792.0,522.0
793.0,480.0
794.0,503.0
795.0,516.0
796.0,474.0
797.0,475.0
798.0,451.0
799.0,486.0
800.0,506.0
801.0,500.0
802.0,471.0
803.0,460.0
804.0,485.0
805.0,497.0
806.0,487.0
807.0,474.0
808.0,473.0
809.0,467.0
810.0,460.0
811.0,442.0
812.0,438.0
813.0,465.0
814.0,447.0
815.0,463.0
816.0,446.0
817.0,450.0
818.0,457.0
819.0,445.0
820.0,449.0
821.0,462.0
822.0,436.0
823.0,453.0
824.0,447.0
825.0,456.0
826.0,433.0
827.0,461.0
828.0,438.0
829.0,431.0
830.0,431.0
831.0,421.0
832.0,436.0
833.0,455.0
834.0,425.0
835.0,410.0
836.0,406.0
837.0,430.0
838.0,434.0
839.0,424.0
840.0,434.0
841.0,393.0
842.0,423.0
843.0,413.0
844.0,423.0
845.0,428.0
846.0,409.0
847.0,432.0
848.0,430.0
849.0,411.0
850.0,425.0
851.0,414.0
852.0,378.0
853.0,395.0
854.0,405.0
855.0,409.0
856.0,404.0
857.0,407.0
858.0,409.0
859.0,370.0
860.0,403.0
861.0,384.0
862.0,394.0
863.0,411.0
864.0,408.0
865.0,402.0
866.0,405.0
867.0,398.0
868.0,391.0
869.0,370.0
870.0,396.0
871.0,389.0
872.0,380.0
873.0,380.0
874.0,389.0
875.0,382.0
876.0,362.0
877.0,373.0
878.0,382.0
879.0,383.0
880.0,372.0
881.0,366.0
882.0,386.0
883.0,373.0
884.0,373.0
885.0,372.0
886.0,400.0
887.0,351.0
888.0,362.0
889.0,368.0
890.0,346.0
891.0,363.0
892.0,368.0
893.0,342.0
894.0,366.0
895.0,361.0
896.0,354.0
897.0,360.0
898.0,357.0
899.0,367.0
900.0,344.0
901.0,352.0
902.0,365.0
903.0,362.0
904.0,352.0
905.0,367.0
906.0,375.0
907.0,355.0
908.0,364.0
909.0,338.0
910.0,375.0
911.0,352.0
912.0,355.0
913.0,368.0
914.0,362.0
915.0,353.0
916.0,349.0
917.0,355.0
918.0,348.0
919.0,340.0
920.0,343.0
921.0,337.0
922.0,341.0
923.0,348.0
924.0,336.0
925.0,366.0
926.0,360.0
927.0,327.0
928.0,348.0
929.0,339.0
930.0,350.0
931.0,354.0
932.0,341.0
933.0,330.0
934.0,339.0
935.0,337.0
936.0,331.0
937.0,343.0
938.0,335.0
939.0,316.0
940.0,335.0
941.0,352.0
942.0,324.0
943.0,347.0
944.0,329.0
945.0,320.0
946.0,334.0
947.0,371.0
948.0,335.0
949.0,330.0
950.0,334.0
951.0,322.0
952.0,335.0
953.0,335.0
954.0,320.0
955.0,322.0
956.0,321.0
957.0,328.0
958.0,322.0
959.0,315.0
960.0,327.0
961.0,299.0
962.0,326.0
963.0,310.0
964.0,317.0
965.0,305.0
966.0,296.0
967.0,314.0
968.0,324.0
969.0,293.0
970.0,309.0
971.0,314.0
972.0,307.0
973.0,295.0
974.0,296.0
975.0,308.0
976.0,313.0
977.0,321.0
978.0,317.0
979.0,300.0
980.0,303.0
981.0,314.0
982.0,300.0
983.0,325.0
984.0,316.0
985.0,329.0
986.0,288.0
987.0,300.0
988.0,304.0
989.0,293.0
990.0,305.0
991.0,299.0
992.0,294.0
993.0,318.0
994.0,303.0
995.0,304.0
996.0,306.0
997.0,297.0
998.0,292.0
999.0,308.0
1000.0,303.0
1001.0,294.0
1002.0,283.0
1003.0,301.0
1004.0,305.0
1005.0,304.0
1006.0,273.0
1007.0,305.0
1008.0,302.0
1009.0,290.0
1010.0,303.0
1011.0,291.0
1012.0,286.0
1013.0,306.0
1014.0,297.0
1015.0,288.0
1016.0,318.0
1017.0,308.0
1018.0,273.0
1019.0,289.0
1020.0,268.0
1021.0,302.0
1022.0,295.0
1023.0,298.0
