0.0,138.0
1.0,211.0
2.0,251.0
3.0,263.0
4.0,245.0
5.0,265.0
6.0,248.0
7.0,276.0
8.0,280.0
9.0,270.0
10.0,275.0
11.0,301.0
12.0,293.0
13.0,291.0
14.0,294.0
15.0,327.0
16.0,326.0
17.0,310.0
18.0,331.0
19.0,313.0
20.0,334.0
21.0,339.0
22.0,320.0
23.0,376.0
24.0,424.0
25.0,441.0
26.0,422.0
27.0,359.0
28.0,351.0
29.0,348.0
30.0,357.0
31.0,355.0
32.0,359.0
33.0,437.0
34.0,493.0
35.0,650.0
36.0,720.0
37.0,621.0
38.0,444.0
39.0,366.0
40.0,355.0
41.0,359.0
42.0,375.0
43.0,359.0
44.0,355.0
45.0,343.0
46.0,366.0
47.0,369.0
48.0,374.0
49.0,360.0
50.0,375.0
51.0,370.0
52.0,374.0
53.0,370.0
54.0,370.0
55.0,374.0
56.0,404.0
57.0,382.0
58.0,381.0
59.0,387.0
60.0,388.0
61.0,378.0
62.0,383.0
63.0,411.0
64.0,391.0
65.0,421.0
66.0,425.0
67.0,447.0
68.0,430.0
69.0,406.0
70.0,437.0
71.0,437.0
72.0,425.0
73.0,427.0
74.0,444.0
75.0,452.0
76.0,437.0
77.0,471.0
78.0,478.0
79.0,476.0
80.0,451.0
81.0,440.0
82.0,425.0
83.0,455.0
84.0,435.0
85.0,442.0
86.0,449.0
87.0,444.0
88.0,456.0
89.0,470.0
90.0,460.0
91.0,452.0
92.0,468.0
93.0,490.0
94.0,442.0
95.0,454.0
96.0,455.0
97.0,461.0
98.0,447.0
99.0,471.0
100.0,476.0
101.0,481.0
102.0,498.0
103.0,484.0
104.0,489.0
105.0,467.0
106.0,480.0
107.0,500.0
108.0,513.0
109.0,517.0
110.0,543.0
111.0,584.0
112.0,585.0
113.0,560.0
114.0,497.0
115.0,504.0
116.0,487.0
117.0,475.0
118.0,484.0
119.0,494.0
120.0,500.0
121.0,506.0
122.0,488.0
123.0,513.0
124.0,506.0
125.0,513.0
126.0,505.0
127.0,537.0
128.0,521.0
129.0,514.0
130.0,510.0
131.0,535.0
132.0,508.0
133.0,523.0
134.0,515.0
135.0,522.0
136.0,498.0
137.0,514.0
138.0,500.0
139.0,534.0
140.0,544.0
141.0,554.0
142.0,578.0
143.0,552.0
144.0,540.0
145.0,542.0
146.0,553.0
147.0,549.0
148.0,535.0
149.0,549.0
150.0,561.0
151.0,557.0
152.0,562.0
153.0,592.0
154.0,556.0
155.0,545.0
156.0,551.0
157.0,548.0
158.0,572.0
159.0,578.0
160.0,547.0
161.0,565.0
162.0,569.0
163.0,548.0
164.0,578.0
165.0,567.0
166.0,574.0
167.0,584.0
168.0,568.0
169.0,571.0
170.0,560.0
171.0,561.0
172.0,574.0
173.0,600.0
174.0,570.0
175.0,594.0
176.0,572.0
177.0,566.0
178.0,592.0
179.0,612.0
180.0,583.0
181.0,586.0
182.0,607.0
183.0,639.0
184.0,637.0
185.0,640.0
186.0,615.0
187.0,574.0
188.0,591.0
189.0,610.0
190.0,619.0
191.0,598.0
192.0,627.0
193.0,608.0
194.0,609.0
195.0,609.0
196.0,598.0
197.0,606.0
198.0,642.0
199.0,613.0
200.0,618.0
201.0,612.0
202.0,643.0
203.0,611.0
204.0,624.0
205.0,630.0
206.0,594.0
207.0,653.0
208.0,624.0
209.0,616.0
210.0,639.0
211.0,653.0
212.0,641.0
213.0,675.0
214.0,642.0
215.0,633.0
216.0,624.0
217.0,639.0
218.0,635.0
219.0,642.0
220.0,670.0
221.0,647.0
222.0,648.0
223.0,675.0
224.0,644.0
225.0,669.0
226.0,662.0
227.0,728.0
228.0,746.0
229.0,746.0
230.0,707.0
231.0,728.0
232.0,709.0
233.0,751.0
234.0,765.0
235.0,875.0
236.0,1130.0
237.0,1700.0
238.0,2604.0
239.0,3131.0
240.0,2448.0
241.0,1276.0
242.0,817.0
243.0,715.0
244.0,717.0
245.0,722.0
246.0,675.0
247.0,697.0
248.0,696.0
249.0,734.0
250.0,726.0
251.0,756.0
252.0,756.0
253.0,729.0
254.0,710.0
255.0,707.0
256.0,678.0
257.0,692.0
258.0,712.0
259.0,704.0
260.0,712.0
261.0,698.0
262.0,679.0
263.0,704.0
264.0,676.0
265.0,727.0
266.0,693.0
267.0,701.0
268.0,719.0
269.0,755.0
270.0,758.0
271.0,786.0
272.0,791.0
273.0,728.0
274.0,720.0
275.0,713.0
276.0,722.0
277.0,760.0
278.0,787.0
279.0,804.0
280.0,863.0
281.0,842.0
282.0,771.0
283.0,749.0
284.0,720.0
285.0,737.0
286.0,693.0
287.0,745.0
288.0,744.0
289.0,741.0
290.0,724.0
291.0,727.0
292.0,712.0
293.0,729.0
294.0,708.0
295.0,738.0
296.0,715.0
297.0,712.0
298.0,722.0
299.0,740.0
300.0,737.0
301.0,764.0
302.0,760.0
303.0,781.0
304.0,779.0
305.0,797.0
306.0,873.0
307.0,981.0
308.0,970.0
309.0,852.0
310.0,762.0
311.0,736.0
312.0,744.0
313.0,769.0
314.0,778.0
315.0,769.0
316.0,774.0
317.0,767.0
318.0,754.0
319.0,760.0
320.0,750.0
321.0,773.0
322.0,831.0
323.0,820.0
324.0,807.0
325.0,786.0
326.0,767.0
327.0,807.0
328.0,774.0
329.0,801.0
330.0,779.0
331.0,805.0
332.0,766.0
333.0,762.0
334.0,790.0
335.0,794.0
336.0,795.0
337.0,823.0
338.0,829.0
339.0,802.0
340.0,775.0
341.0,803.0
342.0,777.0
343.0,766.0
344.0,784.0
345.0,790.0
346.0,787.0
347.0,795.0
348.0,763.0
349.0,784.0
350.0,801.0
351.0,783.0
352.0,787.0
353.0,795.0
354.0,783.0
355.0,802.0
356.0,785.0
357.0,799.0
358.0,822.0
359.0,790.0
360.0,804.0
361.0,799.0
362.0,815.0
363.0,799.0
364.0,828.0
365.0,801.0
366.0,808.0
367.0,789.0
368.0,794.0
369.0,787.0
370.0,806.0
371.0,778.0
372.0,834.0
373.0,772.0
374.0,798.0
375.0,802.0
376.0,811.0
377.0,805.0
378.0,810.0
379.0,825.0
380.0,820.0
381.0,857.0
382.0,860.0
383.0,851.0
384.0,789.0
385.0,816.0
386.0,834.0
387.0,822.0
388.0,802.0
389.0,820.0
390.0,810.0
391.0,810.0
392.0,804.0
393.0,818.0
394.0,812.0
395.0,839.0
396.0,785.0
397.0,843.0
398.0,815.0
399.0,888.0
400.0,821.0
401.0,865.0
402.0,851.0
403.0,870.0
404.0,859.0
405.0,852.0
406.0,896.0
407.0,885.0
408.0,882.0
409.0,868.0
410.0,852.0
411.0,877.0
412.0,891.0
413.0,865.0
414.0,832.0
415.0,850.0
416.0,873.0
417.0,868.0
418.0,904.0
419.0,947.0
420.0,967.0
421.0,908.0
422.0,863.0
423.0,865.0
424.0,848.0
425.0,862.0
426.0,879.0
427.0,816.0
428.0,836.0
429.0,858.0
430.0,867.0
431.0,849.0
432.0,869.0
433.0,820.0
434.0,871.0
435.0,889.0
436.0,843.0
437.0,842.0
438.0,900.0
439.0,881.0
440.0,932.0
441.0,915.0
442.0,948.0
443.0,953.0
444.0,985.0
445.0,1001.0
446.0,1044.0
447.0,1184.0
448.0,1583.0
449.0,2503.0
450.0,4694.0
451.0,7903.0
452.0,8290.0
453.0,4363.0
454.0,1631.0
455.0,1050.0
456.0,948.0
457.0,948.0
458.0,909.0
459.0,892.0
460.0,854.0
461.0,896.0
462.0,901.0
463.0,908.0
464.0,850.0
465.0,889.0
466.0,848.0
467.0,866.0
468.0,842.0
469.0,842.0
470.0,889.0
471.0,873.0
472.0,896.0
473.0,879.0
474.0,838.0
475.0,901.0
476.0,862.0
477.0,884.0
478.0,867.0
479.0,863.0
480.0,860.0
481.0,834.0
482.0,852.0
483.0,885.0
484.0,887.0
485.0,856.0
486.0,868.0
487.0,881.0
488.0,866.0
489.0,896.0
490.0,881.0
491.0,871.0
492.0,891.0
493.0,890.0
494.0,850.0
495.0,852.0
496.0,866.0
497.0,873.0
498.0,852.0
499.0,849.0
500.0,884.0
501.0,868.0
502.0,844.0
503.0,896.0
504.0,884.0
505.0,905.0
506.0,889.0
507.0,895.0
508.0,869.0
509.0,881.0
510.0,857.0
511.0,898.0
512.0,956.0
513.0,1081.0
514.0,1246.0
515.0,1456.0
516.0,1357.0
517.0,1077.0
518.0,909.0
519.0,868.0
520.0,878.0
521.0,905.0
522.0,877.0
523.0,854.0
524.0,866.0
525.0,855.0
526.0,847.0
527.0,863.0
528.0,893.0
529.0,869.0
530.0,885.0
531.0,855.0
532.0,862.0
533.0,872.0
534.0,863.0
535.0,874.0
536.0,856.0
537.0,873.0
538.0,836.0
539.0,856.0
540.0,852.0
541.0,888.0
542.0,844.0
543.0,878.0
544.0,873.0
545.0,858.0
546.0,860.0
547.0,877.0
548.0,837.0
549.0,831.0
550.0,860.0
551.0,879.0
552.0,874.0
553.0,866.0
554.0,829.0
555.0,846.0
556.0,864.0
557.0,866.0
558.0,836.0
559.0,829.0
560.0,836.0
561.0,854.0
562.0,817.0
563.0,858.0
564.0,841.0
565.0,838.0
566.0,821.0
567.0,876.0
568.0,853.0
569.0,838.0
570.0,840.0
571.0,824.0
572.0,840.0
573.0,843.0
574.0,844.0
575.0,825.0
576.0,870.0
577.0,842.0
578.0,817.0
579.0,823.0
580.0,827.0
581.0,849.0
582.0,816.0
583.0,824.0
584.0,844.0
585.0,841.0
586.0,855.0
587.0,853.0
588.0,854.0
589.0,849.0
590.0,849.0
591.0,828.0
592.0,833.0
593.0,848.0
594.0,820.0
595.0,825.0
596.0,842.0
597.0,825.0
598.0,846.0
599.0,816.0
600.0,879.0
601.0,887.0
602.0,851.0
603.0,893.0
604.0,922.0
605.0,951.0
606.0,1010.0
607.0,1234.0
608.0,1812.0
609.0,3334.0
610.0,5703.0
611.0,5891.0
612.0,3268.0
613.0,1313.0
614.0,922.0
615.0,873.0
616.0,830.0
617.0,833.0
618.0,838.0
619.0,854.0
620.0,808.0
621.0,814.0
622.0,819.0
623.0,814.0
624.0,813.0
625.0,831.0
626.0,829.0
627.0,825.0
628.0,819.0
629.0,781.0
630.0,800.0
631.0,778.0
632.0,786.0
633.0,767.0
634.0,808.0
635.0,789.0
636.0,813.0
637.0,804.0
638.0,794.0
639.0,822.0
640.0,791.0
641.0,781.0
642.0,785.0
643.0,771.0
644.0,778.0
645.0,785.0
646.0,761.0
647.0,747.0
648.0,769.0
649.0,789.0
650.0,790.0
651.0,788.0
652.0,800.0
653.0,800.0
654.0,783.0
655.0,784.0
656.0,759.0
657.0,764.0
658.0,760.0
659.0,789.0
660.0,787.0
661.0,748.0
662.0,775.0
663.0,755.0
664.0,759.0
665.0,801.0
666.0,814.0
667.0,888.0
668.0,859.0
669.0,771.0
670.0,801.0
671.0,789.0
672.0,786.0
673.0,791.0
674.0,882.0
675.0,935.0
676.0,1269.0
677.0,1938.0
678.0,2434.0
679.0,1947.0
680.0,1111.0
681.0,817.0
682.0,733.0
683.0,715.0
684.0,764.0
685.0,742.0
686.0,730.0
687.0,753.0
688.0,723.0
689.0,761.0
690.0,732.0
691.0,692.0
692.0,745.0
693.0,739.0
694.0,732.0
695.0,728.0
696.0,730.0
697.0,719.0
698.0,707.0
699.0,672.0
700.0,720.0
701.0,753.0
702.0,735.0
703.0,711.0
704.0,706.0
705.0,717.0
706.0,713.0
707.0,706.0
708.0,705.0
709.0,695.0
710.0,711.0
711.0,682.0
712.0,668.0
713.0,693.0
714.0,669.0
715.0,693.0
716.0,683.0
717.0,693.0
718.0,684.0
719.0,683.0
720.0,694.0
721.0,701.0
722.0,701.0
723.0,683.0
724.0,646.0
725.0,673.0
726.0,660.0
727.0,677.0
728.0,659.0
729.0,618.0
730.0,658.0
731.0,680.0
732.0,650.0
733.0,647.0
734.0,688.0
735.0,694.0
736.0,715.0
737.0,707.0
738.0,675.0
739.0,663.0
740.0,665.0
741.0,643.0
742.0,672.0
743.0,670.0
744.0,660.0
745.0,639.0
746.0,641.0
747.0,651.0
748.0,612.0
749.0,623.0
750.0,641.0
751.0,636.0
752.0,607.0
753.0,625.0
754.0,628.0
755.0,623.0
756.0,617.0
757.0,636.0
758.0,616.0
759.0,622.0
760.0,636.0
761.0,587.0
762.0,593.0
763.0,602.0
764.0,593.0
765.0,578.0
766.0,588.0
767.0,597.0
768.0,589.0
769.0,598.0
770.0,595.0
771.0,598.0
772.0,584.0
773.0,617.0
774.0,586.0
775.0,586.0
776.0,595.0
777.0,593.0
778.0,582.0
779.0,567.0
780.0,568.0
781.0,559.0
782.0,585.0
783.0,563.0
784.0,622.0
785.0,595.0
786.0,601.0
787.0,582.0
788.0,571.0
789.0,580.0
790.0,553.0
791.0,588.0
792.0,557.0
793.0,536.0
794.0,559.0
795.0,566.0
796.0,531.0
797.0,553.0
798.0,560.0
799.0,562.0
800.0,566.0
801.0,558.0
802.0,523.0
803.0,564.0
804.0,527.0
805.0,525.0
806.0,552.0
807.0,577.0
808.0,556.0
809.0,528.0
810.0,519.0
811.0,522.0
812.0,525.0
813.0,540.0
814.0,513.0
815.0,526.0
816.0,508.0
817.0,553.0
818.0,509.0
819.0,541.0
820.0,535.0
821.0,518.0
822.0,547.0
823.0,559.0
824.0,535.0
825.0,508.0
826.0,478.0
827.0,519.0
828.0,486.0
829.0,523.0
830.0,496.0
831.0,513.0
832.0,499.0
833.0,470.0
834.0,502.0
835.0,502.0
836.0,477.0
837.0,494.0
838.0,502.0
839.0,476.0
840.0,475.0
841.0,467.0
842.0,472.0
843.0,503.0
844.0,485.0
845.0,499.0
846.0,472.0
847.0,475.0
848.0,465.0
849.0,454.0
850.0,464.0
851.0,457.0
852.0,479.0
853.0,484.0
854.0,466.0
855.0,456.0
856.0,461.0
857.0,470.0
858.0,461.0
859.0,461.0
860.0,462.0
861.0,468.0
862.0,451.0
863.0,463.0
864.0,466.0
865.0,439.0
866.0,445.0
867.0,447.0
868.0,442.0
869.0,444.0
870.0,450.0
871.0,465.0
872.0,450.0
873.0,430.0
874.0,456.0
875.0,472.0
876.0,456.0
877.0,432.0
878.0,456.0
879.0,472.0
880.0,473.0
881.0,543.0
882.0,575.0
883.0,509.0
884.0,451.0
885.0,432.0
886.0,434.0
887.0,403.0
888.0,426.0
889.0,435.0
890.0,422.0
891.0,445.0
892.0,436.0
893.0,413.0
894.0,416.0
895.0,415.0
896.0,416.0
897.0,417.0
898.0,380.0
899.0,388.0
900.0,430.0
901.0,423.0
902.0,403.0
903.0,386.0
904.0,380.0
905.0,398.0
906.0,407.0
907.0,410.0
908.0,402.0
909.0,389.0
910.0,395.0
911.0,402.0
912.0,418.0
913.0,405.0
914.0,390.0
915.0,396.0
916.0,391.0
917.0,380.0
918.0,385.0
919.0,395.0
920.0,415.0
921.0,394.0
922.0,384.0
923.0,369.0
924.0,395.0
925.0,382.0
926.0,375.0
927.0,368.0
928.0,380.0
929.0,385.0
930.0,370.0
931.0,385.0
932.0,362.0
933.0,363.0
934.0,375.0
935.0,362.0
936.0,369.0
937.0,346.0
938.0,383.0
939.0,378.0
940.0,382.0
941.0,355.0
942.0,369.0
943.0,339.0
944.0,379.0
945.0,355.0
946.0,348.0
947.0,360.0
948.0,331.0
949.0,358.0
950.0,341.0
951.0,373.0
952.0,358.0
953.0,339.0
954.0,351.0
955.0,362.0
956.0,354.0
957.0,335.0
958.0,365.0
959.0,359.0
960.0,359.0
961.0,351.0
962.0,357.0
963.0,366.0
964.0,341.0
965.0,335.0
966.0,340.0
967.0,335.0
968.0,347.0
969.0,334.0
970.0,345.0
971.0,334.0
972.0,317.0
973.0,342.0
974.0,329.0
975.0,310.0
976.0,317.0
977.0,315.0
978.0,336.0
979.0,322.0
980.0,317.0
981.0,339.0
982.0,319.0
983.0,326.0
984.0,324.0
985.0,325.0
986.0,313.0
987.0,320.0
988.0,315.0
989.0,326.0
990.0,320.0
991.0,332.0
992.0,331.0
993.0,329.0
994.0,327.0
995.0,312.0
996.0,310.0
997.0,323.0
998.0,320.0
999.0,328.0
1000.0,341.0
1001.0,325.0
1002.0,331.0
1003.0,333.0
1004.0,326.0
1005.0,323.0
1006.0,299.0
1007.0,308.0
1008.0,319.0
1009.0,317.0
1010.0,313.0
1011.0,282.0
1012.0,302.0
1013.0,316.0
1014.0,324.0
1015.0,306.0
1016.0,311.0
1017.0,328.0
1018.0,308.0
1019.0,304.0
1020.0,311.0
1021.0,312.0
1022.0,302.0
1023.0,315.0
