0.0,135.0
1.0,150.0
2.0,191.0
3.0,237.0
4.0,215.0
5.0,232.0
6.0,242.0
7.0,220.0
8.0,226.0
9.0,232.0
10.0,236.0
11.0,265.0
12.0,262.0
13.0,233.0
14.0,236.0
15.0,250.0
16.0,244.0
17.0,262.0
18.0,249.0
19.0,264.0
20.0,260.0
21.0,276.0
22.0,244.0
23.0,251.0
24.0,248.0
25.0,261.0
26.0,249.0
27.0,254.0
28.0,260.0
29.0,284.0
30.0,286.0
31.0,284.0
32.0,297.0
33.0,293.0
34.0,300.0
35.0,274.0
36.0,276.0
37.0,285.0
38.0,293.0
39.0,297.0
40.0,293.0
41.0,311.0
42.0,289.0
43.0,305.0
44.0,292.0
45.0,321.0
46.0,285.0
47.0,295.0
48.0,293.0
49.0,295.0
50.0,300.0
51.0,306.0
52.0,314.0
53.0,278.0
54.0,304.0
55.0,291.0
56.0,325.0
57.0,314.0
58.0,315.0
59.0,312.0
60.0,309.0
61.0,304.0
62.0,304.0
63.0,297.0
64.0,310.0
65.0,307.0
66.0,290.0
67.0,322.0
68.0,320.0
69.0,313.0
70.0,305.0
71.0,313.0
72.0,334.0
73.0,296.0
74.0,323.0
75.0,313.0
76.0,298.0
77.0,322.0
78.0,332.0
79.0,314.0
80.0,322.0
81.0,327.0
82.0,292.0
83.0,338.0
84.0,321.0
85.0,296.0
86.0,333.0
87.0,314.0
88.0,323.0
89.0,344.0
90.0,302.0
91.0,322.0
92.0,336.0
93.0,329.0
94.0,345.0
95.0,315.0
96.0,322.0
97.0,336.0
98.0,312.0
99.0,328.0
100.0,342.0
101.0,328.0
102.0,334.0
103.0,336.0
104.0,336.0
105.0,335.0
106.0,360.0
107.0,343.0
108.0,361.0
109.0,364.0
110.0,335.0
111.0,354.0
112.0,330.0
113.0,347.0
114.0,335.0
115.0,361.0
116.0,332.0
117.0,356.0
118.0,340.0
119.0,361.0
120.0,367.0
121.0,363.0
122.0,353.0
123.0,362.0
124.0,366.0
125.0,360.0
126.0,365.0
127.0,350.0
128.0,347.0
129.0,343.0
130.0,361.0
131.0,367.0
132.0,350.0
133.0,371.0
134.0,378.0
135.0,339.0
136.0,356.0
137.0,340.0
138.0,354.0
139.0,355.0
140.0,350.0
141.0,386.0
142.0,359.0
143.0,353.0
144.0,350.0
145.0,349.0
146.0,376.0
147.0,383.0
148.0,367.0
149.0,363.0
150.0,398.0
151.0,345.0
152.0,377.0
153.0,363.0
154.0,397.0
155.0,362.0
156.0,400.0
157.0,387.0
158.0,383.0
159.0,391.0
160.0,383.0
161.0,377.0
162.0,405.0
163.0,392.0
164.0,398.0
165.0,376.0
166.0,381.0
167.0,388.0
168.0,398.0
169.0,398.0
170.0,397.0
171.0,401.0
172.0,403.0
173.0,409.0
174.0,419.0
175.0,381.0
176.0,413.0
177.0,406.0
178.0,405.0
179.0,396.0
180.0,378.0
181.0,412.0
182.0,428.0
183.0,412.0
184.0,412.0
185.0,400.0
186.0,392.0
187.0,395.0
188.0,403.0
189.0,393.0
190.0,417.0
191.0,416.0
192.0,411.0
193.0,411.0
194.0,425.0
195.0,416.0
196.0,415.0
197.0,419.0
198.0,445.0
199.0,389.0
200.0,413.0
201.0,425.0
202.0,419.0
203.0,452.0
204.0,453.0
205.0,419.0
206.0,420.0
207.0,418.0
208.0,428.0
209.0,425.0
210.0,420.0
211.0,442.0
212.0,454.0
213.0,424.0
214.0,443.0
215.0,454.0
216.0,438.0
217.0,450.0
218.0,481.0
219.0,453.0
220.0,452.0
221.0,431.0
222.0,468.0
223.0,447.0
224.0,453.0
225.0,457.0
226.0,464.0
227.0,451.0
228.0,432.0
229.0,441.0
230.0,458.0
231.0,437.0
232.0,464.0
233.0,464.0
234.0,470.0
235.0,482.0
236.0,457.0
237.0,443.0
238.0,486.0
239.0,476.0
240.0,471.0
241.0,490.0
242.0,479.0
243.0,485.0
244.0,498.0
245.0,483.0
246.0,488.0
247.0,470.0
248.0,482.0
249.0,483.0
250.0,490.0
251.0,506.0
252.0,496.0
253.0,501.0
254.0,487.0
255.0,503.0
256.0,512.0
257.0,527.0
258.0,527.0
259.0,521.0
260.0,517.0
261.0,497.0
262.0,503.0
263.0,494.0
264.0,529.0
265.0,520.0
266.0,530.0
267.0,522.0
268.0,542.0
269.0,526.0
270.0,508.0
271.0,506.0
272.0,511.0
273.0,528.0
274.0,499.0
275.0,521.0
276.0,518.0
277.0,504.0
278.0,537.0
279.0,513.0
280.0,485.0
281.0,494.0
282.0,522.0
283.0,519.0
284.0,518.0
285.0,499.0
286.0,499.0
287.0,534.0
288.0,520.0
289.0,495.0
290.0,501.0
291.0,476.0
292.0,508.0
293.0,486.0
294.0,501.0
295.0,511.0
296.0,493.0
297.0,522.0
298.0,511.0
299.0,532.0
300.0,492.0
301.0,525.0
302.0,487.0
303.0,498.0
304.0,497.0
305.0,503.0
306.0,538.0
307.0,508.0
308.0,496.0
309.0,496.0
310.0,490.0
311.0,520.0
312.0,495.0
313.0,505.0
314.0,508.0
315.0,493.0
316.0,489.0
317.0,503.0
318.0,514.0
319.0,513.0
320.0,503.0
321.0,525.0
322.0,494.0
323.0,493.0
324.0,492.0
325.0,512.0
326.0,490.0
327.0,526.0
328.0,526.0
329.0,494.0
330.0,497.0
331.0,509.0
332.0,502.0
333.0,494.0
334.0,531.0
335.0,481.0
336.0,513.0
337.0,504.0
338.0,484.0
339.0,505.0
340.0,510.0
341.0,484.0
342.0,491.0
343.0,488.0
344.0,536.0
345.0,511.0
346.0,515.0
347.0,521.0
348.0,519.0
349.0,521.0
350.0,516.0
351.0,531.0
352.0,512.0
353.0,516.0
354.0,516.0
355.0,516.0
356.0,511.0
357.0,537.0
358.0,522.0
359.0,525.0
360.0,526.0
361.0,541.0
362.0,535.0
363.0,512.0
364.0,543.0
365.0,521.0
366.0,527.0
367.0,523.0
368.0,517.0
369.0,518.0
370.0,547.0
371.0,506.0
372.0,517.0
373.0,530.0
374.0,519.0
375.0,492.0
376.0,518.0
377.0,504.0
378.0,532.0
379.0,517.0
380.0,517.0
381.0,529.0
382.0,520.0
383.0,499.0
384.0,530.0
385.0,527.0
386.0,505.0
387.0,516.0
388.0,511.0
389.0,524.0
390.0,533.0
391.0,539.0
392.0,537.0
393.0,555.0
394.0,543.0
395.0,538.0
396.0,561.0
397.0,554.0
398.0,516.0
399.0,545.0
400.0,521.0
401.0,537.0
402.0,545.0
403.0,558.0
404.0,521.0
405.0,553.0
406.0,539.0
407.0,533.0
408.0,560.0
409.0,545.0
410.0,568.0
411.0,523.0
412.0,532.0
413.0,538.0
414.0,527.0
415.0,543.0
416.0,555.0
417.0,556.0
418.0,521.0
419.0,540.0
420.0,538.0
421.0,524.0
422.0,529.0
423.0,542.0
424.0,537.0
425.0,547.0
426.0,522.0
427.0,548.0
428.0,502.0
429.0,537.0
430.0,535.0
431.0,531.0
432.0,556.0
433.0,560.0
434.0,555.0
435.0,564.0
436.0,543.0
437.0,517.0
438.0,538.0
439.0,549.0
440.0,560.0
441.0,540.0
442.0,548.0
443.0,551.0
444.0,557.0
445.0,549.0
446.0,546.0
447.0,573.0
448.0,553.0
449.0,556.0
450.0,521.0
451.0,539.0
452.0,525.0
453.0,573.0
454.0,536.0
455.0,526.0
456.0,537.0
457.0,552.0
458.0,560.0
459.0,562.0
460.0,537.0
461.0,558.0
462.0,521.0
463.0,544.0
464.0,540.0
465.0,552.0
466.0,542.0
467.0,567.0
468.0,533.0
469.0,560.0
470.0,547.0
471.0,565.0
472.0,545.0
473.0,555.0
474.0,545.0
475.0,570.0
476.0,542.0
477.0,530.0
478.0,567.0
479.0,556.0
480.0,532.0
481.0,539.0
482.0,526.0
483.0,558.0
484.0,550.0
485.0,530.0
486.0,554.0
487.0,549.0
488.0,560.0
489.0,542.0
490.0,556.0
491.0,527.0
492.0,529.0
493.0,566.0
494.0,536.0
495.0,547.0
496.0,523.0
497.0,538.0
498.0,538.0
499.0,540.0
500.0,561.0
501.0,554.0
502.0,562.0
503.0,536.0
504.0,543.0
505.0,530.0
506.0,534.0
507.0,528.0
508.0,549.0
509.0,531.0
510.0,535.0
511.0,529.0
512.0,552.0
513.0,540.0
514.0,529.0
515.0,520.0
516.0,556.0
517.0,554.0
518.0,525.0
519.0,551.0
520.0,524.0
521.0,528.0
522.0,541.0
523.0,536.0
524.0,552.0
525.0,521.0
526.0,539.0
527.0,520.0
528.0,541.0
529.0,535.0
530.0,518.0
531.0,521.0
532.0,499.0
533.0,520.0
534.0,515.0
535.0,532.0
536.0,514.0
537.0,510.0
538.0,553.0
539.0,515.0
540.0,530.0
541.0,496.0
542.0,519.0
543.0,510.0
544.0,537.0
545.0,520.0
546.0,536.0
547.0,525.0
548.0,508.0
549.0,500.0
550.0,530.0
551.0,510.0
552.0,548.0
553.0,530.0
554.0,517.0
555.0,508.0
556.0,513.0
557.0,519.0
558.0,528.0
559.0,512.0
560.0,509.0
561.0,504.0
562.0,493.0
563.0,488.0
564.0,501.0
565.0,534.0
566.0,505.0
567.0,530.0
568.0,501.0
569.0,493.0
570.0,499.0
571.0,516.0
572.0,506.0
573.0,496.0
574.0,504.0
575.0,511.0
576.0,509.0
577.0,546.0
578.0,614.0
579.0,784.0
580.0,897.0
581.0,702.0
582.0,513.0
583.0,502.0
584.0,505.0
585.0,509.0
586.0,488.0
587.0,518.0
588.0,480.0
589.0,492.0
590.0,495.0
591.0,482.0
592.0,490.0
593.0,518.0
594.0,494.0
595.0,470.0
596.0,491.0
597.0,511.0
598.0,508.0
599.0,493.0
600.0,482.0
601.0,487.0
602.0,503.0
603.0,504.0
604.0,519.0
605.0,508.0
606.0,482.0
607.0,493.0
608.0,483.0
609.0,496.0
610.0,485.0
611.0,458.0
612.0,499.0
613.0,483.0
614.0,484.0
615.0,482.0
616.0,487.0
617.0,447.0
618.0,465.0
619.0,503.0
620.0,488.0
621.0,495.0
622.0,467.0
623.0,497.0
624.0,480.0
625.0,492.0
626.0,458.0
627.0,475.0
628.0,474.0
629.0,477.0
630.0,495.0
631.0,481.0
632.0,500.0
633.0,470.0
634.0,495.0
635.0,498.0
636.0,497.0
637.0,481.0
638.0,482.0
639.0,491.0
640.0,476.0
641.0,494.0
642.0,473.0
643.0,480.0
644.0,514.0
645.0,516.0
646.0,598.0
647.0,880.0
648.0,934.0
649.0,679.0
650.0,516.0
651.0,492.0
652.0,504.0
653.0,511.0
654.0,515.0
655.0,536.0
656.0,584.0
657.0,802.0
658.0,1582.0
659.0,4240.0
660.0,5956.0
661.0,3666.0
662.0,930.0
663.0,551.0
664.0,475.0
665.0,485.0
666.0,481.0
667.0,448.0
668.0,456.0
669.0,459.0
670.0,462.0
671.0,470.0
672.0,440.0
673.0,441.0
674.0,465.0
675.0,460.0
676.0,455.0
677.0,443.0
678.0,473.0
679.0,486.0
680.0,455.0
681.0,468.0
682.0,448.0
683.0,464.0
684.0,459.0
685.0,467.0
686.0,435.0
687.0,441.0
688.0,474.0
689.0,439.0
690.0,434.0
691.0,416.0
692.0,444.0
693.0,438.0
694.0,421.0
695.0,445.0
696.0,452.0
697.0,443.0
698.0,433.0
699.0,434.0
700.0,425.0
701.0,427.0
702.0,443.0
703.0,436.0
704.0,430.0
705.0,412.0
706.0,421.0
707.0,420.0
708.0,415.0
709.0,416.0
710.0,407.0
711.0,403.0
712.0,434.0
713.0,423.0
714.0,424.0
715.0,436.0
716.0,413.0
717.0,399.0
718.0,424.0
719.0,398.0
720.0,421.0
721.0,401.0
722.0,432.0
723.0,433.0
724.0,410.0
725.0,396.0
726.0,414.0
727.0,413.0
728.0,431.0
729.0,415.0
730.0,456.0
731.0,412.0
732.0,412.0
733.0,408.0
734.0,425.0
735.0,424.0
736.0,434.0
737.0,419.0
738.0,413.0
739.0,401.0
740.0,398.0
741.0,422.0
742.0,392.0
743.0,408.0
744.0,406.0
745.0,408.0
746.0,392.0
747.0,391.0
748.0,388.0
749.0,410.0
750.0,410.0
751.0,428.0
752.0,399.0
753.0,423.0
754.0,372.0
755.0,393.0
756.0,419.0
757.0,391.0
758.0,415.0
759.0,388.0
760.0,371.0
761.0,390.0
762.0,378.0
763.0,387.0
764.0,410.0
765.0,403.0
766.0,399.0
767.0,411.0
768.0,376.0
769.0,371.0
770.0,394.0
771.0,372.0
772.0,370.0
773.0,376.0
774.0,379.0
775.0,356.0
776.0,375.0
777.0,377.0
778.0,378.0
779.0,368.0
780.0,363.0
781.0,397.0
782.0,376.0
783.0,355.0
784.0,354.0
785.0,386.0
786.0,382.0
787.0,353.0
788.0,379.0
789.0,391.0
790.0,354.0
791.0,381.0
792.0,374.0
793.0,373.0
794.0,368.0
795.0,383.0
796.0,394.0
797.0,350.0
798.0,362.0
799.0,339.0
800.0,356.0
801.0,353.0
802.0,365.0
803.0,351.0
804.0,329.0
805.0,367.0
806.0,348.0
807.0,352.0
808.0,380.0
809.0,375.0
810.0,363.0
811.0,361.0
812.0,361.0
813.0,352.0
814.0,343.0
815.0,366.0
816.0,336.0
817.0,382.0
818.0,357.0
819.0,353.0
820.0,350.0
821.0,340.0
822.0,354.0
823.0,361.0
824.0,331.0
825.0,364.0
826.0,359.0
827.0,371.0
828.0,370.0
829.0,333.0
830.0,349.0
831.0,355.0
832.0,350.0
833.0,351.0
834.0,343.0
835.0,366.0
836.0,355.0
837.0,353.0
838.0,353.0
839.0,345.0
840.0,333.0
841.0,324.0
842.0,348.0
843.0,355.0
844.0,335.0
845.0,363.0
846.0,338.0
847.0,337.0
848.0,331.0
849.0,334.0
850.0,339.0
851.0,336.0
852.0,347.0
853.0,345.0
854.0,322.0
855.0,346.0
856.0,338.0
857.0,335.0
858.0,335.0
859.0,344.0
860.0,354.0
861.0,353.0
862.0,331.0
863.0,350.0
864.0,339.0
865.0,327.0
866.0,333.0
867.0,352.0
868.0,321.0
869.0,322.0
870.0,330.0
871.0,335.0
872.0,327.0
873.0,349.0
874.0,334.0
875.0,334.0
876.0,335.0
877.0,346.0
878.0,350.0
879.0,341.0
880.0,337.0
881.0,340.0
882.0,322.0
883.0,341.0
884.0,314.0
885.0,350.0
886.0,335.0
887.0,347.0
888.0,338.0
889.0,329.0
890.0,340.0
891.0,312.0
892.0,341.0
893.0,327.0
894.0,350.0
895.0,320.0
896.0,328.0
897.0,323.0
898.0,338.0
899.0,323.0
900.0,327.0
901.0,326.0
902.0,333.0
903.0,324.0
904.0,311.0
905.0,316.0
906.0,345.0
907.0,337.0
908.0,324.0
909.0,330.0
910.0,317.0
911.0,336.0
912.0,319.0
913.0,323.0
914.0,327.0
915.0,337.0
916.0,325.0
917.0,313.0
918.0,310.0
919.0,320.0
920.0,333.0
921.0,330.0
922.0,310.0
923.0,324.0
924.0,325.0
925.0,320.0
926.0,314.0
927.0,311.0
928.0,296.0
929.0,349.0
930.0,336.0
931.0,316.0
932.0,337.0
933.0,327.0
934.0,296.0
935.0,321.0
936.0,317.0
937.0,340.0
938.0,329.0
939.0,328.0
940.0,331.0
941.0,302.0
942.0,338.0
943.0,317.0
944.0,352.0
945.0,328.0
946.0,308.0
947.0,327.0
948.0,332.0
949.0,336.0
950.0,313.0
951.0,335.0
952.0,333.0
953.0,318.0
954.0,313.0
955.0,314.0
956.0,323.0
957.0,322.0
958.0,318.0
959.0,308.0
960.0,336.0
961.0,322.0
962.0,320.0
963.0,317.0
964.0,321.0
965.0,318.0
966.0,314.0
967.0,310.0
968.0,306.0
969.0,316.0
970.0,338.0
971.0,328.0
972.0,304.0
973.0,319.0
974.0,338.0
975.0,321.0
976.0,314.0
977.0,341.0
978.0,312.0
979.0,331.0
980.0,320.0
981.0,299.0
982.0,308.0
983.0,349.0
984.0,314.0
985.0,338.0
986.0,310.0
987.0,314.0
988.0,319.0
989.0,313.0
990.0,327.0
991.0,323.0
992.0,326.0
993.0,304.0
994.0,324.0
995.0,333.0
996.0,319.0
997.0,303.0
998.0,322.0
999.0,325.0
1000.0,323.0
1001.0,320.0
1002.0,322.0
1003.0,328.0
1004.0,297.0
1005.0,310.0
1006.0,321.0
1007.0,324.0
1008.0,326.0
1009.0,318.0
1010.0,309.0
1011.0,316.0
1012.0,314.0
1013.0,303.0
1014.0,328.0
1015.0,349.0
1016.0,331.0
1017.0,301.0
1018.0,292.0
1019.0,301.0
1020.0,321.0
1021.0,324.0
1022.0,317.0
1023.0,319.0
