0.0,108.0
1.0,147.0
2.0,177.0
3.0,209.0
4.0,219.0
5.0,211.0
6.0,232.0
7.0,225.0
8.0,230.0
9.0,235.0
10.0,236.0
11.0,245.0
12.0,247.0
13.0,229.0
14.0,243.0
15.0,237.0
16.0,238.0
17.0,241.0
18.0,252.0
19.0,233.0
20.0,254.0
21.0,241.0
22.0,229.0
23.0,261.0
24.0,256.0
25.0,266.0
26.0,267.0
27.0,258.0
28.0,263.0
29.0,262.0
30.0,265.0
31.0,254.0
32.0,247.0
33.0,256.0
34.0,258.0
35.0,253.0
36.0,253.0
37.0,266.0
38.0,260.0
39.0,276.0
40.0,268.0
41.0,286.0
42.0,295.0
43.0,340.0
44.0,421.0
45.0,548.0
46.0,599.0
47.0,495.0
48.0,358.0
49.0,307.0
50.0,309.0
51.0,302.0
52.0,334.0
53.0,300.0
54.0,311.0
55.0,315.0
56.0,318.0
57.0,325.0
58.0,316.0
59.0,332.0
60.0,310.0
61.0,303.0
62.0,311.0
63.0,335.0
64.0,334.0
65.0,309.0
66.0,309.0
67.0,335.0
68.0,323.0
69.0,327.0
70.0,323.0
71.0,348.0
72.0,337.0
73.0,340.0
74.0,314.0
75.0,330.0
76.0,331.0
77.0,315.0
78.0,351.0
79.0,337.0
80.0,355.0
81.0,333.0
82.0,344.0
83.0,349.0
84.0,355.0
85.0,342.0
86.0,355.0
87.0,329.0
88.0,333.0
89.0,369.0
90.0,350.0
91.0,330.0
92.0,369.0
93.0,356.0
94.0,360.0
95.0,361.0
96.0,357.0
97.0,354.0
98.0,364.0
99.0,344.0
100.0,369.0
101.0,365.0
102.0,360.0
103.0,362.0
104.0,352.0
105.0,348.0
106.0,342.0
107.0,374.0
108.0,376.0
109.0,357.0
110.0,369.0
111.0,375.0
112.0,358.0
113.0,381.0
114.0,364.0
115.0,363.0
116.0,371.0
117.0,369.0
118.0,381.0
119.0,385.0
120.0,357.0
121.0,355.0
122.0,366.0
123.0,383.0
124.0,389.0
125.0,388.0
126.0,380.0
127.0,397.0
128.0,388.0
129.0,379.0
130.0,387.0
131.0,371.0
132.0,392.0
133.0,379.0
134.0,385.0
135.0,393.0
136.0,403.0
137.0,417.0
138.0,389.0
139.0,416.0
140.0,400.0
141.0,413.0
142.0,399.0
143.0,399.0
144.0,403.0
145.0,403.0
146.0,408.0
147.0,394.0
148.0,400.0
149.0,426.0
150.0,401.0
151.0,431.0
152.0,413.0
153.0,398.0
154.0,417.0
155.0,408.0
156.0,441.0
157.0,432.0
158.0,439.0
159.0,421.0
160.0,428.0
161.0,412.0
162.0,433.0
163.0,433.0
164.0,426.0
165.0,419.0
166.0,455.0
167.0,445.0
168.0,457.0
169.0,438.0
170.0,451.0
171.0,435.0
172.0,476.0
173.0,452.0
174.0,445.0
175.0,460.0
176.0,469.0
177.0,436.0
178.0,434.0
179.0,421.0
180.0,440.0
181.0,428.0
182.0,456.0
183.0,462.0
184.0,457.0
185.0,444.0
186.0,452.0
187.0,462.0
188.0,457.0
189.0,473.0
190.0,461.0
191.0,467.0
192.0,480.0
193.0,476.0
194.0,467.0
195.0,463.0
196.0,472.0
197.0,474.0
198.0,489.0
199.0,487.0
200.0,505.0
201.0,488.0
202.0,490.0
203.0,490.0
204.0,481.0
205.0,489.0
206.0,470.0
207.0,499.0
208.0,507.0
209.0,491.0
210.0,493.0
211.0,488.0
212.0,469.0
213.0,503.0
214.0,507.0
215.0,500.0
216.0,475.0
217.0,508.0
218.0,498.0
219.0,522.0
220.0,532.0
221.0,516.0
222.0,513.0
223.0,496.0
224.0,512.0
225.0,528.0
226.0,530.0
227.0,526.0
228.0,553.0
229.0,534.0
230.0,530.0
231.0,527.0
232.0,513.0
233.0,534.0
234.0,551.0
235.0,522.0
236.0,542.0
237.0,519.0
238.0,543.0
239.0,540.0
240.0,535.0
241.0,507.0
242.0,540.0
243.0,506.0
244.0,545.0
245.0,548.0
246.0,525.0
247.0,559.0
248.0,535.0
249.0,527.0
250.0,544.0
251.0,532.0
252.0,538.0
253.0,558.0
254.0,512.0
255.0,535.0
256.0,559.0
257.0,534.0
258.0,550.0
259.0,552.0
260.0,554.0
261.0,555.0
262.0,570.0
263.0,543.0
264.0,571.0
265.0,530.0
266.0,574.0
267.0,559.0
268.0,569.0
269.0,589.0
270.0,583.0
271.0,577.0
272.0,579.0
273.0,573.0
274.0,564.0
275.0,547.0
276.0,571.0
277.0,563.0
278.0,554.0
279.0,584.0
280.0,570.0
281.0,570.0
282.0,561.0
283.0,571.0
284.0,586.0
285.0,589.0
286.0,590.0
287.0,580.0
288.0,582.0
289.0,587.0
290.0,575.0
291.0,560.0
292.0,565.0
293.0,573.0
294.0,593.0
295.0,572.0
296.0,567.0
297.0,591.0
298.0,600.0
299.0,567.0
300.0,580.0
301.0,561.0
302.0,610.0
303.0,580.0
304.0,604.0
305.0,593.0
306.0,602.0
307.0,604.0
308.0,627.0
309.0,591.0
310.0,609.0
311.0,614.0
312.0,600.0
313.0,594.0
314.0,589.0
315.0,626.0
316.0,603.0
317.0,624.0
318.0,602.0
319.0,608.0
320.0,605.0
321.0,627.0
322.0,612.0
323.0,609.0
324.0,627.0
325.0,629.0
326.0,608.0
327.0,637.0
328.0,614.0
329.0,642.0
330.0,606.0
331.0,615.0
332.0,629.0
333.0,648.0
334.0,630.0
335.0,634.0
336.0,600.0
337.0,631.0
338.0,620.0
339.0,641.0
340.0,633.0
341.0,627.0
342.0,633.0
343.0,658.0
344.0,639.0
345.0,634.0
346.0,627.0
347.0,657.0
348.0,666.0
349.0,669.0
350.0,665.0
351.0,653.0
352.0,648.0
353.0,683.0
354.0,662.0
355.0,668.0
356.0,640.0
357.0,673.0
358.0,651.0
359.0,682.0
360.0,669.0
361.0,686.0
362.0,640.0
363.0,674.0
364.0,681.0
365.0,703.0
366.0,693.0
367.0,662.0
368.0,706.0
369.0,666.0
370.0,712.0
371.0,688.0
372.0,709.0
373.0,713.0
374.0,694.0
375.0,686.0
376.0,715.0
377.0,703.0
378.0,695.0
379.0,718.0
380.0,734.0
381.0,693.0
382.0,740.0
383.0,733.0
384.0,730.0
385.0,725.0
386.0,750.0
387.0,746.0
388.0,702.0
389.0,749.0
390.0,764.0
391.0,750.0
392.0,762.0
393.0,766.0
394.0,748.0
395.0,758.0
396.0,738.0
397.0,742.0
398.0,747.0
399.0,742.0
400.0,763.0
401.0,758.0
402.0,780.0
403.0,776.0
404.0,791.0
405.0,773.0
406.0,815.0
407.0,787.0
408.0,802.0
409.0,773.0
410.0,844.0
411.0,816.0
412.0,840.0
413.0,861.0
414.0,858.0
415.0,847.0
416.0,857.0
417.0,886.0
418.0,893.0
419.0,890.0
420.0,897.0
421.0,859.0
422.0,883.0
423.0,908.0
424.0,918.0
425.0,938.0
426.0,935.0
427.0,959.0
428.0,964.0
429.0,1016.0
430.0,1040.0
431.0,1062.0
432.0,1110.0
433.0,1093.0
434.0,1188.0
435.0,1302.0
436.0,1351.0
437.0,1490.0
438.0,1637.0
439.0,1874.0
440.0,2356.0
441.0,4046.0
442.0,10946.0
443.0,38544.0
444.0,68517.0
445.0,73496.0
446.0,61327.0
447.0,24485.0
448.0,1892.0
449.0,1443.0
450.0,1274.0
451.0,1197.0
452.0,1177.0
453.0,1188.0
454.0,1192.0
455.0,1177.0
456.0,1256.0
457.0,1288.0
458.0,1424.0
459.0,1802.0
460.0,3335.0
461.0,8410.0
462.0,22852.0
463.0,35843.0
464.0,25208.0
465.0,6315.0
466.0,1457.0
467.0,1120.0
468.0,1018.0
469.0,1000.0
470.0,938.0
471.0,952.0
472.0,956.0
473.0,913.0
474.0,926.0
475.0,884.0
476.0,920.0
477.0,890.0
478.0,832.0
479.0,848.0
480.0,888.0
481.0,880.0
482.0,871.0
483.0,865.0
484.0,875.0
485.0,861.0
486.0,855.0
487.0,851.0
488.0,840.0
489.0,839.0
490.0,857.0
491.0,847.0
492.0,871.0
493.0,824.0
494.0,853.0
495.0,836.0
496.0,865.0
497.0,841.0
498.0,820.0
499.0,820.0
500.0,836.0
501.0,852.0
502.0,861.0
503.0,868.0
504.0,873.0
505.0,845.0
506.0,880.0
507.0,860.0
508.0,872.0
509.0,901.0
510.0,939.0
511.0,924.0
512.0,983.0
513.0,996.0
514.0,1043.0
515.0,1196.0
516.0,1502.0
517.0,2737.0
518.0,6752.0
519.0,14748.0
520.0,18371.0
521.0,18246.0
522.0,20052.0
523.0,12998.0
524.0,3050.0
525.0,1072.0
526.0,928.0
527.0,882.0
528.0,857.0
529.0,839.0
530.0,851.0
531.0,834.0
532.0,815.0
533.0,786.0
534.0,759.0
535.0,748.0
536.0,791.0
537.0,779.0
538.0,791.0
539.0,749.0
540.0,792.0
541.0,776.0
542.0,797.0
543.0,730.0
544.0,739.0
545.0,764.0
546.0,733.0
547.0,742.0
548.0,710.0
549.0,750.0
550.0,760.0
551.0,731.0
552.0,723.0
553.0,736.0
554.0,730.0
555.0,714.0
556.0,736.0
557.0,719.0
558.0,667.0
559.0,729.0
560.0,709.0
561.0,738.0
562.0,708.0
563.0,727.0
564.0,680.0
565.0,741.0
566.0,695.0
567.0,709.0
568.0,681.0
569.0,717.0
570.0,699.0
571.0,728.0
572.0,727.0
573.0,686.0
574.0,715.0
575.0,722.0
576.0,692.0
577.0,701.0
578.0,713.0
579.0,687.0
580.0,732.0
581.0,748.0
582.0,774.0
583.0,755.0
584.0,808.0
585.0,835.0
586.0,929.0
587.0,1376.0
588.0,3138.0
589.0,8100.0
590.0,13358.0
591.0,9557.0
592.0,2542.0
593.0,832.0
594.0,770.0
595.0,734.0
596.0,689.0
597.0,661.0
598.0,667.0
599.0,672.0
600.0,689.0
601.0,652.0
602.0,652.0
603.0,644.0
604.0,621.0
605.0,640.0
606.0,662.0
607.0,650.0
608.0,630.0
609.0,632.0
610.0,661.0
611.0,649.0
612.0,638.0
613.0,628.0
614.0,636.0
615.0,611.0
616.0,642.0
617.0,644.0
618.0,642.0
619.0,620.0
620.0,634.0
621.0,633.0
622.0,632.0
623.0,595.0
624.0,628.0
625.0,614.0
626.0,620.0
627.0,636.0
628.0,601.0
629.0,630.0
630.0,618.0
631.0,596.0
632.0,620.0
633.0,618.0
634.0,596.0
635.0,621.0
636.0,615.0
637.0,599.0
638.0,602.0
639.0,622.0
640.0,584.0
641.0,608.0
642.0,621.0
643.0,589.0
644.0,589.0
645.0,594.0
646.0,596.0
647.0,592.0
648.0,597.0
649.0,570.0
650.0,593.0
651.0,600.0
652.0,615.0
653.0,581.0
654.0,561.0
655.0,596.0
656.0,555.0
657.0,604.0
658.0,570.0
659.0,592.0
660.0,589.0
661.0,575.0
662.0,552.0
663.0,582.0
664.0,592.0
665.0,579.0
666.0,558.0
667.0,572.0
668.0,552.0
669.0,565.0
670.0,547.0
671.0,588.0
672.0,587.0
673.0,552.0
674.0,550.0
675.0,569.0
676.0,563.0
677.0,560.0
678.0,569.0
679.0,572.0
680.0,568.0
681.0,598.0
682.0,541.0
683.0,551.0
684.0,545.0
685.0,570.0
686.0,558.0
687.0,567.0
688.0,543.0
689.0,547.0
690.0,530.0
691.0,534.0
692.0,542.0
693.0,549.0
694.0,545.0
695.0,560.0
696.0,552.0
697.0,550.0
698.0,561.0
699.0,559.0
700.0,566.0
701.0,579.0
702.0,572.0
703.0,556.0
704.0,554.0
705.0,560.0
706.0,579.0
707.0,547.0
708.0,562.0
709.0,538.0
710.0,528.0
711.0,551.0
712.0,581.0
713.0,532.0
714.0,551.0
715.0,568.0
716.0,576.0
717.0,579.0
718.0,561.0
719.0,594.0
720.0,602.0
721.0,626.0
722.0,680.0
723.0,1059.0
724.0,2274.0
725.0,5270.0
726.0,6034.0
727.0,2983.0
728.0,791.0
729.0,556.0
730.0,568.0
731.0,567.0
732.0,530.0
733.0,553.0
734.0,538.0
735.0,543.0
736.0,502.0
737.0,527.0
738.0,538.0
739.0,526.0
740.0,564.0
741.0,535.0
742.0,555.0
743.0,537.0
744.0,525.0
745.0,552.0
746.0,551.0
747.0,520.0
748.0,529.0
749.0,525.0
750.0,563.0
751.0,545.0
752.0,546.0
753.0,577.0
754.0,559.0
755.0,567.0
756.0,560.0
757.0,570.0
758.0,600.0
759.0,632.0
760.0,662.0
761.0,721.0
762.0,783.0
763.0,887.0
764.0,1157.0
765.0,2101.0
766.0,5841.0
767.0,18743.0
768.0,34940.0
769.0,27088.0
770.0,6770.0
771.0,1006.0
772.0,697.0
773.0,623.0
774.0,562.0
775.0,567.0
776.0,522.0
777.0,511.0
778.0,519.0
779.0,513.0
780.0,507.0
781.0,496.0
782.0,515.0
783.0,509.0
784.0,462.0
785.0,474.0
786.0,500.0
787.0,479.0
788.0,471.0
789.0,470.0
790.0,466.0
791.0,464.0
792.0,440.0
793.0,473.0
794.0,451.0
795.0,474.0
796.0,435.0
797.0,451.0
798.0,440.0
799.0,428.0
800.0,436.0
801.0,430.0
802.0,444.0
803.0,416.0
804.0,426.0
805.0,426.0
806.0,426.0
807.0,429.0
808.0,428.0
809.0,413.0
810.0,414.0
811.0,428.0
812.0,403.0
813.0,413.0
814.0,439.0
815.0,406.0
816.0,416.0
817.0,421.0
818.0,401.0
819.0,411.0
820.0,386.0
821.0,426.0
822.0,424.0
823.0,392.0
824.0,423.0
825.0,399.0
826.0,403.0
827.0,390.0
828.0,408.0
829.0,402.0
830.0,412.0
831.0,404.0
832.0,403.0
833.0,408.0
834.0,381.0
835.0,378.0
836.0,394.0
837.0,396.0
838.0,382.0
839.0,382.0
840.0,383.0
841.0,351.0
842.0,376.0
843.0,389.0
844.0,382.0
845.0,377.0
846.0,363.0
847.0,365.0
848.0,370.0
849.0,367.0
850.0,393.0
851.0,363.0
852.0,383.0
853.0,368.0
854.0,381.0
855.0,370.0
856.0,375.0
857.0,384.0
858.0,379.0
859.0,361.0
860.0,376.0
861.0,384.0
862.0,378.0
863.0,386.0
864.0,359.0
865.0,352.0
866.0,376.0
867.0,349.0
868.0,353.0
869.0,336.0
870.0,371.0
871.0,343.0
872.0,359.0
873.0,345.0
874.0,389.0
875.0,351.0
876.0,349.0
877.0,341.0
878.0,360.0
879.0,344.0
880.0,360.0
881.0,353.0
882.0,331.0
883.0,349.0
884.0,356.0
885.0,327.0
886.0,343.0
887.0,328.0
888.0,346.0
889.0,338.0
890.0,343.0
891.0,334.0
892.0,328.0
893.0,342.0
894.0,317.0
895.0,336.0
896.0,324.0
897.0,333.0
898.0,335.0
899.0,333.0
900.0,331.0
901.0,367.0
902.0,330.0
903.0,338.0
904.0,344.0
905.0,335.0
906.0,335.0
907.0,340.0
908.0,326.0
909.0,327.0
910.0,326.0
911.0,335.0
912.0,340.0
913.0,317.0
914.0,326.0
915.0,335.0
916.0,314.0
917.0,345.0
918.0,321.0
919.0,318.0
920.0,343.0
921.0,340.0
922.0,325.0
923.0,311.0
924.0,321.0
925.0,309.0
926.0,332.0
927.0,349.0
928.0,315.0
929.0,339.0
930.0,342.0
931.0,308.0
932.0,351.0
933.0,317.0
934.0,302.0
935.0,332.0
936.0,318.0
937.0,329.0
938.0,338.0
939.0,329.0
940.0,325.0
941.0,306.0
942.0,336.0
943.0,313.0
944.0,317.0
945.0,329.0
946.0,314.0
947.0,309.0
948.0,320.0
949.0,320.0
950.0,341.0
951.0,318.0
952.0,337.0
953.0,318.0
954.0,347.0
955.0,309.0
956.0,311.0
957.0,321.0
958.0,321.0
959.0,333.0
960.0,328.0
961.0,321.0
962.0,320.0
963.0,327.0
964.0,306.0
965.0,318.0
966.0,316.0
967.0,321.0
968.0,310.0
969.0,327.0
970.0,346.0
971.0,312.0
972.0,324.0
973.0,323.0
974.0,317.0
975.0,321.0
976.0,320.0
977.0,323.0
978.0,306.0
979.0,325.0
980.0,319.0
981.0,325.0
982.0,301.0
983.0,315.0
984.0,319.0
985.0,305.0
986.0,305.0
987.0,326.0
988.0,312.0
989.0,296.0
990.0,327.0
991.0,306.0
992.0,314.0
993.0,321.0
994.0,304.0
995.0,310.0
996.0,345.0
997.0,301.0
998.0,318.0
999.0,344.0
1000.0,318.0
1001.0,325.0
1002.0,315.0
1003.0,335.0
1004.0,327.0
1005.0,311.0
1006.0,312.0
1007.0,310.0
1008.0,314.0
1009.0,301.0
1010.0,316.0
1011.0,293.0
1012.0,318.0
1013.0,314.0
1014.0,314.0
1015.0,308.0
1016.0,328.0
1017.0,328.0
1018.0,294.0
1019.0,317.0
1020.0,304.0
1021.0,273.0
1022.0,307.0
1023.0,308.0
