0.0,236.0
1.0,386.0
2.0,320.0
3.0,272.0
4.0,261.0
5.0,253.0
6.0,253.0
7.0,265.0
8.0,288.0
9.0,274.0
10.0,278.0
11.0,288.0
12.0,295.0
13.0,271.0
14.0,312.0
15.0,290.0
16.0,296.0
17.0,292.0
18.0,292.0
19.0,317.0
20.0,299.0
21.0,307.0
22.0,321.0
23.0,297.0
24.0,324.0
25.0,355.0
26.0,349.0
27.0,329.0
28.0,319.0
29.0,319.0
30.0,329.0
31.0,316.0
32.0,330.0
33.0,299.0
34.0,325.0
35.0,313.0
36.0,341.0
37.0,334.0
38.0,327.0
39.0,388.0
40.0,429.0
41.0,451.0
42.0,379.0
43.0,329.0
44.0,348.0
45.0,358.0
46.0,338.0
47.0,353.0
48.0,337.0
49.0,349.0
50.0,350.0
51.0,347.0
52.0,364.0
53.0,362.0
54.0,340.0
55.0,362.0
56.0,363.0
57.0,361.0
58.0,368.0
59.0,367.0
60.0,368.0
61.0,385.0
62.0,400.0
63.0,390.0
64.0,381.0
65.0,415.0
66.0,407.0
67.0,398.0
68.0,416.0
69.0,404.0
70.0,403.0
71.0,440.0
72.0,416.0
73.0,420.0
74.0,485.0
75.0,530.0
76.0,633.0
77.0,647.0
78.0,570.0
79.0,467.0
80.0,426.0
81.0,437.0
82.0,432.0
83.0,419.0
84.0,417.0
85.0,434.0
86.0,450.0
87.0,454.0
88.0,454.0
89.0,429.0
90.0,449.0
91.0,457.0
92.0,430.0
93.0,448.0
94.0,434.0
95.0,442.0
96.0,473.0
97.0,459.0
98.0,449.0
99.0,444.0
100.0,443.0
101.0,463.0
102.0,475.0
103.0,470.0
104.0,444.0
105.0,468.0
106.0,456.0
107.0,472.0
108.0,449.0
109.0,470.0
110.0,465.0
111.0,486.0
112.0,456.0
113.0,504.0
114.0,454.0
115.0,461.0
116.0,474.0
117.0,460.0
118.0,483.0
119.0,499.0
120.0,481.0
121.0,514.0
122.0,496.0
123.0,491.0
124.0,476.0
125.0,489.0
126.0,500.0
127.0,502.0
128.0,515.0
129.0,510.0
130.0,486.0
131.0,496.0
132.0,518.0
133.0,496.0
134.0,509.0
135.0,498.0
136.0,500.0
137.0,510.0
138.0,492.0
139.0,505.0
140.0,554.0
141.0,511.0
142.0,522.0
143.0,519.0
144.0,537.0
145.0,523.0
146.0,527.0
147.0,546.0
148.0,525.0
149.0,501.0
150.0,531.0
151.0,533.0
152.0,522.0
153.0,539.0
154.0,534.0
155.0,544.0
156.0,549.0
157.0,541.0
158.0,541.0
159.0,548.0
160.0,535.0
161.0,557.0
162.0,543.0
163.0,558.0
164.0,571.0
165.0,579.0
166.0,559.0
167.0,537.0
168.0,570.0
169.0,558.0
170.0,543.0
171.0,574.0
172.0,571.0
173.0,600.0
174.0,618.0
175.0,589.0
176.0,579.0
177.0,589.0
178.0,583.0
179.0,573.0
180.0,558.0
181.0,597.0
182.0,592.0
183.0,584.0
184.0,619.0
185.0,600.0
186.0,601.0
187.0,661.0
188.0,645.0
189.0,706.0
190.0,672.0
191.0,591.0
192.0,591.0
193.0,612.0
194.0,594.0
195.0,611.0
196.0,588.0
197.0,590.0
198.0,589.0
199.0,580.0
200.0,582.0
201.0,594.0
202.0,611.0
203.0,599.0
204.0,628.0
205.0,635.0
206.0,635.0
207.0,631.0
208.0,602.0
209.0,625.0
210.0,639.0
211.0,625.0
212.0,600.0
213.0,587.0
214.0,602.0
215.0,621.0
216.0,625.0
217.0,617.0
218.0,607.0
219.0,610.0
220.0,633.0
221.0,618.0
222.0,650.0
223.0,635.0
224.0,648.0
225.0,634.0
226.0,591.0
227.0,619.0
228.0,670.0
229.0,619.0
230.0,649.0
231.0,644.0
232.0,618.0
233.0,614.0
234.0,638.0
235.0,623.0
236.0,623.0
237.0,634.0
238.0,652.0
239.0,667.0
240.0,640.0
241.0,650.0
242.0,658.0
243.0,623.0
244.0,673.0
245.0,668.0
246.0,678.0
247.0,666.0
248.0,628.0
249.0,668.0
250.0,653.0
251.0,629.0
252.0,631.0
253.0,659.0
254.0,658.0
255.0,645.0
256.0,687.0
257.0,650.0
258.0,655.0
259.0,654.0
260.0,669.0
261.0,667.0
262.0,672.0
263.0,681.0
264.0,674.0
265.0,664.0
266.0,676.0
267.0,663.0
268.0,674.0
269.0,698.0
270.0,674.0
271.0,669.0
272.0,726.0
273.0,674.0
274.0,683.0
275.0,664.0
276.0,661.0
277.0,673.0
278.0,702.0
279.0,690.0
280.0,690.0
281.0,721.0
282.0,707.0
283.0,697.0
284.0,684.0
285.0,705.0
286.0,696.0
287.0,717.0
288.0,671.0
289.0,704.0
290.0,676.0
291.0,727.0
292.0,697.0
293.0,726.0
294.0,717.0
295.0,692.0
296.0,689.0
297.0,705.0
298.0,704.0
299.0,723.0
300.0,728.0
301.0,712.0
302.0,710.0
303.0,722.0
304.0,710.0
305.0,740.0
306.0,729.0
307.0,689.0
308.0,749.0
309.0,736.0
310.0,735.0
311.0,729.0
312.0,728.0
313.0,720.0
314.0,735.0
315.0,740.0
316.0,726.0
317.0,752.0
318.0,735.0
319.0,719.0
320.0,745.0
321.0,740.0
322.0,723.0
323.0,732.0
324.0,730.0
325.0,721.0
326.0,736.0
327.0,722.0
328.0,737.0
329.0,744.0
330.0,715.0
331.0,737.0
332.0,753.0
333.0,782.0
334.0,769.0
335.0,765.0
336.0,747.0
337.0,750.0
338.0,741.0
339.0,766.0
340.0,767.0
341.0,760.0
342.0,766.0
343.0,757.0
344.0,744.0
345.0,767.0
346.0,751.0
347.0,751.0
348.0,775.0
349.0,746.0
350.0,792.0
351.0,779.0
352.0,778.0
353.0,762.0
354.0,770.0
355.0,797.0
356.0,811.0
357.0,785.0
358.0,769.0
359.0,769.0
360.0,777.0
361.0,773.0
362.0,758.0
363.0,777.0
364.0,778.0
365.0,769.0
366.0,764.0
367.0,798.0
368.0,780.0
369.0,781.0
370.0,780.0
371.0,777.0
372.0,845.0
373.0,821.0
374.0,798.0
375.0,779.0
376.0,801.0
377.0,789.0
378.0,778.0
379.0,792.0
380.0,786.0
381.0,824.0
382.0,781.0
383.0,790.0
384.0,802.0
385.0,827.0
386.0,749.0
387.0,782.0
388.0,801.0
389.0,791.0
390.0,799.0
391.0,813.0
392.0,797.0
393.0,799.0
394.0,810.0
395.0,790.0
396.0,792.0
397.0,815.0
398.0,770.0
399.0,786.0
400.0,802.0
401.0,786.0
402.0,794.0
403.0,793.0
404.0,807.0
405.0,804.0
406.0,796.0
407.0,782.0
408.0,795.0
409.0,814.0
410.0,794.0
411.0,807.0
412.0,799.0
413.0,842.0
414.0,801.0
415.0,812.0
416.0,785.0
417.0,778.0
418.0,825.0
419.0,789.0
420.0,829.0
421.0,826.0
422.0,814.0
423.0,821.0
424.0,832.0
425.0,775.0
426.0,816.0
427.0,831.0
428.0,825.0
429.0,786.0
430.0,807.0
431.0,821.0
432.0,796.0
433.0,804.0
434.0,813.0
435.0,829.0
436.0,819.0
437.0,818.0
438.0,828.0
439.0,823.0
440.0,793.0
441.0,841.0
442.0,824.0
443.0,818.0
444.0,831.0
445.0,847.0
446.0,828.0
447.0,809.0
448.0,767.0
449.0,834.0
450.0,851.0
451.0,865.0
452.0,820.0
453.0,836.0
454.0,820.0
455.0,870.0
456.0,861.0
457.0,810.0
458.0,828.0
459.0,798.0
460.0,836.0
461.0,851.0
462.0,810.0
463.0,820.0
464.0,902.0
465.0,959.0
466.0,1031.0
467.0,1006.0
468.0,918.0
469.0,846.0
470.0,840.0
471.0,830.0
472.0,841.0
473.0,845.0
474.0,824.0
475.0,812.0
476.0,823.0
477.0,838.0
478.0,836.0
479.0,835.0
480.0,799.0
481.0,812.0
482.0,806.0
483.0,798.0
484.0,838.0
485.0,811.0
486.0,850.0
487.0,845.0
488.0,822.0
489.0,851.0
490.0,849.0
491.0,791.0
492.0,825.0
493.0,877.0
494.0,840.0
495.0,797.0
496.0,834.0
497.0,851.0
498.0,849.0
499.0,858.0
500.0,844.0
501.0,831.0
502.0,830.0
503.0,829.0
504.0,820.0
505.0,830.0
506.0,828.0
507.0,820.0
508.0,831.0
509.0,860.0
510.0,811.0
511.0,835.0
512.0,850.0
513.0,807.0
514.0,812.0
515.0,806.0
516.0,818.0
517.0,823.0
518.0,826.0
519.0,817.0
520.0,824.0
521.0,843.0
522.0,822.0
523.0,821.0
524.0,822.0
525.0,831.0
526.0,832.0
527.0,795.0
528.0,838.0
529.0,797.0
530.0,818.0
531.0,836.0
532.0,847.0
533.0,794.0
534.0,803.0
535.0,829.0
536.0,877.0
537.0,826.0
538.0,823.0
539.0,831.0
540.0,810.0
541.0,814.0
542.0,802.0
543.0,824.0
544.0,796.0
545.0,806.0
546.0,843.0
547.0,817.0
548.0,867.0
549.0,813.0
550.0,808.0
551.0,836.0
552.0,864.0
553.0,814.0
554.0,820.0
555.0,810.0
556.0,818.0
557.0,849.0
558.0,821.0
559.0,786.0
560.0,820.0
561.0,833.0
562.0,800.0
563.0,785.0
564.0,808.0
565.0,824.0
566.0,817.0
567.0,825.0
568.0,816.0
569.0,829.0
570.0,828.0
571.0,805.0
572.0,816.0
573.0,823.0
574.0,797.0
575.0,807.0
576.0,798.0
577.0,800.0
578.0,781.0
579.0,799.0
580.0,804.0
581.0,800.0
582.0,784.0
583.0,823.0
584.0,822.0
585.0,799.0
586.0,795.0
587.0,797.0
588.0,800.0
589.0,780.0
590.0,795.0
591.0,789.0
592.0,802.0
593.0,782.0
594.0,781.0
595.0,780.0
596.0,788.0
597.0,798.0
598.0,768.0
599.0,784.0
600.0,755.0
601.0,776.0
602.0,790.0
603.0,797.0
604.0,797.0
605.0,772.0
606.0,777.0
607.0,790.0
608.0,782.0
609.0,772.0
610.0,741.0
611.0,784.0
612.0,762.0
613.0,799.0
614.0,760.0
615.0,749.0
616.0,781.0
617.0,755.0
618.0,755.0
619.0,766.0
620.0,750.0
621.0,771.0
622.0,767.0
623.0,755.0
624.0,761.0
625.0,751.0
626.0,753.0
627.0,764.0
628.0,750.0
629.0,743.0
630.0,754.0
631.0,750.0
632.0,761.0
633.0,754.0
634.0,746.0
635.0,754.0
636.0,737.0
637.0,780.0
638.0,738.0
639.0,752.0
640.0,741.0
641.0,753.0
642.0,772.0
643.0,754.0
644.0,765.0
645.0,741.0
646.0,729.0
647.0,729.0
648.0,732.0
649.0,739.0
650.0,743.0
651.0,729.0
652.0,731.0
653.0,726.0
654.0,728.0
655.0,727.0
656.0,740.0
657.0,713.0
658.0,726.0
659.0,719.0
660.0,715.0
661.0,733.0
662.0,706.0
663.0,737.0
664.0,726.0
665.0,726.0
666.0,725.0
667.0,713.0
668.0,726.0
669.0,725.0
670.0,726.0
671.0,702.0
672.0,710.0
673.0,713.0
674.0,718.0
675.0,710.0
676.0,705.0
677.0,732.0
678.0,728.0
679.0,791.0
680.0,928.0
681.0,1073.0
682.0,979.0
683.0,825.0
684.0,711.0
685.0,720.0
686.0,694.0
687.0,678.0
688.0,698.0
689.0,710.0
690.0,667.0
691.0,704.0
692.0,676.0
693.0,698.0
694.0,655.0
695.0,666.0
696.0,679.0
697.0,661.0
698.0,671.0
699.0,657.0
700.0,670.0
701.0,679.0
702.0,661.0
703.0,688.0
704.0,654.0
705.0,684.0
706.0,656.0
707.0,652.0
708.0,652.0
709.0,671.0
710.0,648.0
711.0,657.0
712.0,696.0
713.0,646.0
714.0,683.0
715.0,631.0
716.0,676.0
717.0,621.0
718.0,632.0
719.0,669.0
720.0,638.0
721.0,660.0
722.0,645.0
723.0,640.0
724.0,638.0
725.0,637.0
726.0,649.0
727.0,648.0
728.0,643.0
729.0,646.0
730.0,606.0
731.0,634.0
732.0,625.0
733.0,615.0
734.0,624.0
735.0,612.0
736.0,611.0
737.0,612.0
738.0,602.0
739.0,618.0
740.0,641.0
741.0,592.0
742.0,591.0
743.0,597.0
744.0,617.0
745.0,596.0
746.0,624.0
747.0,614.0
748.0,596.0
749.0,616.0
750.0,611.0
751.0,590.0
752.0,559.0
753.0,587.0
754.0,581.0
755.0,590.0
756.0,567.0
757.0,612.0
758.0,608.0
759.0,585.0
760.0,583.0
761.0,573.0
762.0,587.0
763.0,566.0
764.0,585.0
765.0,575.0
766.0,568.0
767.0,589.0
768.0,538.0
769.0,570.0
770.0,546.0
771.0,551.0
772.0,564.0
773.0,547.0
774.0,567.0
775.0,550.0
776.0,572.0
777.0,548.0
778.0,557.0
779.0,567.0
780.0,542.0
781.0,552.0
782.0,554.0
783.0,552.0
784.0,534.0
785.0,514.0
786.0,537.0
787.0,509.0
788.0,543.0
789.0,506.0
790.0,539.0
791.0,508.0
792.0,495.0
793.0,533.0
794.0,525.0
795.0,518.0
796.0,509.0
797.0,529.0
798.0,535.0
799.0,511.0
800.0,521.0
801.0,525.0
802.0,550.0
803.0,534.0
804.0,503.0
805.0,506.0
806.0,499.0
807.0,502.0
808.0,502.0
809.0,505.0
810.0,511.0
811.0,478.0
812.0,506.0
813.0,482.0
814.0,503.0
815.0,469.0
816.0,492.0
817.0,498.0
818.0,495.0
819.0,497.0
820.0,485.0
821.0,487.0
822.0,460.0
823.0,471.0
824.0,461.0
825.0,468.0
826.0,472.0
827.0,473.0
828.0,440.0
829.0,466.0
830.0,440.0
831.0,443.0
832.0,449.0
833.0,468.0
834.0,441.0
835.0,465.0
836.0,434.0
837.0,444.0
838.0,446.0
839.0,459.0
840.0,454.0
841.0,425.0
842.0,433.0
843.0,447.0
844.0,433.0
845.0,458.0
846.0,451.0
847.0,462.0
848.0,423.0
849.0,427.0
850.0,450.0
851.0,425.0
852.0,425.0
853.0,430.0
854.0,443.0
855.0,404.0
856.0,434.0
857.0,442.0
858.0,430.0
859.0,434.0
860.0,422.0
861.0,421.0
862.0,408.0
863.0,405.0
864.0,430.0
865.0,411.0
866.0,410.0
867.0,404.0
868.0,407.0
869.0,427.0
870.0,409.0
871.0,400.0
872.0,423.0
873.0,430.0
874.0,415.0
875.0,408.0
876.0,414.0
877.0,399.0
878.0,426.0
879.0,426.0
880.0,388.0
881.0,394.0
882.0,394.0
883.0,388.0
884.0,397.0
885.0,392.0
886.0,383.0
887.0,413.0
888.0,382.0
889.0,397.0
890.0,388.0
891.0,375.0
892.0,399.0
893.0,403.0
894.0,373.0
895.0,368.0
896.0,369.0
897.0,366.0
898.0,384.0
899.0,390.0
900.0,377.0
901.0,377.0
902.0,372.0
903.0,382.0
904.0,378.0
905.0,390.0
906.0,385.0
907.0,376.0
908.0,390.0
909.0,385.0
910.0,383.0
911.0,377.0
912.0,368.0
913.0,365.0
914.0,373.0
915.0,362.0
916.0,364.0
917.0,374.0
918.0,350.0
919.0,333.0
920.0,357.0
921.0,404.0
922.0,368.0
923.0,330.0
924.0,352.0
925.0,341.0
926.0,344.0
927.0,343.0
928.0,360.0
929.0,361.0
930.0,348.0
931.0,343.0
932.0,354.0
933.0,349.0
934.0,337.0
935.0,346.0
936.0,364.0
937.0,344.0
938.0,336.0
939.0,350.0
940.0,356.0
941.0,351.0
942.0,361.0
943.0,337.0
944.0,333.0
945.0,330.0
946.0,349.0
947.0,328.0
948.0,333.0
949.0,335.0
950.0,319.0
951.0,327.0
952.0,322.0
953.0,325.0
954.0,314.0
955.0,329.0
956.0,332.0
957.0,329.0
958.0,320.0
959.0,321.0
960.0,315.0
961.0,318.0
962.0,334.0
963.0,320.0
964.0,318.0
965.0,341.0
966.0,301.0
967.0,304.0
968.0,335.0
969.0,319.0
970.0,322.0
971.0,325.0
972.0,313.0
973.0,309.0
974.0,310.0
975.0,302.0
976.0,327.0
977.0,305.0
978.0,310.0
979.0,315.0
980.0,302.0
981.0,294.0
982.0,314.0
983.0,316.0
984.0,270.0
985.0,316.0
986.0,332.0
987.0,310.0
988.0,324.0
989.0,307.0
990.0,311.0
991.0,309.0
992.0,299.0
993.0,321.0
994.0,305.0
995.0,296.0
996.0,288.0
997.0,284.0
998.0,297.0
999.0,314.0
1000.0,288.0
1001.0,297.0
1002.0,290.0
1003.0,292.0
1004.0,282.0
1005.0,292.0
1006.0,301.0
1007.0,297.0
1008.0,276.0
1009.0,302.0
1010.0,304.0
1011.0,287.0
1012.0,296.0
1013.0,289.0
1014.0,293.0
1015.0,293.0
1016.0,292.0
1017.0,308.0
1018.0,280.0
1019.0,276.0
1020.0,308.0
1021.0,291.0
1022.0,285.0
1023.0,268.0
