0.0,213.0
1.0,263.0
2.0,236.0
3.0,249.0
4.0,228.0
5.0,269.0
6.0,270.0
7.0,279.0
8.0,278.0
9.0,290.0
10.0,285.0
11.0,289.0
12.0,304.0
13.0,291.0
14.0,314.0
15.0,319.0
16.0,292.0
17.0,304.0
18.0,313.0
19.0,310.0
20.0,289.0
21.0,313.0
22.0,334.0
23.0,337.0
24.0,353.0
25.0,323.0
26.0,313.0
27.0,306.0
28.0,311.0
29.0,322.0
30.0,320.0
31.0,326.0
32.0,338.0
33.0,336.0
34.0,320.0
35.0,335.0
36.0,340.0
37.0,339.0
38.0,403.0
39.0,441.0
40.0,412.0
41.0,372.0
42.0,367.0
43.0,355.0
44.0,339.0
45.0,370.0
46.0,337.0
47.0,348.0
48.0,361.0
49.0,349.0
50.0,341.0
51.0,365.0
52.0,380.0
53.0,348.0
54.0,374.0
55.0,345.0
56.0,354.0
57.0,376.0
58.0,363.0
59.0,369.0
60.0,376.0
61.0,400.0
62.0,374.0
63.0,407.0
64.0,427.0
65.0,411.0
66.0,408.0
67.0,412.0
68.0,427.0
69.0,423.0
70.0,426.0
71.0,427.0
72.0,455.0
73.0,513.0
74.0,604.0
75.0,683.0
76.0,633.0
77.0,489.0
78.0,437.0
79.0,434.0
80.0,452.0
81.0,431.0
82.0,444.0
83.0,427.0
84.0,447.0
85.0,446.0
86.0,434.0
87.0,458.0
88.0,461.0
89.0,432.0
90.0,460.0
91.0,456.0
92.0,465.0
93.0,454.0
94.0,449.0
95.0,469.0
96.0,467.0
97.0,435.0
98.0,454.0
99.0,471.0
100.0,442.0
101.0,463.0
102.0,463.0
103.0,470.0
104.0,477.0
105.0,471.0
106.0,462.0
107.0,473.0
108.0,476.0
109.0,462.0
110.0,515.0
111.0,490.0
112.0,502.0
113.0,461.0
114.0,490.0
115.0,480.0
116.0,481.0
117.0,480.0
118.0,476.0
119.0,495.0
120.0,519.0
121.0,501.0
122.0,495.0
123.0,506.0
124.0,484.0
125.0,537.0
126.0,533.0
127.0,509.0
128.0,490.0
129.0,546.0
130.0,533.0
131.0,519.0
132.0,519.0
133.0,520.0
134.0,504.0
135.0,514.0
136.0,530.0
137.0,505.0
138.0,539.0
139.0,504.0
140.0,523.0
141.0,552.0
142.0,521.0
143.0,537.0
144.0,512.0
145.0,521.0
146.0,538.0
147.0,540.0
148.0,559.0
149.0,545.0
150.0,537.0
151.0,561.0
152.0,550.0
153.0,534.0
154.0,553.0
155.0,554.0
156.0,559.0
157.0,559.0
158.0,580.0
159.0,550.0
160.0,593.0
161.0,561.0
162.0,586.0
163.0,561.0
164.0,548.0
165.0,567.0
166.0,577.0
167.0,575.0
168.0,590.0
169.0,554.0
170.0,596.0
171.0,605.0
172.0,614.0
173.0,617.0
174.0,619.0
175.0,572.0
176.0,580.0
177.0,621.0
178.0,605.0
179.0,608.0
180.0,635.0
181.0,579.0
182.0,610.0
183.0,591.0
184.0,600.0
185.0,595.0
186.0,682.0
187.0,708.0
188.0,694.0
189.0,636.0
190.0,590.0
191.0,598.0
192.0,592.0
193.0,635.0
194.0,620.0
195.0,596.0
196.0,607.0
197.0,608.0
198.0,619.0
199.0,593.0
200.0,591.0
201.0,635.0
202.0,637.0
203.0,646.0
204.0,638.0
205.0,655.0
206.0,629.0
207.0,616.0
208.0,655.0
209.0,641.0
210.0,612.0
211.0,614.0
212.0,633.0
213.0,649.0
214.0,617.0
215.0,642.0
216.0,652.0
217.0,639.0
218.0,657.0
219.0,670.0
220.0,650.0
221.0,634.0
222.0,638.0
223.0,652.0
224.0,646.0
225.0,654.0
226.0,654.0
227.0,659.0
228.0,673.0
229.0,661.0
230.0,648.0
231.0,668.0
232.0,654.0
233.0,666.0
234.0,655.0
235.0,667.0
236.0,685.0
237.0,669.0
238.0,677.0
239.0,686.0
240.0,690.0
241.0,680.0
242.0,660.0
243.0,677.0
244.0,678.0
245.0,675.0
246.0,672.0
247.0,667.0
248.0,690.0
249.0,709.0
250.0,703.0
251.0,662.0
252.0,713.0
253.0,689.0
254.0,705.0
255.0,696.0
256.0,703.0
257.0,695.0
258.0,684.0
259.0,718.0
260.0,675.0
261.0,688.0
262.0,679.0
263.0,693.0
264.0,736.0
265.0,700.0
266.0,723.0
267.0,690.0
268.0,725.0
269.0,697.0
270.0,717.0
271.0,703.0
272.0,739.0
273.0,719.0
274.0,723.0
275.0,747.0
276.0,770.0
277.0,733.0
278.0,737.0
279.0,712.0
280.0,723.0
281.0,744.0
282.0,730.0
283.0,724.0
284.0,738.0
285.0,738.0
286.0,763.0
287.0,743.0
288.0,740.0
289.0,732.0
290.0,748.0
291.0,735.0
292.0,736.0
293.0,720.0
294.0,750.0
295.0,723.0
296.0,722.0
297.0,768.0
298.0,754.0
299.0,765.0
300.0,759.0
301.0,741.0
302.0,747.0
303.0,772.0
304.0,791.0
305.0,769.0
306.0,758.0
307.0,782.0
308.0,770.0
309.0,767.0
310.0,767.0
311.0,785.0
312.0,782.0
313.0,779.0
314.0,772.0
315.0,780.0
316.0,772.0
317.0,780.0
318.0,790.0
319.0,755.0
320.0,763.0
321.0,776.0
322.0,797.0
323.0,774.0
324.0,777.0
325.0,766.0
326.0,793.0
327.0,755.0
328.0,767.0
329.0,764.0
330.0,783.0
331.0,801.0
332.0,784.0
333.0,820.0
334.0,763.0
335.0,796.0
336.0,796.0
337.0,769.0
338.0,798.0
339.0,824.0
340.0,802.0
341.0,767.0
342.0,764.0
343.0,808.0
344.0,793.0
345.0,807.0
346.0,797.0
347.0,796.0
348.0,795.0
349.0,799.0
350.0,790.0
351.0,803.0
352.0,818.0
353.0,873.0
354.0,855.0
355.0,853.0
356.0,830.0
357.0,846.0
358.0,781.0
359.0,813.0
360.0,818.0
361.0,805.0
362.0,824.0
363.0,826.0
364.0,849.0
365.0,836.0
366.0,837.0
367.0,822.0
368.0,812.0
369.0,833.0
370.0,882.0
371.0,902.0
372.0,864.0
373.0,850.0
374.0,837.0
375.0,811.0
376.0,853.0
377.0,846.0
378.0,821.0
379.0,815.0
380.0,865.0
381.0,811.0
382.0,847.0
383.0,855.0
384.0,862.0
385.0,827.0
386.0,842.0
387.0,822.0
388.0,839.0
389.0,810.0
390.0,848.0
391.0,845.0
392.0,849.0
393.0,828.0
394.0,832.0
395.0,817.0
396.0,843.0
397.0,860.0
398.0,833.0
399.0,806.0
400.0,853.0
401.0,869.0
402.0,867.0
403.0,860.0
404.0,893.0
405.0,855.0
406.0,883.0
407.0,871.0
408.0,860.0
409.0,853.0
410.0,850.0
411.0,858.0
412.0,855.0
413.0,850.0
414.0,841.0
415.0,861.0
416.0,850.0
417.0,848.0
418.0,892.0
419.0,849.0
420.0,862.0
421.0,837.0
422.0,827.0
423.0,850.0
424.0,872.0
425.0,880.0
426.0,875.0
427.0,872.0
428.0,871.0
429.0,888.0
430.0,875.0
431.0,892.0
432.0,866.0
433.0,857.0
434.0,849.0
435.0,857.0
436.0,891.0
437.0,855.0
438.0,888.0
439.0,874.0
440.0,867.0
441.0,860.0
442.0,892.0
443.0,895.0
444.0,884.0
445.0,895.0
446.0,857.0
447.0,885.0
448.0,882.0
449.0,872.0
450.0,870.0
451.0,891.0
452.0,892.0
453.0,893.0
454.0,906.0
455.0,871.0
456.0,895.0
457.0,879.0
458.0,870.0
459.0,916.0
460.0,887.0
461.0,869.0
462.0,951.0
463.0,983.0
464.0,1120.0
465.0,1107.0
466.0,1003.0
467.0,913.0
468.0,877.0
469.0,869.0
470.0,902.0
471.0,873.0
472.0,901.0
473.0,879.0
474.0,897.0
475.0,880.0
476.0,872.0
477.0,911.0
478.0,870.0
479.0,875.0
480.0,868.0
481.0,878.0
482.0,867.0
483.0,868.0
484.0,892.0
485.0,883.0
486.0,887.0
487.0,871.0
488.0,898.0
489.0,874.0
490.0,880.0
491.0,869.0
492.0,903.0
493.0,878.0
494.0,914.0
495.0,910.0
496.0,941.0
497.0,928.0
498.0,902.0
499.0,856.0
500.0,901.0
501.0,867.0
502.0,886.0
503.0,866.0
504.0,898.0
505.0,876.0
506.0,879.0
507.0,881.0
508.0,896.0
509.0,888.0
510.0,886.0
511.0,914.0
512.0,881.0
513.0,882.0
514.0,869.0
515.0,895.0
516.0,894.0
517.0,892.0
518.0,900.0
519.0,914.0
520.0,905.0
521.0,888.0
522.0,902.0
523.0,879.0
524.0,871.0
525.0,876.0
526.0,901.0
527.0,858.0
528.0,907.0
529.0,908.0
530.0,894.0
531.0,918.0
532.0,879.0
533.0,865.0
534.0,905.0
535.0,890.0
536.0,862.0
537.0,870.0
538.0,903.0
539.0,860.0
540.0,877.0
541.0,893.0
542.0,858.0
543.0,861.0
544.0,870.0
545.0,896.0
546.0,898.0
547.0,878.0
548.0,858.0
549.0,882.0
550.0,903.0
551.0,838.0
552.0,889.0
553.0,886.0
554.0,886.0
555.0,862.0
556.0,855.0
557.0,845.0
558.0,852.0
559.0,885.0
560.0,865.0
561.0,880.0
562.0,832.0
563.0,847.0
564.0,852.0
565.0,864.0
566.0,893.0
567.0,880.0
568.0,863.0
569.0,880.0
570.0,872.0
571.0,899.0
572.0,864.0
573.0,837.0
574.0,842.0
575.0,834.0
576.0,859.0
577.0,843.0
578.0,821.0
579.0,842.0
580.0,863.0
581.0,823.0
582.0,877.0
583.0,835.0
584.0,854.0
585.0,835.0
586.0,825.0
587.0,876.0
588.0,855.0
589.0,827.0
590.0,846.0
591.0,852.0
592.0,864.0
593.0,855.0
594.0,862.0
595.0,825.0
596.0,866.0
597.0,848.0
598.0,839.0
599.0,805.0
600.0,832.0
601.0,807.0
602.0,821.0
603.0,826.0
604.0,822.0
605.0,838.0
606.0,847.0
607.0,805.0
608.0,839.0
609.0,828.0
610.0,823.0
611.0,834.0
612.0,828.0
613.0,812.0
614.0,786.0
615.0,768.0
616.0,805.0
617.0,814.0
618.0,821.0
619.0,823.0
620.0,810.0
621.0,809.0
622.0,837.0
623.0,800.0
624.0,817.0
625.0,825.0
626.0,824.0
627.0,834.0
628.0,822.0
629.0,813.0
630.0,807.0
631.0,799.0
632.0,816.0
633.0,798.0
634.0,786.0
635.0,808.0
636.0,800.0
637.0,793.0
638.0,790.0
639.0,777.0
640.0,768.0
641.0,764.0
642.0,787.0
643.0,812.0
644.0,777.0
645.0,801.0
646.0,773.0
647.0,780.0
648.0,744.0
649.0,797.0
650.0,772.0
651.0,771.0
652.0,779.0
653.0,779.0
654.0,785.0
655.0,791.0
656.0,765.0
657.0,761.0
658.0,796.0
659.0,773.0
660.0,772.0
661.0,756.0
662.0,766.0
663.0,774.0
664.0,755.0
665.0,759.0
666.0,762.0
667.0,774.0
668.0,768.0
669.0,772.0
670.0,770.0
671.0,764.0
672.0,755.0
673.0,745.0
674.0,764.0
675.0,781.0
676.0,795.0
677.0,807.0
678.0,907.0
679.0,1082.0
680.0,1134.0
681.0,948.0
682.0,790.0
683.0,765.0
684.0,780.0
685.0,755.0
686.0,739.0
687.0,745.0
688.0,729.0
689.0,739.0
690.0,743.0
691.0,741.0
692.0,733.0
693.0,724.0
694.0,755.0
695.0,709.0
696.0,738.0
697.0,725.0
698.0,718.0
699.0,748.0
700.0,708.0
701.0,735.0
702.0,714.0
703.0,702.0
704.0,695.0
705.0,693.0
706.0,719.0
707.0,727.0
708.0,720.0
709.0,726.0
710.0,729.0
711.0,720.0
712.0,709.0
713.0,718.0
714.0,705.0
715.0,694.0
716.0,685.0
717.0,696.0
718.0,698.0
719.0,686.0
720.0,686.0
721.0,692.0
722.0,691.0
723.0,686.0
724.0,694.0
725.0,694.0
726.0,675.0
727.0,687.0
728.0,661.0
729.0,679.0
730.0,645.0
731.0,689.0
732.0,661.0
733.0,655.0
734.0,666.0
735.0,659.0
736.0,651.0
737.0,662.0
738.0,639.0
739.0,671.0
740.0,661.0
741.0,656.0
742.0,653.0
743.0,671.0
744.0,645.0
745.0,641.0
746.0,650.0
747.0,635.0
748.0,626.0
749.0,655.0
750.0,652.0
751.0,636.0
752.0,630.0
753.0,615.0
754.0,609.0
755.0,632.0
756.0,628.0
757.0,622.0
758.0,624.0
759.0,603.0
760.0,600.0
761.0,627.0
762.0,591.0
763.0,604.0
764.0,609.0
765.0,573.0
766.0,606.0
767.0,597.0
768.0,617.0
769.0,606.0
770.0,590.0
771.0,590.0
772.0,597.0
773.0,596.0
774.0,601.0
775.0,594.0
776.0,576.0
777.0,577.0
778.0,586.0
779.0,560.0
780.0,552.0
781.0,549.0
782.0,576.0
783.0,572.0
784.0,572.0
785.0,556.0
786.0,591.0
787.0,566.0
788.0,576.0
789.0,552.0
790.0,555.0
791.0,534.0
792.0,581.0
793.0,546.0
794.0,555.0
795.0,541.0
796.0,541.0
797.0,542.0
798.0,537.0
799.0,563.0
800.0,555.0
801.0,584.0
802.0,581.0
803.0,538.0
804.0,540.0
805.0,536.0
806.0,540.0
807.0,524.0
808.0,533.0
809.0,514.0
810.0,530.0
811.0,531.0
812.0,532.0
813.0,514.0
814.0,513.0
815.0,500.0
816.0,515.0
817.0,494.0
818.0,508.0
819.0,522.0
820.0,487.0
821.0,504.0
822.0,487.0
823.0,491.0
824.0,497.0
825.0,492.0
826.0,512.0
827.0,495.0
828.0,498.0
829.0,480.0
830.0,489.0
831.0,500.0
832.0,488.0
833.0,466.0
834.0,471.0
835.0,478.0
836.0,492.0
837.0,478.0
838.0,456.0
839.0,483.0
840.0,486.0
841.0,468.0
842.0,470.0
843.0,497.0
844.0,485.0
845.0,473.0
846.0,457.0
847.0,455.0
848.0,444.0
849.0,473.0
850.0,473.0
851.0,439.0
852.0,468.0
853.0,459.0
854.0,472.0
855.0,460.0
856.0,460.0
857.0,465.0
858.0,461.0
859.0,467.0
860.0,460.0
861.0,440.0
862.0,446.0
863.0,419.0
864.0,458.0
865.0,434.0
866.0,421.0
867.0,449.0
868.0,430.0
869.0,421.0
870.0,414.0
871.0,423.0
872.0,438.0
873.0,427.0
874.0,415.0
875.0,422.0
876.0,440.0
877.0,424.0
878.0,420.0
879.0,427.0
880.0,420.0
881.0,419.0
882.0,419.0
883.0,412.0
884.0,413.0
885.0,419.0
886.0,403.0
887.0,408.0
888.0,393.0
889.0,415.0
890.0,386.0
891.0,411.0
892.0,390.0
893.0,406.0
894.0,394.0
895.0,420.0
896.0,403.0
897.0,384.0
898.0,429.0
899.0,404.0
900.0,383.0
901.0,415.0
902.0,397.0
903.0,397.0
904.0,373.0
905.0,395.0
906.0,384.0
907.0,416.0
908.0,371.0
909.0,387.0
910.0,374.0
911.0,373.0
912.0,369.0
913.0,404.0
914.0,372.0
915.0,384.0
916.0,368.0
917.0,383.0
918.0,383.0
919.0,354.0
920.0,358.0
921.0,365.0
922.0,401.0
923.0,369.0
924.0,353.0
925.0,401.0
926.0,363.0
927.0,369.0
928.0,365.0
929.0,377.0
930.0,379.0
931.0,357.0
932.0,325.0
933.0,358.0
934.0,357.0
935.0,377.0
936.0,348.0
937.0,355.0
938.0,337.0
939.0,343.0
940.0,387.0
941.0,348.0
942.0,365.0
943.0,343.0
944.0,370.0
945.0,355.0
946.0,358.0
947.0,336.0
948.0,349.0
949.0,348.0
950.0,342.0
951.0,348.0
952.0,332.0
953.0,334.0
954.0,346.0
955.0,320.0
956.0,348.0
957.0,324.0
958.0,341.0
959.0,332.0
960.0,333.0
961.0,334.0
962.0,344.0
963.0,340.0
964.0,327.0
965.0,322.0
966.0,310.0
967.0,335.0
968.0,332.0
969.0,328.0
970.0,323.0
971.0,320.0
972.0,315.0
973.0,317.0
974.0,313.0
975.0,318.0
976.0,305.0
977.0,327.0
978.0,336.0
979.0,314.0
980.0,298.0
981.0,318.0
982.0,323.0
983.0,331.0
984.0,326.0
985.0,301.0
986.0,319.0
987.0,346.0
988.0,325.0
989.0,340.0
990.0,287.0
991.0,301.0
992.0,300.0
993.0,315.0
994.0,322.0
995.0,314.0
996.0,301.0
997.0,296.0
998.0,310.0
999.0,300.0
1000.0,293.0
1001.0,312.0
1002.0,316.0
1003.0,323.0
1004.0,303.0
1005.0,322.0
1006.0,300.0
1007.0,305.0
1008.0,285.0
1009.0,298.0
1010.0,308.0
1011.0,308.0
1012.0,315.0
1013.0,301.0
1014.0,302.0
1015.0,290.0
1016.0,316.0
1017.0,302.0
1018.0,306.0
1019.0,311.0
1020.0,292.0
1021.0,290.0
1022.0,312.0
1023.0,310.0
