0.0,117.0
1.0,189.0
2.0,219.0
3.0,233.0
4.0,238.0
5.0,252.0
6.0,272.0
7.0,261.0
8.0,278.0
9.0,293.0
10.0,281.0
11.0,279.0
12.0,280.0
13.0,284.0
14.0,293.0
15.0,299.0
16.0,285.0
17.0,341.0
18.0,393.0
19.0,591.0
20.0,1006.0
21.0,1216.0
22.0,865.0
23.0,428.0
24.0,313.0
25.0,285.0
26.0,292.0
27.0,304.0
28.0,313.0
29.0,286.0
30.0,288.0
31.0,289.0
32.0,300.0
33.0,315.0
34.0,307.0
35.0,314.0
36.0,308.0
37.0,308.0
38.0,287.0
39.0,315.0
40.0,311.0
41.0,302.0
42.0,309.0
43.0,320.0
44.0,327.0
45.0,312.0
46.0,325.0
47.0,317.0
48.0,326.0
49.0,320.0
50.0,327.0
51.0,317.0
52.0,342.0
53.0,339.0
54.0,344.0
55.0,365.0
56.0,350.0
57.0,347.0
58.0,335.0
59.0,360.0
60.0,376.0
61.0,379.0
62.0,378.0
63.0,372.0
64.0,401.0
65.0,377.0
66.0,380.0
67.0,394.0
68.0,394.0
69.0,382.0
70.0,409.0
71.0,392.0
72.0,384.0
73.0,392.0
74.0,380.0
75.0,388.0
76.0,374.0
77.0,400.0
78.0,398.0
79.0,414.0
80.0,377.0
81.0,402.0
82.0,394.0
83.0,413.0
84.0,395.0
85.0,398.0
86.0,426.0
87.0,409.0
88.0,407.0
89.0,417.0
90.0,401.0
91.0,421.0
92.0,430.0
93.0,391.0
94.0,418.0
95.0,421.0
96.0,403.0
97.0,431.0
98.0,433.0
99.0,409.0
100.0,419.0
101.0,438.0
102.0,433.0
103.0,435.0
104.0,414.0
105.0,439.0
106.0,449.0
107.0,435.0
108.0,448.0
109.0,405.0
110.0,418.0
111.0,448.0
112.0,449.0
113.0,457.0
114.0,472.0
115.0,434.0
116.0,461.0
117.0,465.0
118.0,443.0
119.0,462.0
120.0,461.0
121.0,457.0
122.0,476.0
123.0,468.0
124.0,461.0
125.0,446.0
126.0,441.0
127.0,459.0
128.0,467.0
129.0,469.0
130.0,481.0
131.0,466.0
132.0,486.0
133.0,493.0
134.0,485.0
135.0,481.0
136.0,469.0
137.0,488.0
138.0,468.0
139.0,474.0
140.0,484.0
141.0,489.0
142.0,499.0
143.0,506.0
144.0,502.0
145.0,487.0
146.0,467.0
147.0,523.0
148.0,508.0
149.0,530.0
150.0,519.0
151.0,497.0
152.0,516.0
153.0,525.0
154.0,537.0
155.0,522.0
156.0,513.0
157.0,513.0
158.0,529.0
159.0,513.0
160.0,546.0
161.0,549.0
162.0,547.0
163.0,516.0
164.0,541.0
165.0,526.0
166.0,528.0
167.0,539.0
168.0,526.0
169.0,537.0
170.0,539.0
171.0,529.0
172.0,578.0
173.0,559.0
174.0,535.0
175.0,562.0
176.0,539.0
177.0,565.0
178.0,567.0
179.0,580.0
180.0,561.0
181.0,536.0
182.0,561.0
183.0,554.0
184.0,562.0
185.0,558.0
186.0,558.0
187.0,572.0
188.0,590.0
189.0,552.0
190.0,591.0
191.0,572.0
192.0,587.0
193.0,593.0
194.0,547.0
195.0,561.0
196.0,584.0
197.0,585.0
198.0,579.0
199.0,570.0
200.0,584.0
201.0,567.0
202.0,596.0
203.0,608.0
204.0,589.0
205.0,586.0
206.0,596.0
207.0,620.0
208.0,591.0
209.0,597.0
210.0,574.0
211.0,636.0
212.0,596.0
213.0,579.0
214.0,626.0
215.0,595.0
216.0,616.0
217.0,607.0
218.0,631.0
219.0,604.0
220.0,645.0
221.0,597.0
222.0,628.0
223.0,634.0
224.0,613.0
225.0,623.0
226.0,631.0
227.0,626.0
228.0,610.0
229.0,607.0
230.0,632.0
231.0,581.0
232.0,659.0
233.0,626.0
234.0,643.0
235.0,672.0
236.0,672.0
237.0,653.0
238.0,624.0
239.0,626.0
240.0,641.0
241.0,648.0
242.0,644.0
243.0,674.0
244.0,649.0
245.0,684.0
246.0,680.0
247.0,679.0
248.0,654.0
249.0,663.0
250.0,663.0
251.0,650.0
252.0,664.0
253.0,676.0
254.0,672.0
255.0,675.0
256.0,682.0
257.0,697.0
258.0,653.0
259.0,685.0
260.0,673.0
261.0,685.0
262.0,667.0
263.0,678.0
264.0,662.0
265.0,690.0
266.0,688.0
267.0,694.0
268.0,712.0
269.0,695.0
270.0,718.0
271.0,700.0
272.0,653.0
273.0,687.0
274.0,672.0
275.0,703.0
276.0,672.0
277.0,701.0
278.0,712.0
279.0,699.0
280.0,712.0
281.0,694.0
282.0,689.0
283.0,696.0
284.0,721.0
285.0,714.0
286.0,722.0
287.0,748.0
288.0,694.0
289.0,722.0
290.0,683.0
291.0,693.0
292.0,683.0
293.0,715.0
294.0,695.0
295.0,721.0
296.0,729.0
297.0,694.0
298.0,719.0
299.0,741.0
300.0,731.0
301.0,755.0
302.0,734.0
303.0,716.0
304.0,748.0
305.0,743.0
306.0,742.0
307.0,743.0
308.0,736.0
309.0,734.0
310.0,729.0
311.0,748.0
312.0,751.0
313.0,740.0
314.0,752.0
315.0,744.0
316.0,741.0
317.0,744.0
318.0,760.0
319.0,749.0
320.0,749.0
321.0,745.0
322.0,765.0
323.0,738.0
324.0,759.0
325.0,765.0
326.0,774.0
327.0,754.0
328.0,732.0
329.0,774.0
330.0,776.0
331.0,761.0
332.0,757.0
333.0,730.0
334.0,769.0
335.0,757.0
336.0,753.0
337.0,766.0
338.0,766.0
339.0,774.0
340.0,790.0
341.0,782.0
342.0,773.0
343.0,782.0
344.0,769.0
345.0,789.0
346.0,789.0
347.0,793.0
348.0,776.0
349.0,768.0
350.0,807.0
351.0,784.0
352.0,769.0
353.0,802.0
354.0,795.0
355.0,823.0
356.0,795.0
357.0,788.0
358.0,808.0
359.0,788.0
360.0,796.0
361.0,791.0
362.0,820.0
363.0,826.0
364.0,823.0
365.0,799.0
366.0,792.0
367.0,825.0
368.0,790.0
369.0,789.0
370.0,800.0
371.0,773.0
372.0,806.0
373.0,805.0
374.0,810.0
375.0,801.0
376.0,810.0
377.0,806.0
378.0,818.0
379.0,806.0
380.0,813.0
381.0,807.0
382.0,824.0
383.0,813.0
384.0,861.0
385.0,865.0
386.0,867.0
387.0,840.0
388.0,785.0
389.0,819.0
390.0,818.0
391.0,839.0
392.0,861.0
393.0,831.0
394.0,815.0
395.0,828.0
396.0,825.0
397.0,825.0
398.0,793.0
399.0,818.0
400.0,847.0
401.0,830.0
402.0,798.0
403.0,814.0
404.0,837.0
405.0,826.0
406.0,839.0
407.0,839.0
408.0,821.0
409.0,855.0
410.0,875.0
411.0,923.0
412.0,942.0
413.0,982.0
414.0,895.0
415.0,854.0
416.0,831.0
417.0,847.0
418.0,821.0
419.0,849.0
420.0,822.0
421.0,845.0
422.0,845.0
423.0,849.0
424.0,833.0
425.0,811.0
426.0,839.0
427.0,815.0
428.0,842.0
429.0,828.0
430.0,861.0
431.0,865.0
432.0,852.0
433.0,851.0
434.0,863.0
435.0,843.0
436.0,860.0
437.0,862.0
438.0,843.0
439.0,826.0
440.0,813.0
441.0,855.0
442.0,839.0
443.0,851.0
444.0,856.0
445.0,837.0
446.0,853.0
447.0,864.0
448.0,885.0
449.0,905.0
450.0,977.0
451.0,972.0
452.0,895.0
453.0,873.0
454.0,864.0
455.0,852.0
456.0,842.0
457.0,858.0
458.0,852.0
459.0,840.0
460.0,842.0
461.0,837.0
462.0,860.0
463.0,858.0
464.0,823.0
465.0,884.0
466.0,856.0
467.0,838.0
468.0,835.0
469.0,851.0
470.0,837.0
471.0,886.0
472.0,840.0
473.0,863.0
474.0,874.0
475.0,836.0
476.0,802.0
477.0,854.0
478.0,867.0
479.0,826.0
480.0,846.0
481.0,858.0
482.0,842.0
483.0,829.0
484.0,837.0
485.0,869.0
486.0,837.0
487.0,869.0
488.0,852.0
489.0,867.0
490.0,847.0
491.0,880.0
492.0,864.0
493.0,849.0
494.0,851.0
495.0,878.0
496.0,856.0
497.0,847.0
498.0,841.0
499.0,847.0
500.0,848.0
501.0,871.0
502.0,854.0
503.0,838.0
504.0,837.0
505.0,855.0
506.0,821.0
507.0,853.0
508.0,857.0
509.0,855.0
510.0,852.0
511.0,840.0
512.0,825.0
513.0,817.0
514.0,862.0
515.0,855.0
516.0,862.0
517.0,826.0
518.0,830.0
519.0,829.0
520.0,831.0
521.0,873.0
522.0,867.0
523.0,838.0
524.0,837.0
525.0,797.0
526.0,846.0
527.0,846.0
528.0,821.0
529.0,852.0
530.0,850.0
531.0,838.0
532.0,870.0
533.0,866.0
534.0,857.0
535.0,848.0
536.0,846.0
537.0,874.0
538.0,851.0
539.0,859.0
540.0,884.0
541.0,872.0
542.0,903.0
543.0,990.0
544.0,1215.0
545.0,2112.0
546.0,3914.0
547.0,4599.0
548.0,2773.0
549.0,1157.0
550.0,935.0
551.0,873.0
552.0,845.0
553.0,842.0
554.0,835.0
555.0,839.0
556.0,849.0
557.0,864.0
558.0,860.0
559.0,828.0
560.0,823.0
561.0,812.0
562.0,822.0
563.0,831.0
564.0,811.0
565.0,801.0
566.0,814.0
567.0,833.0
568.0,840.0
569.0,829.0
570.0,809.0
571.0,817.0
572.0,784.0
573.0,815.0
574.0,798.0
575.0,758.0
576.0,790.0
577.0,810.0
578.0,809.0
579.0,782.0
580.0,807.0
581.0,816.0
582.0,786.0
583.0,779.0
584.0,794.0
585.0,814.0
586.0,849.0
587.0,777.0
588.0,810.0
589.0,802.0
590.0,790.0
591.0,793.0
592.0,821.0
593.0,817.0
594.0,757.0
595.0,787.0
596.0,774.0
597.0,770.0
598.0,778.0
599.0,780.0
600.0,771.0
601.0,811.0
602.0,791.0
603.0,789.0
604.0,771.0
605.0,775.0
606.0,778.0
607.0,799.0
608.0,768.0
609.0,777.0
610.0,761.0
611.0,749.0
612.0,767.0
613.0,768.0
614.0,763.0
615.0,759.0
616.0,775.0
617.0,783.0
618.0,766.0
619.0,751.0
620.0,789.0
621.0,754.0
622.0,750.0
623.0,789.0
624.0,738.0
625.0,750.0
626.0,743.0
627.0,784.0
628.0,745.0
629.0,748.0
630.0,770.0
631.0,743.0
632.0,773.0
633.0,708.0
634.0,742.0
635.0,718.0
636.0,723.0
637.0,757.0
638.0,752.0
639.0,712.0
640.0,729.0
641.0,735.0
642.0,745.0
643.0,721.0
644.0,736.0
645.0,749.0
646.0,720.0
647.0,703.0
648.0,714.0
649.0,704.0
650.0,734.0
651.0,715.0
652.0,702.0
653.0,710.0
654.0,707.0
655.0,706.0
656.0,723.0
657.0,720.0
658.0,701.0
659.0,694.0
660.0,684.0
661.0,711.0
662.0,711.0
663.0,681.0
664.0,730.0
665.0,697.0
666.0,696.0
667.0,695.0
668.0,693.0
669.0,686.0
670.0,677.0
671.0,704.0
672.0,671.0
673.0,699.0
674.0,661.0
675.0,666.0
676.0,682.0
677.0,672.0
678.0,686.0
679.0,667.0
680.0,687.0
681.0,673.0
682.0,660.0
683.0,652.0
684.0,679.0
685.0,656.0
686.0,684.0
687.0,658.0
688.0,670.0
689.0,660.0
690.0,646.0
691.0,660.0
692.0,655.0
693.0,633.0
694.0,644.0
695.0,636.0
696.0,646.0
697.0,654.0
698.0,653.0
699.0,639.0
700.0,650.0
701.0,610.0
702.0,608.0
703.0,614.0
704.0,668.0
705.0,646.0
706.0,643.0
707.0,667.0
708.0,641.0
709.0,607.0
710.0,631.0
711.0,648.0
712.0,622.0
713.0,647.0
714.0,655.0
715.0,626.0
716.0,621.0
717.0,624.0
718.0,629.0
719.0,596.0
720.0,629.0
721.0,619.0
722.0,638.0
723.0,614.0
724.0,596.0
725.0,621.0
726.0,609.0
727.0,626.0
728.0,622.0
729.0,599.0
730.0,604.0
731.0,611.0
732.0,621.0
733.0,593.0
734.0,610.0
735.0,575.0
736.0,615.0
737.0,579.0
738.0,619.0
739.0,581.0
740.0,571.0
741.0,589.0
742.0,572.0
743.0,587.0
744.0,592.0
745.0,577.0
746.0,566.0
747.0,566.0
748.0,574.0
749.0,549.0
750.0,569.0
751.0,582.0
752.0,541.0
753.0,551.0
754.0,556.0
755.0,565.0
756.0,571.0
757.0,544.0
758.0,569.0
759.0,557.0
760.0,566.0
761.0,569.0
762.0,553.0
763.0,554.0
764.0,558.0
765.0,588.0
766.0,593.0
767.0,621.0
768.0,830.0
769.0,1453.0
770.0,2929.0
771.0,3252.0
772.0,1709.0
773.0,726.0
774.0,580.0
775.0,567.0
776.0,547.0
777.0,533.0
778.0,539.0
779.0,522.0
780.0,525.0
781.0,518.0
782.0,508.0
783.0,516.0
784.0,514.0
785.0,499.0
786.0,500.0
787.0,489.0
788.0,512.0
789.0,502.0
790.0,492.0
791.0,493.0
792.0,478.0
793.0,495.0
794.0,500.0
795.0,494.0
796.0,482.0
797.0,495.0
798.0,475.0
799.0,504.0
800.0,506.0
801.0,507.0
802.0,462.0
803.0,468.0
804.0,481.0
805.0,476.0
806.0,463.0
807.0,492.0
808.0,465.0
809.0,454.0
810.0,482.0
811.0,452.0
812.0,464.0
813.0,476.0
814.0,466.0
815.0,493.0
816.0,512.0
817.0,579.0
818.0,530.0
819.0,495.0
820.0,459.0
821.0,445.0
822.0,442.0
823.0,422.0
824.0,461.0
825.0,401.0
826.0,450.0
827.0,465.0
828.0,442.0
829.0,435.0
830.0,453.0
831.0,445.0
832.0,424.0
833.0,439.0
834.0,441.0
835.0,450.0
836.0,443.0
837.0,438.0
838.0,431.0
839.0,414.0
840.0,407.0
841.0,426.0
842.0,439.0
843.0,437.0
844.0,422.0
845.0,408.0
846.0,429.0
847.0,444.0
848.0,419.0
849.0,417.0
850.0,429.0
851.0,418.0
852.0,402.0
853.0,412.0
854.0,401.0
855.0,408.0
856.0,393.0
857.0,399.0
858.0,396.0
859.0,403.0
860.0,396.0
861.0,381.0
862.0,381.0
863.0,373.0
864.0,396.0
865.0,407.0
866.0,381.0
867.0,382.0
868.0,389.0
869.0,407.0
870.0,398.0
871.0,373.0
872.0,380.0
873.0,382.0
874.0,384.0
875.0,390.0
876.0,373.0
877.0,388.0
878.0,360.0
879.0,382.0
880.0,365.0
881.0,382.0
882.0,347.0
883.0,372.0
884.0,381.0
885.0,364.0
886.0,381.0
887.0,359.0
888.0,359.0
889.0,376.0
890.0,352.0
891.0,359.0
892.0,364.0
893.0,368.0
894.0,377.0
895.0,338.0
896.0,352.0
897.0,347.0
898.0,329.0
899.0,362.0
900.0,361.0
901.0,382.0
902.0,359.0
903.0,357.0
904.0,360.0
905.0,335.0
906.0,357.0
907.0,359.0
908.0,356.0
909.0,348.0
910.0,352.0
911.0,351.0
912.0,350.0
913.0,330.0
914.0,350.0
915.0,323.0
916.0,339.0
917.0,335.0
918.0,333.0
919.0,333.0
920.0,357.0
921.0,325.0
922.0,308.0
923.0,354.0
924.0,333.0
925.0,323.0
926.0,319.0
927.0,349.0
928.0,326.0
929.0,338.0
930.0,329.0
931.0,344.0
932.0,326.0
933.0,317.0
934.0,356.0
935.0,319.0
936.0,335.0
937.0,331.0
938.0,346.0
939.0,335.0
940.0,322.0
941.0,333.0
942.0,332.0
943.0,353.0
944.0,321.0
945.0,328.0
946.0,340.0
947.0,307.0
948.0,331.0
949.0,330.0
950.0,329.0
951.0,331.0
952.0,324.0
953.0,352.0
954.0,339.0
955.0,320.0
956.0,337.0
957.0,322.0
958.0,329.0
959.0,326.0
960.0,313.0
961.0,323.0
962.0,310.0
963.0,321.0
964.0,308.0
965.0,327.0
966.0,303.0
967.0,311.0
968.0,293.0
969.0,314.0
970.0,308.0
971.0,293.0
972.0,322.0
973.0,307.0
974.0,309.0
975.0,308.0
976.0,302.0
977.0,316.0
978.0,297.0
979.0,292.0
980.0,309.0
981.0,286.0
982.0,328.0
983.0,306.0
984.0,288.0
985.0,281.0
986.0,302.0
987.0,299.0
988.0,294.0
989.0,310.0
990.0,285.0
991.0,309.0
992.0,312.0
993.0,305.0
994.0,286.0
995.0,303.0
996.0,278.0
997.0,305.0
998.0,282.0
999.0,283.0
1000.0,268.0
1001.0,327.0
1002.0,290.0
1003.0,287.0
1004.0,300.0
1005.0,309.0
1006.0,286.0
1007.0,303.0
1008.0,295.0
1009.0,279.0
1010.0,283.0
1011.0,284.0
1012.0,288.0
1013.0,304.0
1014.0,328.0
1015.0,306.0
1016.0,294.0
1017.0,288.0
1018.0,294.0
1019.0,292.0
1020.0,297.0
1021.0,288.0
1022.0,283.0
1023.0,287.0
