0.0,167.0
1.0,216.0
2.0,228.0
3.0,242.0
4.0,245.0
5.0,266.0
6.0,251.0
7.0,296.0
8.0,285.0
9.0,295.0
10.0,307.0
11.0,281.0
12.0,299.0
13.0,312.0
14.0,311.0
15.0,302.0
16.0,309.0
17.0,304.0
18.0,319.0
19.0,324.0
20.0,311.0
21.0,321.0
22.0,324.0
23.0,317.0
24.0,318.0
25.0,336.0
26.0,329.0
27.0,320.0
28.0,321.0
29.0,303.0
30.0,328.0
31.0,317.0
32.0,351.0
33.0,324.0
34.0,342.0
35.0,349.0
36.0,331.0
37.0,347.0
38.0,336.0
39.0,350.0
40.0,331.0
41.0,329.0
42.0,350.0
43.0,347.0
44.0,346.0
45.0,325.0
46.0,363.0
47.0,361.0
48.0,371.0
49.0,361.0
50.0,362.0
51.0,356.0
52.0,373.0
53.0,374.0
54.0,359.0
55.0,398.0
56.0,373.0
57.0,360.0
58.0,393.0
59.0,374.0
60.0,402.0
61.0,386.0
62.0,415.0
63.0,413.0
64.0,446.0
65.0,450.0
66.0,409.0
67.0,409.0
68.0,441.0
69.0,437.0
70.0,436.0
71.0,418.0
72.0,428.0
73.0,419.0
74.0,445.0
75.0,422.0
76.0,417.0
77.0,436.0
78.0,443.0
79.0,438.0
80.0,447.0
81.0,433.0
82.0,446.0
83.0,422.0
84.0,447.0
85.0,421.0
86.0,465.0
87.0,438.0
88.0,441.0
89.0,465.0
90.0,474.0
91.0,436.0
92.0,456.0
93.0,447.0
94.0,460.0
95.0,426.0
96.0,453.0
97.0,461.0
98.0,475.0
99.0,454.0
100.0,466.0
101.0,492.0
102.0,500.0
103.0,483.0
104.0,469.0
105.0,468.0
106.0,471.0
107.0,473.0
108.0,489.0
109.0,497.0
110.0,491.0
111.0,490.0
112.0,488.0
113.0,518.0
114.0,508.0
115.0,491.0
116.0,484.0
117.0,475.0
118.0,511.0
119.0,501.0
120.0,506.0
121.0,503.0
122.0,501.0
123.0,520.0
124.0,522.0
125.0,496.0
126.0,528.0
127.0,534.0
128.0,498.0
129.0,498.0
130.0,528.0
131.0,519.0
132.0,497.0
133.0,534.0
134.0,513.0
135.0,517.0
136.0,549.0
137.0,516.0
138.0,521.0
139.0,522.0
140.0,523.0
141.0,504.0
142.0,514.0
143.0,520.0
144.0,540.0
145.0,529.0
146.0,541.0
147.0,541.0
148.0,525.0
149.0,548.0
150.0,524.0
151.0,565.0
152.0,531.0
153.0,534.0
154.0,547.0
155.0,527.0
156.0,566.0
157.0,521.0
158.0,548.0
159.0,586.0
160.0,567.0
161.0,541.0
162.0,556.0
163.0,558.0
164.0,540.0
165.0,576.0
166.0,560.0
167.0,557.0
168.0,555.0
169.0,589.0
170.0,551.0
171.0,559.0
172.0,567.0
173.0,563.0
174.0,554.0
175.0,608.0
176.0,546.0
177.0,568.0
178.0,584.0
179.0,579.0
180.0,567.0
181.0,563.0
182.0,569.0
183.0,569.0
184.0,574.0
185.0,554.0
186.0,591.0
187.0,570.0
188.0,588.0
189.0,570.0
190.0,591.0
191.0,583.0
192.0,572.0
193.0,611.0
194.0,580.0
195.0,580.0
196.0,606.0
197.0,601.0
198.0,581.0
199.0,590.0
200.0,569.0
201.0,618.0
202.0,610.0
203.0,578.0
204.0,598.0
205.0,616.0
206.0,629.0
207.0,624.0
208.0,636.0
209.0,604.0
210.0,618.0
211.0,615.0
212.0,601.0
213.0,610.0
214.0,615.0
215.0,633.0
216.0,615.0
217.0,591.0
218.0,619.0
219.0,611.0
220.0,603.0
221.0,633.0
222.0,631.0
223.0,658.0
224.0,665.0
225.0,625.0
226.0,628.0
227.0,618.0
228.0,666.0
229.0,637.0
230.0,656.0
231.0,631.0
232.0,648.0
233.0,626.0
234.0,635.0
235.0,612.0
236.0,638.0
237.0,631.0
238.0,639.0
239.0,651.0
240.0,622.0
241.0,651.0
242.0,644.0
243.0,649.0
244.0,666.0
245.0,667.0
246.0,670.0
247.0,631.0
248.0,674.0
249.0,655.0
250.0,669.0
251.0,640.0
252.0,682.0
253.0,660.0
254.0,661.0
255.0,664.0
256.0,677.0
257.0,701.0
258.0,665.0
259.0,690.0
260.0,657.0
261.0,672.0
262.0,682.0
263.0,671.0
264.0,656.0
265.0,675.0
266.0,699.0
267.0,664.0
268.0,653.0
269.0,670.0
270.0,677.0
271.0,675.0
272.0,693.0
273.0,673.0
274.0,712.0
275.0,676.0
276.0,696.0
277.0,688.0
278.0,698.0
279.0,705.0
280.0,702.0
281.0,720.0
282.0,696.0
283.0,694.0
284.0,690.0
285.0,729.0
286.0,732.0
287.0,778.0
288.0,827.0
289.0,850.0
290.0,769.0
291.0,728.0
292.0,741.0
293.0,722.0
294.0,728.0
295.0,739.0
296.0,710.0
297.0,707.0
298.0,683.0
299.0,695.0
300.0,741.0
301.0,728.0
302.0,701.0
303.0,727.0
304.0,732.0
305.0,705.0
306.0,739.0
307.0,718.0
308.0,728.0
309.0,721.0
310.0,719.0
311.0,718.0
312.0,714.0
313.0,741.0
314.0,731.0
315.0,748.0
316.0,717.0
317.0,742.0
318.0,747.0
319.0,756.0
320.0,736.0
321.0,728.0
322.0,708.0
323.0,750.0
324.0,740.0
325.0,728.0
326.0,780.0
327.0,742.0
328.0,710.0
329.0,716.0
330.0,728.0
331.0,726.0
332.0,757.0
333.0,762.0
334.0,747.0
335.0,764.0
336.0,755.0
337.0,798.0
338.0,817.0
339.0,875.0
340.0,908.0
341.0,832.0
342.0,747.0
343.0,758.0
344.0,758.0
345.0,764.0
346.0,756.0
347.0,784.0
348.0,729.0
349.0,753.0
350.0,785.0
351.0,765.0
352.0,763.0
353.0,758.0
354.0,769.0
355.0,760.0
356.0,768.0
357.0,757.0
358.0,803.0
359.0,771.0
360.0,735.0
361.0,746.0
362.0,753.0
363.0,786.0
364.0,778.0
365.0,778.0
366.0,770.0
367.0,794.0
368.0,756.0
369.0,760.0
370.0,749.0
371.0,774.0
372.0,760.0
373.0,785.0
374.0,757.0
375.0,789.0
376.0,781.0
377.0,821.0
378.0,797.0
379.0,787.0
380.0,803.0
381.0,764.0
382.0,760.0
383.0,793.0
384.0,801.0
385.0,797.0
386.0,766.0
387.0,791.0
388.0,794.0
389.0,788.0
390.0,814.0
391.0,765.0
392.0,793.0
393.0,799.0
394.0,810.0
395.0,820.0
396.0,790.0
397.0,794.0
398.0,818.0
399.0,789.0
400.0,801.0
401.0,807.0
402.0,809.0
403.0,787.0
404.0,786.0
405.0,803.0
406.0,786.0
407.0,791.0
408.0,810.0
409.0,787.0
410.0,782.0
411.0,805.0
412.0,790.0
413.0,795.0
414.0,781.0
415.0,819.0
416.0,819.0
417.0,817.0
418.0,845.0
419.0,800.0
420.0,817.0
421.0,824.0
422.0,841.0
423.0,807.0
424.0,840.0
425.0,837.0
426.0,818.0
427.0,833.0
428.0,797.0
429.0,832.0
430.0,802.0
431.0,807.0
432.0,817.0
433.0,808.0
434.0,791.0
435.0,818.0
436.0,821.0
437.0,816.0
438.0,803.0
439.0,809.0
440.0,844.0
441.0,839.0
442.0,821.0
443.0,830.0
444.0,853.0
445.0,826.0
446.0,819.0
447.0,824.0
448.0,834.0
449.0,817.0
450.0,821.0
451.0,809.0
452.0,832.0
453.0,826.0
454.0,840.0
455.0,861.0
456.0,835.0
457.0,841.0
458.0,856.0
459.0,900.0
460.0,958.0
461.0,928.0
462.0,879.0
463.0,850.0
464.0,846.0
465.0,822.0
466.0,839.0
467.0,828.0
468.0,811.0
469.0,816.0
470.0,829.0
471.0,817.0
472.0,838.0
473.0,856.0
474.0,853.0
475.0,843.0
476.0,832.0
477.0,853.0
478.0,834.0
479.0,842.0
480.0,820.0
481.0,860.0
482.0,861.0
483.0,943.0
484.0,1010.0
485.0,1052.0
486.0,957.0
487.0,838.0
488.0,861.0
489.0,805.0
490.0,848.0
491.0,862.0
492.0,847.0
493.0,835.0
494.0,837.0
495.0,837.0
496.0,835.0
497.0,850.0
498.0,841.0
499.0,854.0
500.0,923.0
501.0,903.0
502.0,876.0
503.0,837.0
504.0,873.0
505.0,824.0
506.0,878.0
507.0,850.0
508.0,825.0
509.0,823.0
510.0,831.0
511.0,872.0
512.0,857.0
513.0,857.0
514.0,816.0
515.0,827.0
516.0,873.0
517.0,926.0
518.0,970.0
519.0,1037.0
520.0,1052.0
521.0,932.0
522.0,876.0
523.0,831.0
524.0,828.0
525.0,851.0
526.0,882.0
527.0,923.0
528.0,900.0
529.0,885.0
530.0,849.0
531.0,829.0
532.0,835.0
533.0,847.0
534.0,847.0
535.0,864.0
536.0,833.0
537.0,838.0
538.0,805.0
539.0,824.0
540.0,833.0
541.0,815.0
542.0,836.0
543.0,854.0
544.0,828.0
545.0,800.0
546.0,784.0
547.0,840.0
548.0,836.0
549.0,839.0
550.0,827.0
551.0,821.0
552.0,801.0
553.0,832.0
554.0,812.0
555.0,857.0
556.0,818.0
557.0,830.0
558.0,828.0
559.0,819.0
560.0,803.0
561.0,784.0
562.0,827.0
563.0,827.0
564.0,805.0
565.0,823.0
566.0,819.0
567.0,826.0
568.0,824.0
569.0,831.0
570.0,818.0
571.0,828.0
572.0,842.0
573.0,825.0
574.0,826.0
575.0,824.0
576.0,821.0
577.0,845.0
578.0,834.0
579.0,819.0
580.0,800.0
581.0,820.0
582.0,840.0
583.0,789.0
584.0,804.0
585.0,806.0
586.0,792.0
587.0,823.0
588.0,807.0
589.0,779.0
590.0,782.0
591.0,784.0
592.0,815.0
593.0,803.0
594.0,844.0
595.0,817.0
596.0,775.0
597.0,853.0
598.0,813.0
599.0,830.0
600.0,796.0
601.0,851.0
602.0,804.0
603.0,785.0
604.0,778.0
605.0,783.0
606.0,801.0
607.0,800.0
608.0,801.0
609.0,794.0
610.0,810.0
611.0,801.0
612.0,796.0
613.0,789.0
614.0,792.0
615.0,828.0
616.0,804.0
617.0,807.0
618.0,803.0
619.0,795.0
620.0,770.0
621.0,783.0
622.0,762.0
623.0,769.0
624.0,847.0
625.0,857.0
626.0,864.0
627.0,818.0
628.0,784.0
629.0,761.0
630.0,809.0
631.0,783.0
632.0,755.0
633.0,771.0
634.0,767.0
635.0,775.0
636.0,760.0
637.0,767.0
638.0,759.0
639.0,777.0
640.0,796.0
641.0,759.0
642.0,794.0
643.0,778.0
644.0,768.0
645.0,792.0
646.0,764.0
647.0,775.0
648.0,786.0
649.0,755.0
650.0,787.0
651.0,747.0
652.0,743.0
653.0,768.0
654.0,787.0
655.0,777.0
656.0,763.0
657.0,791.0
658.0,755.0
659.0,782.0
660.0,774.0
661.0,767.0
662.0,745.0
663.0,777.0
664.0,766.0
665.0,748.0
666.0,743.0
667.0,758.0
668.0,751.0
669.0,765.0
670.0,775.0
671.0,771.0
672.0,752.0
673.0,782.0
674.0,780.0
675.0,843.0
676.0,971.0
677.0,1195.0
678.0,1184.0
679.0,1035.0
680.0,919.0
681.0,879.0
682.0,861.0
683.0,779.0
684.0,848.0
685.0,1012.0
686.0,1407.0
687.0,2012.0
688.0,2107.0
689.0,1420.0
690.0,892.0
691.0,776.0
692.0,767.0
693.0,719.0
694.0,710.0
695.0,716.0
696.0,697.0
697.0,701.0
698.0,707.0
699.0,714.0
700.0,685.0
701.0,704.0
702.0,728.0
703.0,689.0
704.0,697.0
705.0,713.0
706.0,705.0
707.0,683.0
708.0,727.0
709.0,755.0
710.0,749.0
711.0,703.0
712.0,703.0
713.0,702.0
714.0,719.0
715.0,685.0
716.0,698.0
717.0,672.0
718.0,689.0
719.0,702.0
720.0,687.0
721.0,720.0
722.0,693.0
723.0,712.0
724.0,691.0
725.0,720.0
726.0,764.0
727.0,781.0
728.0,776.0
729.0,712.0
730.0,695.0
731.0,673.0
732.0,670.0
733.0,658.0
734.0,670.0
735.0,698.0
736.0,630.0
737.0,666.0
738.0,661.0
739.0,665.0
740.0,667.0
741.0,650.0
742.0,634.0
743.0,654.0
744.0,659.0
745.0,643.0
746.0,632.0
747.0,657.0
748.0,644.0
749.0,597.0
750.0,663.0
751.0,657.0
752.0,676.0
753.0,662.0
754.0,645.0
755.0,659.0
756.0,686.0
757.0,713.0
758.0,799.0
759.0,811.0
760.0,725.0
761.0,668.0
762.0,636.0
763.0,594.0
764.0,616.0
765.0,602.0
766.0,611.0
767.0,614.0
768.0,588.0
769.0,607.0
770.0,605.0
771.0,619.0
772.0,606.0
773.0,578.0
774.0,610.0
775.0,611.0
776.0,622.0
777.0,582.0
778.0,609.0
779.0,585.0
780.0,568.0
781.0,582.0
782.0,597.0
783.0,568.0
784.0,579.0
785.0,600.0
786.0,607.0
787.0,616.0
788.0,600.0
789.0,617.0
790.0,574.0
791.0,569.0
792.0,581.0
793.0,593.0
794.0,569.0
795.0,579.0
796.0,612.0
797.0,606.0
798.0,557.0
799.0,565.0
800.0,574.0
801.0,538.0
802.0,573.0
803.0,540.0
804.0,541.0
805.0,544.0
806.0,531.0
807.0,536.0
808.0,543.0
809.0,534.0
810.0,548.0
811.0,536.0
812.0,549.0
813.0,518.0
814.0,515.0
815.0,544.0
816.0,554.0
817.0,537.0
818.0,552.0
819.0,524.0
820.0,530.0
821.0,482.0
822.0,529.0
823.0,525.0
824.0,514.0
825.0,546.0
826.0,528.0
827.0,545.0
828.0,511.0
829.0,507.0
830.0,529.0
831.0,502.0
832.0,520.0
833.0,515.0
834.0,525.0
835.0,507.0
836.0,484.0
837.0,495.0
838.0,475.0
839.0,492.0
840.0,487.0
841.0,483.0
842.0,500.0
843.0,504.0
844.0,491.0
845.0,469.0
846.0,488.0
847.0,523.0
848.0,506.0
849.0,458.0
850.0,494.0
851.0,483.0
852.0,503.0
853.0,488.0
854.0,492.0
855.0,467.0
856.0,475.0
857.0,441.0
858.0,464.0
859.0,454.0
860.0,495.0
861.0,465.0
862.0,473.0
863.0,468.0
864.0,483.0
865.0,492.0
866.0,496.0
867.0,480.0
868.0,506.0
869.0,484.0
870.0,483.0
871.0,472.0
872.0,494.0
873.0,493.0
874.0,563.0
875.0,710.0
876.0,1066.0
877.0,1487.0
878.0,1395.0
879.0,814.0
880.0,488.0
881.0,450.0
882.0,436.0
883.0,422.0
884.0,453.0
885.0,460.0
886.0,434.0
887.0,434.0
888.0,471.0
889.0,459.0
890.0,443.0
891.0,432.0
892.0,415.0
893.0,427.0
894.0,418.0
895.0,425.0
896.0,422.0
897.0,434.0
898.0,428.0
899.0,414.0
900.0,405.0
901.0,420.0
902.0,412.0
903.0,425.0
904.0,411.0
905.0,412.0
906.0,438.0
907.0,422.0
908.0,447.0
909.0,406.0
910.0,427.0
911.0,400.0
912.0,405.0
913.0,407.0
914.0,416.0
915.0,425.0
916.0,461.0
917.0,437.0
918.0,433.0
919.0,412.0
920.0,396.0
921.0,409.0
922.0,385.0
923.0,365.0
924.0,385.0
925.0,347.0
926.0,382.0
927.0,370.0
928.0,393.0
929.0,392.0
930.0,375.0
931.0,375.0
932.0,382.0
933.0,382.0
934.0,387.0
935.0,375.0
936.0,383.0
937.0,395.0
938.0,373.0
939.0,383.0
940.0,389.0
941.0,404.0
942.0,428.0
943.0,390.0
944.0,372.0
945.0,358.0
946.0,356.0
947.0,353.0
948.0,361.0
949.0,356.0
950.0,371.0
951.0,376.0
952.0,333.0
953.0,330.0
954.0,370.0
955.0,395.0
956.0,376.0
957.0,352.0
958.0,359.0
959.0,362.0
960.0,371.0
961.0,367.0
962.0,368.0
963.0,353.0
964.0,366.0
965.0,352.0
966.0,369.0
967.0,350.0
968.0,362.0
969.0,344.0
970.0,346.0
971.0,353.0
972.0,343.0
973.0,334.0
974.0,331.0
975.0,340.0
976.0,348.0
977.0,332.0
978.0,312.0
979.0,349.0
980.0,343.0
981.0,309.0
982.0,334.0
983.0,325.0
984.0,333.0
985.0,354.0
986.0,325.0
987.0,301.0
988.0,298.0
989.0,358.0
990.0,349.0
991.0,318.0
992.0,342.0
993.0,337.0
994.0,329.0
995.0,330.0
996.0,313.0
997.0,313.0
998.0,311.0
999.0,328.0
1000.0,307.0
1001.0,321.0
1002.0,319.0
1003.0,298.0
1004.0,298.0
1005.0,309.0
1006.0,318.0
1007.0,301.0
1008.0,319.0
1009.0,320.0
1010.0,317.0
1011.0,312.0
1012.0,331.0
1013.0,298.0
1014.0,309.0
1015.0,288.0
1016.0,316.0
1017.0,305.0
1018.0,312.0
1019.0,309.0
1020.0,308.0
1021.0,307.0
1022.0,304.0
1023.0,314.0
