0.0,193.0
1.0,243.0
2.0,244.0
3.0,256.0
4.0,258.0
5.0,249.0
6.0,266.0
7.0,277.0
8.0,291.0
9.0,305.0
10.0,302.0
11.0,298.0
12.0,296.0
13.0,297.0
14.0,309.0
15.0,307.0
16.0,300.0
17.0,311.0
18.0,316.0
19.0,323.0
20.0,338.0
21.0,329.0
22.0,316.0
23.0,320.0
24.0,313.0
25.0,338.0
26.0,329.0
27.0,352.0
28.0,339.0
29.0,372.0
30.0,413.0
31.0,415.0
32.0,380.0
33.0,361.0
34.0,339.0
35.0,335.0
36.0,345.0
37.0,359.0
38.0,344.0
39.0,375.0
40.0,349.0
41.0,352.0
42.0,333.0
43.0,347.0
44.0,391.0
45.0,345.0
46.0,372.0
47.0,375.0
48.0,364.0
49.0,380.0
50.0,375.0
51.0,386.0
52.0,383.0
53.0,391.0
54.0,368.0
55.0,387.0
56.0,391.0
57.0,372.0
58.0,401.0
59.0,381.0
60.0,393.0
61.0,389.0
62.0,396.0
63.0,413.0
64.0,418.0
65.0,423.0
66.0,428.0
67.0,445.0
68.0,446.0
69.0,455.0
70.0,471.0
71.0,436.0
72.0,425.0
73.0,418.0
74.0,446.0
75.0,448.0
76.0,447.0
77.0,454.0
78.0,479.0
79.0,450.0
80.0,482.0
81.0,480.0
82.0,483.0
83.0,508.0
84.0,589.0
85.0,705.0
86.0,1124.0
87.0,1757.0
88.0,2165.0
89.0,1616.0
90.0,815.0
91.0,523.0
92.0,474.0
93.0,493.0
94.0,458.0
95.0,476.0
96.0,465.0
97.0,493.0
98.0,463.0
99.0,468.0
100.0,478.0
101.0,463.0
102.0,493.0
103.0,471.0
104.0,492.0
105.0,460.0
106.0,479.0
107.0,475.0
108.0,468.0
109.0,499.0
110.0,473.0
111.0,466.0
112.0,488.0
113.0,492.0
114.0,500.0
115.0,496.0
116.0,491.0
117.0,507.0
118.0,516.0
119.0,478.0
120.0,512.0
121.0,507.0
122.0,514.0
123.0,519.0
124.0,482.0
125.0,473.0
126.0,492.0
127.0,490.0
128.0,515.0
129.0,509.0
130.0,521.0
131.0,516.0
132.0,506.0
133.0,529.0
134.0,525.0
135.0,508.0
136.0,526.0
137.0,510.0
138.0,533.0
139.0,537.0
140.0,560.0
141.0,546.0
142.0,554.0
143.0,528.0
144.0,533.0
145.0,543.0
146.0,556.0
147.0,550.0
148.0,537.0
149.0,550.0
150.0,559.0
151.0,546.0
152.0,541.0
153.0,547.0
154.0,581.0
155.0,555.0
156.0,565.0
157.0,607.0
158.0,613.0
159.0,581.0
160.0,620.0
161.0,690.0
162.0,728.0
163.0,770.0
164.0,907.0
165.0,1150.0
166.0,1282.0
167.0,1230.0
168.0,1169.0
169.0,1745.0
170.0,3386.0
171.0,6135.0
172.0,7760.0
173.0,5243.0
174.0,1800.0
175.0,792.0
176.0,642.0
177.0,616.0
178.0,608.0
179.0,619.0
180.0,616.0
181.0,578.0
182.0,590.0
183.0,594.0
184.0,612.0
185.0,584.0
186.0,578.0
187.0,623.0
188.0,590.0
189.0,580.0
190.0,605.0
191.0,610.0
192.0,594.0
193.0,605.0
194.0,562.0
195.0,620.0
196.0,586.0
197.0,598.0
198.0,642.0
199.0,607.0
200.0,598.0
201.0,602.0
202.0,623.0
203.0,594.0
204.0,618.0
205.0,626.0
206.0,636.0
207.0,666.0
208.0,663.0
209.0,641.0
210.0,622.0
211.0,617.0
212.0,618.0
213.0,616.0
214.0,617.0
215.0,609.0
216.0,607.0
217.0,604.0
218.0,609.0
219.0,612.0
220.0,610.0
221.0,624.0
222.0,640.0
223.0,627.0
224.0,630.0
225.0,616.0
226.0,655.0
227.0,643.0
228.0,613.0
229.0,640.0
230.0,605.0
231.0,622.0
232.0,647.0
233.0,624.0
234.0,628.0
235.0,648.0
236.0,636.0
237.0,648.0
238.0,624.0
239.0,656.0
240.0,610.0
241.0,621.0
242.0,654.0
243.0,624.0
244.0,656.0
245.0,634.0
246.0,659.0
247.0,649.0
248.0,649.0
249.0,688.0
250.0,647.0
251.0,673.0
252.0,656.0
253.0,659.0
254.0,655.0
255.0,667.0
256.0,665.0
257.0,663.0
258.0,669.0
259.0,662.0
260.0,676.0
261.0,692.0
262.0,663.0
263.0,671.0
264.0,672.0
265.0,680.0
266.0,699.0
267.0,672.0
268.0,689.0
269.0,681.0
270.0,675.0
271.0,671.0
272.0,671.0
273.0,713.0
274.0,694.0
275.0,687.0
276.0,748.0
277.0,773.0
278.0,798.0
279.0,750.0
280.0,740.0
281.0,720.0
282.0,687.0
283.0,685.0
284.0,677.0
285.0,717.0
286.0,684.0
287.0,694.0
288.0,711.0
289.0,670.0
290.0,716.0
291.0,694.0
292.0,684.0
293.0,692.0
294.0,690.0
295.0,720.0
296.0,667.0
297.0,707.0
298.0,715.0
299.0,677.0
300.0,709.0
301.0,706.0
302.0,716.0
303.0,705.0
304.0,693.0
305.0,694.0
306.0,731.0
307.0,701.0
308.0,709.0
309.0,708.0
310.0,714.0
311.0,721.0
312.0,740.0
313.0,703.0
314.0,740.0
315.0,773.0
316.0,878.0
317.0,925.0
318.0,869.0
319.0,760.0
320.0,752.0
321.0,730.0
322.0,757.0
323.0,725.0
324.0,735.0
325.0,736.0
326.0,733.0
327.0,717.0
328.0,730.0
329.0,751.0
330.0,709.0
331.0,719.0
332.0,746.0
333.0,734.0
334.0,715.0
335.0,717.0
336.0,744.0
337.0,734.0
338.0,761.0
339.0,731.0
340.0,727.0
341.0,727.0
342.0,748.0
343.0,750.0
344.0,744.0
345.0,750.0
346.0,768.0
347.0,773.0
348.0,797.0
349.0,846.0
350.0,876.0
351.0,814.0
352.0,768.0
353.0,751.0
354.0,753.0
355.0,743.0
356.0,777.0
357.0,756.0
358.0,777.0
359.0,736.0
360.0,741.0
361.0,763.0
362.0,752.0
363.0,804.0
364.0,767.0
365.0,756.0
366.0,789.0
367.0,780.0
368.0,785.0
369.0,787.0
370.0,841.0
371.0,921.0
372.0,1108.0
373.0,1516.0
374.0,1900.0
375.0,1582.0
376.0,1036.0
377.0,809.0
378.0,815.0
379.0,793.0
380.0,798.0
381.0,782.0
382.0,780.0
383.0,773.0
384.0,782.0
385.0,785.0
386.0,790.0
387.0,777.0
388.0,788.0
389.0,787.0
390.0,809.0
391.0,775.0
392.0,793.0
393.0,799.0
394.0,789.0
395.0,757.0
396.0,797.0
397.0,795.0
398.0,758.0
399.0,761.0
400.0,794.0
401.0,799.0
402.0,786.0
403.0,780.0
404.0,805.0
405.0,807.0
406.0,811.0
407.0,801.0
408.0,808.0
409.0,809.0
410.0,802.0
411.0,775.0
412.0,840.0
413.0,780.0
414.0,785.0
415.0,818.0
416.0,806.0
417.0,788.0
418.0,797.0
419.0,796.0
420.0,773.0
421.0,806.0
422.0,778.0
423.0,825.0
424.0,823.0
425.0,830.0
426.0,802.0
427.0,810.0
428.0,817.0
429.0,789.0
430.0,795.0
431.0,792.0
432.0,809.0
433.0,817.0
434.0,790.0
435.0,813.0
436.0,813.0
437.0,810.0
438.0,816.0
439.0,799.0
440.0,795.0
441.0,821.0
442.0,826.0
443.0,817.0
444.0,807.0
445.0,832.0
446.0,830.0
447.0,811.0
448.0,804.0
449.0,849.0
450.0,808.0
451.0,804.0
452.0,812.0
453.0,833.0
454.0,816.0
455.0,819.0
456.0,818.0
457.0,830.0
458.0,805.0
459.0,810.0
460.0,799.0
461.0,819.0
462.0,814.0
463.0,828.0
464.0,830.0
465.0,845.0
466.0,842.0
467.0,830.0
468.0,846.0
469.0,830.0
470.0,848.0
471.0,823.0
472.0,849.0
473.0,850.0
474.0,845.0
475.0,899.0
476.0,878.0
477.0,846.0
478.0,876.0
479.0,896.0
480.0,898.0
481.0,959.0
482.0,1097.0
483.0,1389.0
484.0,1962.0
485.0,2922.0
486.0,3155.0
487.0,2039.0
488.0,1122.0
489.0,919.0
490.0,885.0
491.0,893.0
492.0,874.0
493.0,842.0
494.0,847.0
495.0,829.0
496.0,809.0
497.0,829.0
498.0,827.0
499.0,819.0
500.0,840.0
501.0,830.0
502.0,820.0
503.0,823.0
504.0,833.0
505.0,827.0
506.0,795.0
507.0,841.0
508.0,829.0
509.0,838.0
510.0,867.0
511.0,838.0
512.0,846.0
513.0,857.0
514.0,850.0
515.0,817.0
516.0,849.0
517.0,827.0
518.0,848.0
519.0,796.0
520.0,840.0
521.0,872.0
522.0,846.0
523.0,835.0
524.0,858.0
525.0,866.0
526.0,837.0
527.0,870.0
528.0,886.0
529.0,846.0
530.0,838.0
531.0,832.0
532.0,879.0
533.0,857.0
534.0,875.0
535.0,874.0
536.0,905.0
537.0,924.0
538.0,976.0
539.0,1063.0
540.0,1190.0
541.0,1380.0
542.0,1714.0
543.0,2753.0
544.0,5364.0
545.0,9581.0
546.0,12269.0
547.0,8581.0
548.0,3047.0
549.0,1237.0
550.0,993.0
551.0,899.0
552.0,883.0
553.0,861.0
554.0,828.0
555.0,819.0
556.0,829.0
557.0,867.0
558.0,812.0
559.0,871.0
560.0,916.0
561.0,887.0
562.0,846.0
563.0,863.0
564.0,845.0
565.0,862.0
566.0,878.0
567.0,928.0
568.0,994.0
569.0,982.0
570.0,891.0
571.0,836.0
572.0,814.0
573.0,818.0
574.0,821.0
575.0,862.0
576.0,842.0
577.0,867.0
578.0,973.0
579.0,1110.0
580.0,1117.0
581.0,964.0
582.0,851.0
583.0,860.0
584.0,798.0
585.0,814.0
586.0,800.0
587.0,804.0
588.0,805.0
589.0,841.0
590.0,824.0
591.0,822.0
592.0,806.0
593.0,830.0
594.0,834.0
595.0,802.0
596.0,847.0
597.0,798.0
598.0,812.0
599.0,833.0
600.0,886.0
601.0,881.0
602.0,853.0
603.0,832.0
604.0,782.0
605.0,812.0
606.0,795.0
607.0,802.0
608.0,797.0
609.0,827.0
610.0,797.0
611.0,786.0
612.0,782.0
613.0,804.0
614.0,808.0
615.0,775.0
616.0,802.0
617.0,770.0
618.0,822.0
619.0,828.0
620.0,806.0
621.0,821.0
622.0,784.0
623.0,785.0
624.0,777.0
625.0,788.0
626.0,770.0
627.0,780.0
628.0,767.0
629.0,775.0
630.0,780.0
631.0,778.0
632.0,783.0
633.0,765.0
634.0,763.0
635.0,754.0
636.0,752.0
637.0,767.0
638.0,757.0
639.0,778.0
640.0,790.0
641.0,753.0
642.0,751.0
643.0,739.0
644.0,758.0
645.0,761.0
646.0,756.0
647.0,743.0
648.0,748.0
649.0,742.0
650.0,735.0
651.0,730.0
652.0,791.0
653.0,789.0
654.0,732.0
655.0,758.0
656.0,746.0
657.0,761.0
658.0,749.0
659.0,725.0
660.0,739.0
661.0,726.0
662.0,729.0
663.0,754.0
664.0,742.0
665.0,768.0
666.0,741.0
667.0,713.0
668.0,724.0
669.0,748.0
670.0,766.0
671.0,718.0
672.0,762.0
673.0,746.0
674.0,762.0
675.0,873.0
676.0,1073.0
677.0,1208.0
678.0,1019.0
679.0,821.0
680.0,726.0
681.0,735.0
682.0,721.0
683.0,702.0
684.0,715.0
685.0,703.0
686.0,718.0
687.0,716.0
688.0,702.0
689.0,713.0
690.0,699.0
691.0,720.0
692.0,725.0
693.0,727.0
694.0,692.0
695.0,714.0
696.0,706.0
697.0,725.0
698.0,726.0
699.0,718.0
700.0,690.0
701.0,706.0
702.0,688.0
703.0,711.0
704.0,669.0
705.0,693.0
706.0,689.0
707.0,664.0
708.0,698.0
709.0,716.0
710.0,723.0
711.0,756.0
712.0,797.0
713.0,926.0
714.0,935.0
715.0,778.0
716.0,702.0
717.0,667.0
718.0,678.0
719.0,670.0
720.0,669.0
721.0,700.0
722.0,676.0
723.0,668.0
724.0,655.0
725.0,656.0
726.0,691.0
727.0,654.0
728.0,650.0
729.0,640.0
730.0,622.0
731.0,631.0
732.0,678.0
733.0,659.0
734.0,662.0
735.0,638.0
736.0,673.0
737.0,675.0
738.0,640.0
739.0,696.0
740.0,645.0
741.0,637.0
742.0,654.0
743.0,655.0
744.0,631.0
745.0,673.0
746.0,624.0
747.0,652.0
748.0,625.0
749.0,617.0
750.0,620.0
751.0,649.0
752.0,623.0
753.0,619.0
754.0,642.0
755.0,641.0
756.0,660.0
757.0,717.0
758.0,697.0
759.0,648.0
760.0,607.0
761.0,631.0
762.0,608.0
763.0,604.0
764.0,607.0
765.0,658.0
766.0,693.0
767.0,826.0
768.0,913.0
769.0,984.0
770.0,1039.0
771.0,904.0
772.0,660.0
773.0,630.0
774.0,615.0
775.0,600.0
776.0,576.0
777.0,612.0
778.0,619.0
779.0,596.0
780.0,573.0
781.0,580.0
782.0,570.0
783.0,598.0
784.0,567.0
785.0,571.0
786.0,584.0
787.0,585.0
788.0,582.0
789.0,549.0
790.0,588.0
791.0,558.0
792.0,577.0
793.0,558.0
794.0,573.0
795.0,578.0
796.0,601.0
797.0,611.0
798.0,624.0
799.0,658.0
800.0,763.0
801.0,1017.0
802.0,1831.0
803.0,2865.0
804.0,2813.0
805.0,1432.0
806.0,686.0
807.0,559.0
808.0,537.0
809.0,539.0
810.0,552.0
811.0,536.0
812.0,536.0
813.0,524.0
814.0,535.0
815.0,528.0
816.0,556.0
817.0,555.0
818.0,533.0
819.0,538.0
820.0,516.0
821.0,550.0
822.0,518.0
823.0,528.0
824.0,520.0
825.0,496.0
826.0,544.0
827.0,524.0
828.0,526.0
829.0,532.0
830.0,510.0
831.0,494.0
832.0,512.0
833.0,492.0
834.0,517.0
835.0,484.0
836.0,511.0
837.0,523.0
838.0,511.0
839.0,492.0
840.0,489.0
841.0,502.0
842.0,510.0
843.0,488.0
844.0,486.0
845.0,493.0
846.0,480.0
847.0,499.0
848.0,497.0
849.0,540.0
850.0,630.0
851.0,727.0
852.0,773.0
853.0,652.0
854.0,512.0
855.0,534.0
856.0,550.0
857.0,581.0
858.0,591.0
859.0,535.0
860.0,486.0
861.0,460.0
862.0,472.0
863.0,442.0
864.0,459.0
865.0,480.0
866.0,488.0
867.0,514.0
868.0,508.0
869.0,599.0
870.0,744.0
871.0,757.0
872.0,572.0
873.0,481.0
874.0,443.0
875.0,459.0
876.0,464.0
877.0,466.0
878.0,455.0
879.0,457.0
880.0,460.0
881.0,444.0
882.0,449.0
883.0,401.0
884.0,449.0
885.0,417.0
886.0,454.0
887.0,430.0
888.0,455.0
889.0,457.0
890.0,464.0
891.0,448.0
892.0,441.0
893.0,453.0
894.0,431.0
895.0,418.0
896.0,406.0
897.0,413.0
898.0,448.0
899.0,414.0
900.0,414.0
901.0,423.0
902.0,433.0
903.0,452.0
904.0,426.0
905.0,434.0
906.0,401.0
907.0,413.0
908.0,440.0
909.0,416.0
910.0,420.0
911.0,387.0
912.0,394.0
913.0,394.0
914.0,406.0
915.0,418.0
916.0,373.0
917.0,424.0
918.0,404.0
919.0,399.0
920.0,406.0
921.0,394.0
922.0,410.0
923.0,415.0
924.0,409.0
925.0,402.0
926.0,412.0
927.0,402.0
928.0,404.0
929.0,404.0
930.0,402.0
931.0,380.0
932.0,397.0
933.0,390.0
934.0,384.0
935.0,374.0
936.0,389.0
937.0,391.0
938.0,389.0
939.0,376.0
940.0,393.0
941.0,375.0
942.0,375.0
943.0,377.0
944.0,365.0
945.0,367.0
946.0,389.0
947.0,375.0
948.0,377.0
949.0,353.0
950.0,386.0
951.0,374.0
952.0,362.0
953.0,363.0
954.0,362.0
955.0,379.0
956.0,379.0
957.0,372.0
958.0,360.0
959.0,374.0
960.0,359.0
961.0,368.0
962.0,372.0
963.0,371.0
964.0,353.0
965.0,348.0
966.0,353.0
967.0,374.0
968.0,330.0
969.0,361.0
970.0,386.0
971.0,356.0
972.0,355.0
973.0,362.0
974.0,408.0
975.0,443.0
976.0,573.0
977.0,590.0
978.0,514.0
979.0,373.0
980.0,341.0
981.0,346.0
982.0,333.0
983.0,316.0
984.0,342.0
985.0,341.0
986.0,337.0
987.0,314.0
988.0,317.0
989.0,335.0
990.0,331.0
991.0,342.0
992.0,317.0
993.0,340.0
994.0,319.0
995.0,334.0
996.0,320.0
997.0,324.0
998.0,330.0
999.0,313.0
1000.0,340.0
1001.0,337.0
1002.0,322.0
1003.0,341.0
1004.0,329.0
1005.0,324.0
1006.0,327.0
1007.0,325.0
1008.0,334.0
1009.0,345.0
1010.0,323.0
1011.0,323.0
1012.0,308.0
1013.0,298.0
1014.0,334.0
1015.0,315.0
1016.0,324.0
1017.0,316.0
1018.0,323.0
1019.0,322.0
1020.0,330.0
1021.0,316.0
1022.0,328.0
1023.0,310.0
