0.0,172.0
1.0,193.0
2.0,224.0
3.0,242.0
4.0,229.0
5.0,257.0
6.0,250.0
7.0,270.0
8.0,278.0
9.0,288.0
10.0,294.0
11.0,284.0
12.0,284.0
13.0,262.0
14.0,279.0
15.0,294.0
16.0,297.0
17.0,315.0
18.0,299.0
19.0,300.0
20.0,309.0
21.0,315.0
22.0,329.0
23.0,295.0
24.0,292.0
25.0,312.0
26.0,284.0
27.0,304.0
28.0,290.0
29.0,316.0
30.0,323.0
31.0,324.0
32.0,337.0
33.0,330.0
34.0,331.0
35.0,312.0
36.0,322.0
37.0,326.0
38.0,331.0
39.0,324.0
40.0,332.0
41.0,312.0
42.0,339.0
43.0,327.0
44.0,334.0
45.0,348.0
46.0,340.0
47.0,338.0
48.0,359.0
49.0,345.0
50.0,343.0
51.0,346.0
52.0,339.0
53.0,372.0
54.0,346.0
55.0,368.0
56.0,340.0
57.0,353.0
58.0,352.0
59.0,381.0
60.0,357.0
61.0,366.0
62.0,411.0
63.0,386.0
64.0,438.0
65.0,464.0
66.0,483.0
67.0,517.0
68.0,471.0
69.0,403.0
70.0,415.0
71.0,420.0
72.0,403.0
73.0,415.0
74.0,408.0
75.0,429.0
76.0,439.0
77.0,426.0
78.0,416.0
79.0,405.0
80.0,424.0
81.0,427.0
82.0,412.0
83.0,413.0
84.0,427.0
85.0,393.0
86.0,440.0
87.0,423.0
88.0,426.0
89.0,441.0
90.0,414.0
91.0,432.0
92.0,457.0
93.0,446.0
94.0,440.0
95.0,445.0
96.0,461.0
97.0,464.0
98.0,478.0
99.0,457.0
100.0,485.0
101.0,458.0
102.0,460.0
103.0,480.0
104.0,471.0
105.0,460.0
106.0,476.0
107.0,457.0
108.0,473.0
109.0,467.0
110.0,478.0
111.0,441.0
112.0,464.0
113.0,478.0
114.0,449.0
115.0,482.0
116.0,486.0
117.0,472.0
118.0,482.0
119.0,476.0
120.0,501.0
121.0,482.0
122.0,505.0
123.0,498.0
124.0,482.0
125.0,472.0
126.0,487.0
127.0,491.0
128.0,510.0
129.0,472.0
130.0,505.0
131.0,500.0
132.0,504.0
133.0,519.0
134.0,512.0
135.0,500.0
136.0,496.0
137.0,470.0
138.0,508.0
139.0,491.0
140.0,514.0
141.0,512.0
142.0,493.0
143.0,520.0
144.0,527.0
145.0,505.0
146.0,549.0
147.0,520.0
148.0,542.0
149.0,511.0
150.0,537.0
151.0,540.0
152.0,530.0
153.0,563.0
154.0,545.0
155.0,550.0
156.0,519.0
157.0,523.0
158.0,544.0
159.0,529.0
160.0,553.0
161.0,545.0
162.0,533.0
163.0,528.0
164.0,541.0
165.0,578.0
166.0,544.0
167.0,555.0
168.0,552.0
169.0,548.0
170.0,545.0
171.0,559.0
172.0,550.0
173.0,555.0
174.0,564.0
175.0,556.0
176.0,571.0
177.0,554.0
178.0,567.0
179.0,564.0
180.0,583.0
181.0,579.0
182.0,558.0
183.0,582.0
184.0,574.0
185.0,555.0
186.0,587.0
187.0,590.0
188.0,606.0
189.0,588.0
190.0,600.0
191.0,563.0
192.0,590.0
193.0,595.0
194.0,624.0
195.0,637.0
196.0,634.0
197.0,635.0
198.0,647.0
199.0,601.0
200.0,611.0
201.0,594.0
202.0,607.0
203.0,627.0
204.0,606.0
205.0,606.0
206.0,619.0
207.0,619.0
208.0,622.0
209.0,615.0
210.0,635.0
211.0,629.0
212.0,617.0
213.0,625.0
214.0,624.0
215.0,637.0
216.0,628.0
217.0,619.0
218.0,646.0
219.0,617.0
220.0,659.0
221.0,635.0
222.0,617.0
223.0,637.0
224.0,625.0
225.0,628.0
226.0,644.0
227.0,640.0
228.0,630.0
229.0,637.0
230.0,639.0
231.0,665.0
232.0,642.0
233.0,618.0
234.0,652.0
235.0,649.0
236.0,642.0
237.0,662.0
238.0,654.0
239.0,640.0
240.0,647.0
241.0,654.0
242.0,686.0
243.0,650.0
244.0,681.0
245.0,677.0
246.0,640.0
247.0,663.0
248.0,680.0
249.0,639.0
250.0,676.0
251.0,684.0
252.0,653.0
253.0,688.0
254.0,673.0
255.0,655.0
256.0,678.0
257.0,678.0
258.0,664.0
259.0,670.0
260.0,661.0
261.0,691.0
262.0,696.0
263.0,668.0
264.0,663.0
265.0,694.0
266.0,693.0
267.0,680.0
268.0,709.0
269.0,687.0
270.0,679.0
271.0,700.0
272.0,717.0
273.0,680.0
274.0,664.0
275.0,696.0
276.0,685.0
277.0,670.0
278.0,694.0
279.0,714.0
280.0,692.0
281.0,720.0
282.0,717.0
283.0,706.0
284.0,703.0
285.0,713.0
286.0,729.0
287.0,717.0
288.0,706.0
289.0,697.0
290.0,692.0
291.0,705.0
292.0,700.0
293.0,704.0
294.0,728.0
295.0,747.0
296.0,711.0
297.0,696.0
298.0,734.0
299.0,706.0
300.0,711.0
301.0,730.0
302.0,733.0
303.0,724.0
304.0,747.0
305.0,724.0
306.0,728.0
307.0,770.0
308.0,808.0
309.0,812.0
310.0,824.0
311.0,783.0
312.0,731.0
313.0,752.0
314.0,710.0
315.0,756.0
316.0,733.0
317.0,774.0
318.0,729.0
319.0,747.0
320.0,762.0
321.0,755.0
322.0,745.0
323.0,756.0
324.0,757.0
325.0,753.0
326.0,768.0
327.0,767.0
328.0,778.0
329.0,765.0
330.0,756.0
331.0,788.0
332.0,779.0
333.0,732.0
334.0,752.0
335.0,738.0
336.0,789.0
337.0,768.0
338.0,754.0
339.0,742.0
340.0,788.0
341.0,761.0
342.0,787.0
343.0,764.0
344.0,789.0
345.0,758.0
346.0,789.0
347.0,756.0
348.0,777.0
349.0,808.0
350.0,810.0
351.0,778.0
352.0,808.0
353.0,797.0
354.0,780.0
355.0,788.0
356.0,780.0
357.0,782.0
358.0,788.0
359.0,773.0
360.0,781.0
361.0,786.0
362.0,766.0
363.0,788.0
364.0,766.0
365.0,795.0
366.0,798.0
367.0,817.0
368.0,785.0
369.0,792.0
370.0,803.0
371.0,810.0
372.0,814.0
373.0,818.0
374.0,791.0
375.0,780.0
376.0,790.0
377.0,774.0
378.0,810.0
379.0,797.0
380.0,797.0
381.0,800.0
382.0,813.0
383.0,831.0
384.0,785.0
385.0,800.0
386.0,816.0
387.0,810.0
388.0,830.0
389.0,832.0
390.0,793.0
391.0,846.0
392.0,814.0
393.0,814.0
394.0,800.0
395.0,828.0
396.0,802.0
397.0,818.0
398.0,824.0
399.0,830.0
400.0,819.0
401.0,835.0
402.0,830.0
403.0,824.0
404.0,796.0
405.0,813.0
406.0,811.0
407.0,812.0
408.0,820.0
409.0,835.0
410.0,819.0
411.0,820.0
412.0,816.0
413.0,805.0
414.0,836.0
415.0,819.0
416.0,838.0
417.0,829.0
418.0,832.0
419.0,829.0
420.0,819.0
421.0,850.0
422.0,833.0
423.0,802.0
424.0,820.0
425.0,863.0
426.0,833.0
427.0,832.0
428.0,856.0
429.0,866.0
430.0,835.0
431.0,805.0
432.0,824.0
433.0,829.0
434.0,841.0
435.0,838.0
436.0,833.0
437.0,845.0
438.0,825.0
439.0,851.0
440.0,862.0
441.0,859.0
442.0,847.0
443.0,857.0
444.0,818.0
445.0,854.0
446.0,832.0
447.0,825.0
448.0,838.0
449.0,820.0
450.0,830.0
451.0,834.0
452.0,856.0
453.0,851.0
454.0,843.0
455.0,851.0
456.0,855.0
457.0,838.0
458.0,851.0
459.0,859.0
460.0,850.0
461.0,844.0
462.0,846.0
463.0,837.0
464.0,858.0
465.0,849.0
466.0,837.0
467.0,849.0
468.0,867.0
469.0,794.0
470.0,845.0
471.0,842.0
472.0,868.0
473.0,849.0
474.0,846.0
475.0,851.0
476.0,860.0
477.0,847.0
478.0,864.0
479.0,845.0
480.0,833.0
481.0,857.0
482.0,875.0
483.0,950.0
484.0,1079.0
485.0,1326.0
486.0,1349.0
487.0,1095.0
488.0,879.0
489.0,858.0
490.0,857.0
491.0,841.0
492.0,871.0
493.0,833.0
494.0,824.0
495.0,832.0
496.0,870.0
497.0,842.0
498.0,843.0
499.0,854.0
500.0,825.0
501.0,829.0
502.0,857.0
503.0,841.0
504.0,797.0
505.0,845.0
506.0,850.0
507.0,859.0
508.0,824.0
509.0,834.0
510.0,852.0
511.0,883.0
512.0,854.0
513.0,829.0
514.0,832.0
515.0,886.0
516.0,884.0
517.0,862.0
518.0,834.0
519.0,866.0
520.0,854.0
521.0,859.0
522.0,876.0
523.0,878.0
524.0,858.0
525.0,847.0
526.0,916.0
527.0,992.0
528.0,1186.0
529.0,1670.0
530.0,2127.0
531.0,1883.0
532.0,1242.0
533.0,926.0
534.0,893.0
535.0,868.0
536.0,860.0
537.0,885.0
538.0,882.0
539.0,898.0
540.0,972.0
541.0,1063.0
542.0,975.0
543.0,925.0
544.0,859.0
545.0,868.0
546.0,845.0
547.0,847.0
548.0,846.0
549.0,848.0
550.0,843.0
551.0,843.0
552.0,816.0
553.0,851.0
554.0,849.0
555.0,840.0
556.0,831.0
557.0,851.0
558.0,839.0
559.0,841.0
560.0,871.0
561.0,866.0
562.0,877.0
563.0,832.0
564.0,849.0
565.0,816.0
566.0,800.0
567.0,829.0
568.0,810.0
569.0,824.0
570.0,820.0
571.0,831.0
572.0,800.0
573.0,804.0
574.0,829.0
575.0,808.0
576.0,788.0
577.0,803.0
578.0,814.0
579.0,804.0
580.0,812.0
581.0,814.0
582.0,820.0
583.0,827.0
584.0,797.0
585.0,804.0
586.0,791.0
587.0,826.0
588.0,817.0
589.0,789.0
590.0,786.0
591.0,790.0
592.0,765.0
593.0,810.0
594.0,818.0
595.0,794.0
596.0,788.0
597.0,792.0
598.0,801.0
599.0,811.0
600.0,838.0
601.0,814.0
602.0,819.0
603.0,879.0
604.0,901.0
605.0,1069.0
606.0,1507.0
607.0,1937.0
608.0,1854.0
609.0,1205.0
610.0,856.0
611.0,778.0
612.0,774.0
613.0,762.0
614.0,807.0
615.0,788.0
616.0,769.0
617.0,792.0
618.0,754.0
619.0,779.0
620.0,761.0
621.0,790.0
622.0,787.0
623.0,763.0
624.0,769.0
625.0,784.0
626.0,780.0
627.0,789.0
628.0,778.0
629.0,797.0
630.0,793.0
631.0,770.0
632.0,779.0
633.0,744.0
634.0,737.0
635.0,725.0
636.0,755.0
637.0,763.0
638.0,737.0
639.0,782.0
640.0,743.0
641.0,735.0
642.0,721.0
643.0,738.0
644.0,730.0
645.0,761.0
646.0,744.0
647.0,752.0
648.0,731.0
649.0,726.0
650.0,776.0
651.0,733.0
652.0,731.0
653.0,734.0
654.0,738.0
655.0,722.0
656.0,765.0
657.0,740.0
658.0,737.0
659.0,726.0
660.0,744.0
661.0,766.0
662.0,719.0
663.0,753.0
664.0,723.0
665.0,732.0
666.0,708.0
667.0,707.0
668.0,695.0
669.0,722.0
670.0,714.0
671.0,720.0
672.0,712.0
673.0,703.0
674.0,727.0
675.0,685.0
676.0,687.0
677.0,693.0
678.0,730.0
679.0,696.0
680.0,672.0
681.0,739.0
682.0,692.0
683.0,690.0
684.0,693.0
685.0,675.0
686.0,663.0
687.0,678.0
688.0,673.0
689.0,681.0
690.0,722.0
691.0,693.0
692.0,697.0
693.0,660.0
694.0,686.0
695.0,691.0
696.0,675.0
697.0,670.0
698.0,671.0
699.0,684.0
700.0,678.0
701.0,681.0
702.0,672.0
703.0,691.0
704.0,653.0
705.0,686.0
706.0,677.0
707.0,656.0
708.0,626.0
709.0,654.0
710.0,667.0
711.0,649.0
712.0,647.0
713.0,670.0
714.0,660.0
715.0,651.0
716.0,676.0
717.0,662.0
718.0,654.0
719.0,665.0
720.0,645.0
721.0,641.0
722.0,655.0
723.0,655.0
724.0,617.0
725.0,624.0
726.0,633.0
727.0,630.0
728.0,612.0
729.0,625.0
730.0,627.0
731.0,619.0
732.0,604.0
733.0,641.0
734.0,621.0
735.0,640.0
736.0,615.0
737.0,620.0
738.0,625.0
739.0,616.0
740.0,618.0
741.0,635.0
742.0,575.0
743.0,590.0
744.0,630.0
745.0,591.0
746.0,589.0
747.0,584.0
748.0,577.0
749.0,623.0
750.0,593.0
751.0,573.0
752.0,567.0
753.0,589.0
754.0,573.0
755.0,596.0
756.0,560.0
757.0,591.0
758.0,582.0
759.0,589.0
760.0,595.0
761.0,555.0
762.0,573.0
763.0,575.0
764.0,566.0
765.0,579.0
766.0,546.0
767.0,586.0
768.0,566.0
769.0,543.0
770.0,555.0
771.0,564.0
772.0,551.0
773.0,543.0
774.0,547.0
775.0,543.0
776.0,545.0
777.0,544.0
778.0,540.0
779.0,553.0
780.0,538.0
781.0,533.0
782.0,541.0
783.0,535.0
784.0,535.0
785.0,504.0
786.0,545.0
787.0,533.0
788.0,558.0
789.0,536.0
790.0,530.0
791.0,523.0
792.0,506.0
793.0,559.0
794.0,521.0
795.0,528.0
796.0,523.0
797.0,519.0
798.0,489.0
799.0,500.0
800.0,501.0
801.0,494.0
802.0,479.0
803.0,495.0
804.0,514.0
805.0,491.0
806.0,495.0
807.0,485.0
808.0,509.0
809.0,515.0
810.0,481.0
811.0,489.0
812.0,495.0
813.0,454.0
814.0,497.0
815.0,474.0
816.0,521.0
817.0,470.0
818.0,446.0
819.0,495.0
820.0,473.0
821.0,473.0
822.0,470.0
823.0,472.0
824.0,468.0
825.0,468.0
826.0,460.0
827.0,444.0
828.0,478.0
829.0,486.0
830.0,476.0
831.0,484.0
832.0,451.0
833.0,470.0
834.0,448.0
835.0,480.0
836.0,453.0
837.0,441.0
838.0,452.0
839.0,476.0
840.0,446.0
841.0,454.0
842.0,433.0
843.0,423.0
844.0,439.0
845.0,450.0
846.0,434.0
847.0,439.0
848.0,448.0
849.0,431.0
850.0,414.0
851.0,416.0
852.0,425.0
853.0,431.0
854.0,398.0
855.0,455.0
856.0,427.0
857.0,427.0
858.0,422.0
859.0,430.0
860.0,430.0
861.0,404.0
862.0,436.0
863.0,406.0
864.0,443.0
865.0,459.0
866.0,466.0
867.0,413.0
868.0,404.0
869.0,423.0
870.0,420.0
871.0,419.0
872.0,406.0
873.0,401.0
874.0,414.0
875.0,389.0
876.0,418.0
877.0,386.0
878.0,394.0
879.0,403.0
880.0,393.0
881.0,394.0
882.0,387.0
883.0,403.0
884.0,374.0
885.0,387.0
886.0,401.0
887.0,394.0
888.0,400.0
889.0,378.0
890.0,379.0
891.0,401.0
892.0,385.0
893.0,396.0
894.0,397.0
895.0,382.0
896.0,402.0
897.0,377.0
898.0,369.0
899.0,380.0
900.0,366.0
901.0,397.0
902.0,371.0
903.0,360.0
904.0,378.0
905.0,382.0
906.0,358.0
907.0,390.0
908.0,380.0
909.0,381.0
910.0,368.0
911.0,360.0
912.0,350.0
913.0,358.0
914.0,397.0
915.0,371.0
916.0,353.0
917.0,370.0
918.0,345.0
919.0,340.0
920.0,344.0
921.0,355.0
922.0,350.0
923.0,364.0
924.0,360.0
925.0,359.0
926.0,363.0
927.0,358.0
928.0,360.0
929.0,347.0
930.0,343.0
931.0,340.0
932.0,325.0
933.0,326.0
934.0,336.0
935.0,336.0
936.0,343.0
937.0,328.0
938.0,356.0
939.0,315.0
940.0,341.0
941.0,322.0
942.0,344.0
943.0,322.0
944.0,326.0
945.0,309.0
946.0,332.0
947.0,337.0
948.0,346.0
949.0,345.0
950.0,339.0
951.0,330.0
952.0,348.0
953.0,344.0
954.0,327.0
955.0,323.0
956.0,321.0
957.0,324.0
958.0,337.0
959.0,338.0
960.0,312.0
961.0,324.0
962.0,321.0
963.0,333.0
964.0,301.0
965.0,324.0
966.0,320.0
967.0,329.0
968.0,308.0
969.0,330.0
970.0,312.0
971.0,308.0
972.0,305.0
973.0,313.0
974.0,303.0
975.0,314.0
976.0,296.0
977.0,304.0
978.0,327.0
979.0,298.0
980.0,312.0
981.0,301.0
982.0,323.0
983.0,321.0
984.0,298.0
985.0,320.0
986.0,291.0
987.0,326.0
988.0,296.0
989.0,278.0
990.0,297.0
991.0,300.0
992.0,292.0
993.0,317.0
994.0,283.0
995.0,288.0
996.0,314.0
997.0,301.0
998.0,289.0
999.0,303.0
1000.0,282.0
1001.0,299.0
1002.0,314.0
1003.0,285.0
1004.0,289.0
1005.0,303.0
1006.0,309.0
1007.0,309.0
1008.0,297.0
1009.0,292.0
1010.0,277.0
1011.0,287.0
1012.0,288.0
1013.0,286.0
1014.0,279.0
1015.0,297.0
1016.0,305.0
1017.0,299.0
1018.0,297.0
1019.0,277.0
1020.0,296.0
1021.0,298.0
1022.0,278.0
1023.0,289.0
