0.0,128.0
1.0,172.0
2.0,185.0
3.0,215.0
4.0,213.0
5.0,230.0
6.0,246.0
7.0,218.0
8.0,231.0
9.0,238.0
10.0,265.0
11.0,238.0
12.0,252.0
13.0,236.0
14.0,261.0
15.0,265.0
16.0,255.0
17.0,256.0
18.0,281.0
19.0,259.0
20.0,268.0
21.0,254.0
22.0,252.0
23.0,244.0
24.0,259.0
25.0,271.0
26.0,262.0
27.0,290.0
28.0,268.0
29.0,264.0
30.0,270.0
31.0,253.0
32.0,292.0
33.0,274.0
34.0,265.0
35.0,280.0
36.0,283.0
37.0,282.0
38.0,287.0
39.0,294.0
40.0,311.0
41.0,287.0
42.0,310.0
43.0,292.0
44.0,304.0
45.0,296.0
46.0,296.0
47.0,318.0
48.0,297.0
49.0,284.0
50.0,321.0
51.0,307.0
52.0,313.0
53.0,336.0
54.0,325.0
55.0,340.0
56.0,340.0
57.0,337.0
58.0,338.0
59.0,347.0
60.0,359.0
61.0,344.0
62.0,333.0
63.0,344.0
64.0,371.0
65.0,362.0
66.0,357.0
67.0,333.0
68.0,361.0
69.0,340.0
70.0,377.0
71.0,330.0
72.0,373.0
73.0,354.0
74.0,370.0
75.0,378.0
76.0,348.0
77.0,386.0
78.0,368.0
79.0,361.0
80.0,362.0
81.0,377.0
82.0,386.0
83.0,385.0
84.0,386.0
85.0,387.0
86.0,368.0
87.0,386.0
88.0,381.0
89.0,357.0
90.0,398.0
91.0,385.0
92.0,384.0
93.0,401.0
94.0,384.0
95.0,377.0
96.0,406.0
97.0,401.0
98.0,401.0
99.0,398.0
100.0,404.0
101.0,378.0
102.0,389.0
103.0,395.0
104.0,401.0
105.0,395.0
106.0,411.0
107.0,398.0
108.0,391.0
109.0,411.0
110.0,418.0
111.0,411.0
112.0,390.0
113.0,382.0
114.0,419.0
115.0,379.0
116.0,404.0
117.0,414.0
118.0,399.0
119.0,409.0
120.0,399.0
121.0,447.0
122.0,420.0
123.0,417.0
124.0,428.0
125.0,409.0
126.0,434.0
127.0,425.0
128.0,419.0
129.0,422.0
130.0,464.0
131.0,426.0
132.0,447.0
133.0,434.0
134.0,431.0
135.0,431.0
136.0,437.0
137.0,425.0
138.0,455.0
139.0,458.0
140.0,464.0
141.0,445.0
142.0,465.0
143.0,440.0
144.0,429.0
145.0,452.0
146.0,459.0
147.0,439.0
148.0,484.0
149.0,453.0
150.0,458.0
151.0,468.0
152.0,460.0
153.0,481.0
154.0,466.0
155.0,454.0
156.0,496.0
157.0,457.0
158.0,464.0
159.0,446.0
160.0,461.0
161.0,488.0
162.0,487.0
163.0,453.0
164.0,491.0
165.0,476.0
166.0,470.0
167.0,475.0
168.0,499.0
169.0,495.0
170.0,490.0
171.0,474.0
172.0,508.0
173.0,486.0
174.0,486.0
175.0,487.0
176.0,522.0
177.0,499.0
178.0,541.0
179.0,490.0
180.0,517.0
181.0,491.0
182.0,519.0
183.0,499.0
184.0,507.0
185.0,523.0
186.0,511.0
187.0,510.0
188.0,474.0
189.0,542.0
190.0,498.0
191.0,533.0
192.0,526.0
193.0,505.0
194.0,508.0
195.0,538.0
196.0,527.0
197.0,504.0
198.0,526.0
199.0,534.0
200.0,542.0
201.0,523.0
202.0,521.0
203.0,533.0
204.0,545.0
205.0,542.0
206.0,554.0
207.0,553.0
208.0,529.0
209.0,532.0
210.0,554.0
211.0,545.0
212.0,541.0
213.0,550.0
214.0,569.0
215.0,550.0
216.0,571.0
217.0,550.0
218.0,555.0
219.0,568.0
220.0,555.0
221.0,560.0
222.0,549.0
223.0,561.0
224.0,551.0
225.0,564.0
226.0,563.0
227.0,561.0
228.0,578.0
229.0,559.0
230.0,566.0
231.0,549.0
232.0,599.0
233.0,582.0
234.0,585.0
235.0,588.0
236.0,569.0
237.0,601.0
238.0,583.0
239.0,575.0
240.0,584.0
241.0,600.0
242.0,565.0
243.0,598.0
244.0,600.0
245.0,581.0
246.0,610.0
247.0,628.0
248.0,579.0
249.0,586.0
250.0,637.0
251.0,610.0
252.0,604.0
253.0,589.0
254.0,594.0
255.0,604.0
256.0,610.0
257.0,601.0
258.0,607.0
259.0,619.0
260.0,575.0
261.0,613.0
262.0,629.0
263.0,648.0
264.0,623.0
265.0,615.0
266.0,631.0
267.0,632.0
268.0,641.0
269.0,627.0
270.0,610.0
271.0,628.0
272.0,632.0
273.0,646.0
274.0,655.0
275.0,616.0
276.0,622.0
277.0,631.0
278.0,632.0
279.0,628.0
280.0,635.0
281.0,656.0
282.0,641.0
283.0,633.0
284.0,630.0
285.0,659.0
286.0,666.0
287.0,659.0
288.0,657.0
289.0,664.0
290.0,667.0
291.0,649.0
292.0,652.0
293.0,686.0
294.0,655.0
295.0,646.0
296.0,674.0
297.0,672.0
298.0,654.0
299.0,676.0
300.0,658.0
301.0,654.0
302.0,663.0
303.0,658.0
304.0,678.0
305.0,662.0
306.0,674.0
307.0,706.0
308.0,669.0
309.0,659.0
310.0,694.0
311.0,680.0
312.0,698.0
313.0,674.0
314.0,683.0
315.0,693.0
316.0,690.0
317.0,685.0
318.0,701.0
319.0,701.0
320.0,715.0
321.0,694.0
322.0,712.0
323.0,685.0
324.0,701.0
325.0,695.0
326.0,698.0
327.0,698.0
328.0,719.0
329.0,705.0
330.0,706.0
331.0,717.0
332.0,724.0
333.0,700.0
334.0,731.0
335.0,696.0
336.0,707.0
337.0,708.0
338.0,726.0
339.0,705.0
340.0,709.0
341.0,711.0
342.0,725.0
343.0,753.0
344.0,752.0
345.0,802.0
346.0,919.0
347.0,1144.0
348.0,1147.0
349.0,880.0
350.0,710.0
351.0,717.0
352.0,736.0
353.0,723.0
354.0,738.0
355.0,746.0
356.0,753.0
357.0,706.0
358.0,715.0
359.0,740.0
360.0,733.0
361.0,755.0
362.0,734.0
363.0,750.0
364.0,733.0
365.0,757.0
366.0,730.0
367.0,767.0
368.0,747.0
369.0,739.0
370.0,754.0
371.0,723.0
372.0,771.0
373.0,746.0
374.0,746.0
375.0,755.0
376.0,765.0
377.0,761.0
378.0,791.0
379.0,765.0
380.0,727.0
381.0,766.0
382.0,773.0
383.0,767.0
384.0,744.0
385.0,734.0
386.0,763.0
387.0,750.0
388.0,745.0
389.0,756.0
390.0,769.0
391.0,772.0
392.0,753.0
393.0,772.0
394.0,763.0
395.0,750.0
396.0,752.0
397.0,778.0
398.0,741.0
399.0,771.0
400.0,762.0
401.0,771.0
402.0,779.0
403.0,765.0
404.0,769.0
405.0,774.0
406.0,793.0
407.0,778.0
408.0,793.0
409.0,777.0
410.0,761.0
411.0,763.0
412.0,739.0
413.0,776.0
414.0,755.0
415.0,772.0
416.0,761.0
417.0,767.0
418.0,796.0
419.0,773.0
420.0,767.0
421.0,767.0
422.0,780.0
423.0,794.0
424.0,801.0
425.0,793.0
426.0,790.0
427.0,760.0
428.0,782.0
429.0,757.0
430.0,781.0
431.0,781.0
432.0,798.0
433.0,774.0
434.0,793.0
435.0,799.0
436.0,794.0
437.0,793.0
438.0,782.0
439.0,801.0
440.0,775.0
441.0,792.0
442.0,781.0
443.0,812.0
444.0,789.0
445.0,774.0
446.0,801.0
447.0,807.0
448.0,787.0
449.0,777.0
450.0,812.0
451.0,783.0
452.0,784.0
453.0,774.0
454.0,806.0
455.0,803.0
456.0,793.0
457.0,803.0
458.0,785.0
459.0,803.0
460.0,796.0
461.0,797.0
462.0,796.0
463.0,811.0
464.0,810.0
465.0,827.0
466.0,804.0
467.0,812.0
468.0,802.0
469.0,823.0
470.0,806.0
471.0,830.0
472.0,809.0
473.0,810.0
474.0,840.0
475.0,772.0
476.0,809.0
477.0,821.0
478.0,783.0
479.0,844.0
480.0,792.0
481.0,800.0
482.0,805.0
483.0,795.0
484.0,809.0
485.0,796.0
486.0,795.0
487.0,825.0
488.0,791.0
489.0,836.0
490.0,788.0
491.0,760.0
492.0,813.0
493.0,783.0
494.0,803.0
495.0,814.0
496.0,764.0
497.0,788.0
498.0,780.0
499.0,831.0
500.0,808.0
501.0,785.0
502.0,805.0
503.0,773.0
504.0,780.0
505.0,790.0
506.0,794.0
507.0,767.0
508.0,765.0
509.0,758.0
510.0,764.0
511.0,768.0
512.0,780.0
513.0,789.0
514.0,764.0
515.0,768.0
516.0,761.0
517.0,763.0
518.0,755.0
519.0,763.0
520.0,774.0
521.0,766.0
522.0,774.0
523.0,764.0
524.0,797.0
525.0,774.0
526.0,782.0
527.0,772.0
528.0,746.0
529.0,762.0
530.0,792.0
531.0,750.0
532.0,745.0
533.0,764.0
534.0,733.0
535.0,739.0
536.0,785.0
537.0,766.0
538.0,757.0
539.0,716.0
540.0,754.0
541.0,748.0
542.0,771.0
543.0,746.0
544.0,752.0
545.0,733.0
546.0,740.0
547.0,735.0
548.0,737.0
549.0,744.0
550.0,717.0
551.0,737.0
552.0,732.0
553.0,746.0
554.0,783.0
555.0,738.0
556.0,727.0
557.0,734.0
558.0,745.0
559.0,740.0
560.0,742.0
561.0,739.0
562.0,740.0
563.0,729.0
564.0,753.0
565.0,715.0
566.0,748.0
567.0,730.0
568.0,725.0
569.0,736.0
570.0,725.0
571.0,738.0
572.0,724.0
573.0,774.0
574.0,725.0
575.0,731.0
576.0,703.0
577.0,722.0
578.0,735.0
579.0,728.0
580.0,701.0
581.0,732.0
582.0,710.0
583.0,711.0
584.0,735.0
585.0,719.0
586.0,725.0
587.0,730.0
588.0,691.0
589.0,716.0
590.0,718.0
591.0,691.0
592.0,687.0
593.0,725.0
594.0,708.0
595.0,690.0
596.0,700.0
597.0,694.0
598.0,697.0
599.0,694.0
600.0,729.0
601.0,694.0
602.0,693.0
603.0,702.0
604.0,669.0
605.0,668.0
606.0,698.0
607.0,704.0
608.0,680.0
609.0,690.0
610.0,695.0
611.0,670.0
612.0,650.0
613.0,696.0
614.0,647.0
615.0,672.0
616.0,666.0
617.0,673.0
618.0,669.0
619.0,675.0
620.0,674.0
621.0,678.0
622.0,680.0
623.0,673.0
624.0,670.0
625.0,654.0
626.0,660.0
627.0,670.0
628.0,639.0
629.0,672.0
630.0,665.0
631.0,676.0
632.0,669.0
633.0,658.0
634.0,666.0
635.0,637.0
636.0,673.0
637.0,653.0
638.0,640.0
639.0,652.0
640.0,643.0
641.0,641.0
642.0,643.0
643.0,640.0
644.0,648.0
645.0,651.0
646.0,633.0
647.0,674.0
648.0,651.0
649.0,663.0
650.0,621.0
651.0,623.0
652.0,652.0
653.0,624.0
654.0,624.0
655.0,642.0
656.0,640.0
657.0,618.0
658.0,634.0
659.0,629.0
660.0,633.0
661.0,630.0
662.0,632.0
663.0,630.0
664.0,614.0
665.0,599.0
666.0,605.0
667.0,608.0
668.0,619.0
669.0,606.0
670.0,593.0
671.0,605.0
672.0,617.0
673.0,615.0
674.0,613.0
675.0,628.0
676.0,628.0
677.0,610.0
678.0,613.0
679.0,556.0
680.0,601.0
681.0,589.0
682.0,604.0
683.0,635.0
684.0,573.0
685.0,590.0
686.0,582.0
687.0,593.0
688.0,597.0
689.0,610.0
690.0,584.0
691.0,589.0
692.0,605.0
693.0,574.0
694.0,583.0
695.0,544.0
696.0,582.0
697.0,583.0
698.0,601.0
699.0,587.0
700.0,579.0
701.0,615.0
702.0,584.0
703.0,586.0
704.0,576.0
705.0,577.0
706.0,572.0
707.0,582.0
708.0,591.0
709.0,560.0
710.0,583.0
711.0,538.0
712.0,573.0
713.0,591.0
714.0,578.0
715.0,567.0
716.0,566.0
717.0,564.0
718.0,565.0
719.0,566.0
720.0,545.0
721.0,578.0
722.0,541.0
723.0,552.0
724.0,547.0
725.0,546.0
726.0,565.0
727.0,567.0
728.0,551.0
729.0,550.0
730.0,555.0
731.0,543.0
732.0,522.0
733.0,556.0
734.0,550.0
735.0,517.0
736.0,529.0
737.0,514.0
738.0,540.0
739.0,549.0
740.0,527.0
741.0,533.0
742.0,519.0
743.0,516.0
744.0,507.0
745.0,507.0
746.0,536.0
747.0,540.0
748.0,512.0
749.0,517.0
750.0,507.0
751.0,497.0
752.0,519.0
753.0,517.0
754.0,487.0
755.0,500.0
756.0,491.0
757.0,506.0
758.0,479.0
759.0,487.0
760.0,502.0
761.0,500.0
762.0,482.0
763.0,493.0
764.0,479.0
765.0,478.0
766.0,460.0
767.0,488.0
768.0,510.0
769.0,475.0
770.0,489.0
771.0,492.0
772.0,474.0
773.0,486.0
774.0,468.0
775.0,480.0
776.0,470.0
777.0,479.0
778.0,452.0
779.0,453.0
780.0,458.0
781.0,467.0
782.0,450.0
783.0,456.0
784.0,453.0
785.0,463.0
786.0,500.0
787.0,518.0
788.0,608.0
789.0,704.0
790.0,622.0
791.0,448.0
792.0,440.0
793.0,444.0
794.0,461.0
795.0,446.0
796.0,457.0
797.0,443.0
798.0,423.0
799.0,423.0
800.0,436.0
801.0,439.0
802.0,430.0
803.0,422.0
804.0,432.0
805.0,403.0
806.0,448.0
807.0,395.0
808.0,415.0
809.0,432.0
810.0,425.0
811.0,414.0
812.0,432.0
813.0,419.0
814.0,426.0
815.0,371.0
816.0,444.0
817.0,415.0
818.0,395.0
819.0,395.0
820.0,411.0
821.0,414.0
822.0,407.0
823.0,400.0
824.0,405.0
825.0,376.0
826.0,393.0
827.0,402.0
828.0,413.0
829.0,393.0
830.0,371.0
831.0,414.0
832.0,388.0
833.0,374.0
834.0,420.0
835.0,377.0
836.0,394.0
837.0,396.0
838.0,392.0
839.0,384.0
840.0,383.0
841.0,385.0
842.0,404.0
843.0,387.0
844.0,389.0
845.0,393.0
846.0,369.0
847.0,398.0
848.0,379.0
849.0,347.0
850.0,364.0
851.0,364.0
852.0,378.0
853.0,363.0
854.0,360.0
855.0,369.0
856.0,358.0
857.0,378.0
858.0,339.0
859.0,370.0
860.0,365.0
861.0,357.0
862.0,388.0
863.0,348.0
864.0,369.0
865.0,359.0
866.0,366.0
867.0,344.0
868.0,365.0
869.0,363.0
870.0,375.0
871.0,365.0
872.0,357.0
873.0,353.0
874.0,373.0
875.0,355.0
876.0,347.0
877.0,365.0
878.0,348.0
879.0,355.0
880.0,336.0
881.0,367.0
882.0,342.0
883.0,339.0
884.0,350.0
885.0,342.0
886.0,341.0
887.0,344.0
888.0,315.0
889.0,351.0
890.0,356.0
891.0,330.0
892.0,323.0
893.0,342.0
894.0,339.0
895.0,325.0
896.0,331.0
897.0,329.0
898.0,365.0
899.0,348.0
900.0,332.0
901.0,330.0
902.0,326.0
903.0,328.0
904.0,326.0
905.0,350.0
906.0,321.0
907.0,345.0
908.0,330.0
909.0,308.0
910.0,330.0
911.0,332.0
912.0,344.0
913.0,341.0
914.0,343.0
915.0,334.0
916.0,323.0
917.0,331.0
918.0,333.0
919.0,344.0
920.0,338.0
921.0,398.0
922.0,567.0
923.0,745.0
924.0,583.0
925.0,370.0
926.0,316.0
927.0,335.0
928.0,330.0
929.0,336.0
930.0,321.0
931.0,331.0
932.0,328.0
933.0,315.0
934.0,331.0
935.0,310.0
936.0,326.0
937.0,332.0
938.0,318.0
939.0,307.0
940.0,340.0
941.0,321.0
942.0,327.0
943.0,312.0
944.0,310.0
945.0,330.0
946.0,315.0
947.0,312.0
948.0,324.0
949.0,304.0
950.0,303.0
951.0,310.0
952.0,317.0
953.0,314.0
954.0,342.0
955.0,309.0
956.0,319.0
957.0,333.0
958.0,305.0
959.0,299.0
960.0,315.0
961.0,291.0
962.0,313.0
963.0,304.0
964.0,312.0
965.0,298.0
966.0,298.0
967.0,296.0
968.0,310.0
969.0,318.0
970.0,321.0
971.0,313.0
972.0,320.0
973.0,324.0
974.0,321.0
975.0,309.0
976.0,305.0
977.0,306.0
978.0,299.0
979.0,300.0
980.0,328.0
981.0,313.0
982.0,328.0
983.0,321.0
984.0,311.0
985.0,289.0
986.0,307.0
987.0,315.0
988.0,298.0
989.0,312.0
990.0,306.0
991.0,314.0
992.0,307.0
993.0,312.0
994.0,322.0
995.0,298.0
996.0,305.0
997.0,333.0
998.0,303.0
999.0,319.0
1000.0,303.0
1001.0,313.0
1002.0,301.0
1003.0,297.0
1004.0,299.0
1005.0,320.0
1006.0,327.0
1007.0,315.0
1008.0,319.0
1009.0,314.0
1010.0,304.0
1011.0,310.0
1012.0,307.0
1013.0,291.0
1014.0,293.0
1015.0,300.0
1016.0,293.0
1017.0,296.0
1018.0,305.0
1019.0,327.0
1020.0,318.0
1021.0,295.0
1022.0,297.0
1023.0,291.0
