0.0,136.0
1.0,199.0
2.0,208.0
3.0,232.0
4.0,249.0
5.0,261.0
6.0,273.0
7.0,260.0
8.0,270.0
9.0,252.0
10.0,281.0
11.0,276.0
12.0,268.0
13.0,295.0
14.0,275.0
15.0,273.0
16.0,259.0
17.0,291.0
18.0,292.0
19.0,277.0
20.0,311.0
21.0,344.0
22.0,402.0
23.0,394.0
24.0,357.0
25.0,299.0
26.0,306.0
27.0,322.0
28.0,303.0
29.0,328.0
30.0,307.0
31.0,319.0
32.0,336.0
33.0,297.0
34.0,323.0
35.0,333.0
36.0,330.0
37.0,368.0
38.0,371.0
39.0,347.0
40.0,354.0
41.0,335.0
42.0,352.0
43.0,345.0
44.0,339.0
45.0,349.0
46.0,392.0
47.0,356.0
48.0,365.0
49.0,360.0
50.0,390.0
51.0,419.0
52.0,379.0
53.0,384.0
54.0,388.0
55.0,396.0
56.0,389.0
57.0,364.0
58.0,402.0
59.0,370.0
60.0,387.0
61.0,390.0
62.0,366.0
63.0,378.0
64.0,408.0
65.0,416.0
66.0,408.0
67.0,372.0
68.0,413.0
69.0,426.0
70.0,414.0
71.0,395.0
72.0,411.0
73.0,434.0
74.0,411.0
75.0,421.0
76.0,467.0
77.0,479.0
78.0,454.0
79.0,445.0
80.0,426.0
81.0,444.0
82.0,426.0
83.0,432.0
84.0,438.0
85.0,407.0
86.0,455.0
87.0,432.0
88.0,465.0
89.0,449.0
90.0,468.0
91.0,469.0
92.0,483.0
93.0,464.0
94.0,443.0
95.0,457.0
96.0,465.0
97.0,471.0
98.0,444.0
99.0,453.0
100.0,444.0
101.0,459.0
102.0,471.0
103.0,479.0
104.0,466.0
105.0,483.0
106.0,461.0
107.0,457.0
108.0,506.0
109.0,444.0
110.0,460.0
111.0,517.0
112.0,485.0
113.0,493.0
114.0,505.0
115.0,486.0
116.0,496.0
117.0,499.0
118.0,493.0
119.0,486.0
120.0,507.0
121.0,505.0
122.0,516.0
123.0,506.0
124.0,502.0
125.0,505.0
126.0,521.0
127.0,516.0
128.0,506.0
129.0,527.0
130.0,520.0
131.0,517.0
132.0,535.0
133.0,561.0
134.0,535.0
135.0,548.0
136.0,542.0
137.0,518.0
138.0,530.0
139.0,527.0
140.0,535.0
141.0,558.0
142.0,563.0
143.0,541.0
144.0,562.0
145.0,545.0
146.0,533.0
147.0,553.0
148.0,524.0
149.0,543.0
150.0,570.0
151.0,555.0
152.0,546.0
153.0,576.0
154.0,580.0
155.0,550.0
156.0,553.0
157.0,560.0
158.0,543.0
159.0,586.0
160.0,558.0
161.0,581.0
162.0,588.0
163.0,564.0
164.0,604.0
165.0,598.0
166.0,604.0
167.0,720.0
168.0,830.0
169.0,824.0
170.0,718.0
171.0,590.0
172.0,578.0
173.0,562.0
174.0,543.0
175.0,588.0
176.0,578.0
177.0,592.0
178.0,569.0
179.0,578.0
180.0,575.0
181.0,587.0
182.0,573.0
183.0,606.0
184.0,585.0
185.0,596.0
186.0,592.0
187.0,601.0
188.0,624.0
189.0,616.0
190.0,614.0
191.0,647.0
192.0,663.0
193.0,687.0
194.0,711.0
195.0,927.0
196.0,1471.0
197.0,2974.0
198.0,5667.0
199.0,6105.0
200.0,3009.0
201.0,967.0
202.0,683.0
203.0,679.0
204.0,632.0
205.0,617.0
206.0,598.0
207.0,622.0
208.0,607.0
209.0,614.0
210.0,630.0
211.0,591.0
212.0,651.0
213.0,613.0
214.0,599.0
215.0,633.0
216.0,608.0
217.0,617.0
218.0,653.0
219.0,623.0
220.0,616.0
221.0,624.0
222.0,655.0
223.0,627.0
224.0,649.0
225.0,639.0
226.0,664.0
227.0,669.0
228.0,673.0
229.0,668.0
230.0,698.0
231.0,741.0
232.0,864.0
233.0,1220.0
234.0,2261.0
235.0,3583.0
236.0,3119.0
237.0,1465.0
238.0,761.0
239.0,684.0
240.0,647.0
241.0,667.0
242.0,658.0
243.0,627.0
244.0,668.0
245.0,668.0
246.0,633.0
247.0,660.0
248.0,637.0
249.0,666.0
250.0,650.0
251.0,683.0
252.0,640.0
253.0,660.0
254.0,657.0
255.0,656.0
256.0,669.0
257.0,662.0
258.0,645.0
259.0,663.0
260.0,676.0
261.0,674.0
262.0,665.0
263.0,678.0
264.0,681.0
265.0,693.0
266.0,698.0
267.0,672.0
268.0,689.0
269.0,662.0
270.0,700.0
271.0,691.0
272.0,713.0
273.0,727.0
274.0,772.0
275.0,777.0
276.0,793.0
277.0,819.0
278.0,787.0
279.0,839.0
280.0,880.0
281.0,939.0
282.0,1075.0
283.0,1315.0
284.0,1869.0
285.0,3455.0
286.0,7359.0
287.0,12923.0
288.0,12093.0
289.0,5369.0
290.0,1492.0
291.0,875.0
292.0,774.0
293.0,722.0
294.0,725.0
295.0,724.0
296.0,715.0
297.0,708.0
298.0,737.0
299.0,721.0
300.0,718.0
301.0,695.0
302.0,724.0
303.0,700.0
304.0,728.0
305.0,713.0
306.0,702.0
307.0,699.0
308.0,712.0
309.0,726.0
310.0,710.0
311.0,743.0
312.0,727.0
313.0,716.0
314.0,728.0
315.0,715.0
316.0,708.0
317.0,704.0
318.0,711.0
319.0,734.0
320.0,713.0
321.0,733.0
322.0,751.0
323.0,739.0
324.0,767.0
325.0,753.0
326.0,760.0
327.0,785.0
328.0,831.0
329.0,801.0
330.0,773.0
331.0,800.0
332.0,767.0
333.0,825.0
334.0,822.0
335.0,854.0
336.0,896.0
337.0,939.0
338.0,994.0
339.0,1110.0
340.0,1189.0
341.0,1332.0
342.0,1469.0
343.0,1790.0
344.0,2478.0
345.0,4332.0
346.0,9804.0
347.0,23047.0
348.0,36802.0
349.0,29430.0
350.0,10050.0
351.0,2178.0
352.0,1168.0
353.0,976.0
354.0,885.0
355.0,864.0
356.0,834.0
357.0,797.0
358.0,783.0
359.0,779.0
360.0,785.0
361.0,776.0
362.0,770.0
363.0,767.0
364.0,757.0
365.0,771.0
366.0,756.0
367.0,797.0
368.0,766.0
369.0,747.0
370.0,781.0
371.0,756.0
372.0,757.0
373.0,761.0
374.0,765.0
375.0,768.0
376.0,760.0
377.0,765.0
378.0,780.0
379.0,780.0
380.0,815.0
381.0,827.0
382.0,862.0
383.0,990.0
384.0,1317.0
385.0,2056.0
386.0,2714.0
387.0,2220.0
388.0,1203.0
389.0,829.0
390.0,759.0
391.0,767.0
392.0,726.0
393.0,766.0
394.0,752.0
395.0,766.0
396.0,744.0
397.0,747.0
398.0,748.0
399.0,739.0
400.0,739.0
401.0,744.0
402.0,762.0
403.0,752.0
404.0,764.0
405.0,755.0
406.0,761.0
407.0,754.0
408.0,748.0
409.0,753.0
410.0,762.0
411.0,773.0
412.0,727.0
413.0,742.0
414.0,764.0
415.0,757.0
416.0,735.0
417.0,752.0
418.0,768.0
419.0,776.0
420.0,748.0
421.0,749.0
422.0,757.0
423.0,750.0
424.0,766.0
425.0,786.0
426.0,787.0
427.0,816.0
428.0,820.0
429.0,765.0
430.0,737.0
431.0,760.0
432.0,758.0
433.0,772.0
434.0,755.0
435.0,742.0
436.0,760.0
437.0,771.0
438.0,755.0
439.0,764.0
440.0,768.0
441.0,770.0
442.0,806.0
443.0,793.0
444.0,812.0
445.0,834.0
446.0,955.0
447.0,1208.0
448.0,1763.0
449.0,1857.0
450.0,1295.0
451.0,861.0
452.0,779.0
453.0,775.0
454.0,765.0
455.0,771.0
456.0,769.0
457.0,766.0
458.0,769.0
459.0,772.0
460.0,791.0
461.0,790.0
462.0,760.0
463.0,779.0
464.0,752.0
465.0,797.0
466.0,768.0
467.0,743.0
468.0,753.0
469.0,749.0
470.0,752.0
471.0,753.0
472.0,732.0
473.0,733.0
474.0,765.0
475.0,766.0
476.0,781.0
477.0,765.0
478.0,736.0
479.0,759.0
480.0,747.0
481.0,776.0
482.0,760.0
483.0,770.0
484.0,754.0
485.0,759.0
486.0,811.0
487.0,814.0
488.0,808.0
489.0,877.0
490.0,961.0
491.0,1163.0
492.0,1141.0
493.0,929.0
494.0,800.0
495.0,784.0
496.0,779.0
497.0,756.0
498.0,715.0
499.0,757.0
500.0,751.0
501.0,773.0
502.0,770.0
503.0,739.0
504.0,802.0
505.0,759.0
506.0,764.0
507.0,784.0
508.0,767.0
509.0,759.0
510.0,770.0
511.0,764.0
512.0,773.0
513.0,801.0
514.0,803.0
515.0,796.0
516.0,784.0
517.0,772.0
518.0,783.0
519.0,798.0
520.0,799.0
521.0,797.0
522.0,771.0
523.0,824.0
524.0,855.0
525.0,963.0
526.0,1279.0
527.0,1859.0
528.0,2426.0
529.0,1906.0
530.0,1018.0
531.0,778.0
532.0,774.0
533.0,790.0
534.0,817.0
535.0,750.0
536.0,749.0
537.0,769.0
538.0,738.0
539.0,758.0
540.0,754.0
541.0,756.0
542.0,792.0
543.0,761.0
544.0,766.0
545.0,757.0
546.0,768.0
547.0,790.0
548.0,777.0
549.0,808.0
550.0,824.0
551.0,870.0
552.0,826.0
553.0,784.0
554.0,761.0
555.0,750.0
556.0,763.0
557.0,761.0
558.0,738.0
559.0,784.0
560.0,753.0
561.0,762.0
562.0,744.0
563.0,777.0
564.0,777.0
565.0,767.0
566.0,750.0
567.0,763.0
568.0,742.0
569.0,753.0
570.0,742.0
571.0,743.0
572.0,755.0
573.0,755.0
574.0,729.0
575.0,760.0
576.0,770.0
577.0,747.0
578.0,741.0
579.0,758.0
580.0,760.0
581.0,776.0
582.0,786.0
583.0,798.0
584.0,827.0
585.0,893.0
586.0,979.0
587.0,997.0
588.0,1019.0
589.0,1381.0
590.0,2226.0
591.0,2791.0
592.0,2085.0
593.0,1043.0
594.0,749.0
595.0,752.0
596.0,743.0
597.0,727.0
598.0,711.0
599.0,715.0
600.0,717.0
601.0,745.0
602.0,728.0
603.0,728.0
604.0,729.0
605.0,703.0
606.0,704.0
607.0,735.0
608.0,727.0
609.0,736.0
610.0,739.0
611.0,719.0
612.0,697.0
613.0,723.0
614.0,725.0
615.0,709.0
616.0,723.0
617.0,744.0
618.0,763.0
619.0,791.0
620.0,841.0
621.0,775.0
622.0,723.0
623.0,724.0
624.0,700.0
625.0,696.0
626.0,709.0
627.0,722.0
628.0,718.0
629.0,691.0
630.0,723.0
631.0,686.0
632.0,698.0
633.0,721.0
634.0,713.0
635.0,715.0
636.0,701.0
637.0,686.0
638.0,687.0
639.0,697.0
640.0,723.0
641.0,683.0
642.0,690.0
643.0,695.0
644.0,698.0
645.0,674.0
646.0,712.0
647.0,700.0
648.0,713.0
649.0,678.0
650.0,694.0
651.0,688.0
652.0,688.0
653.0,700.0
654.0,683.0
655.0,674.0
656.0,690.0
657.0,678.0
658.0,694.0
659.0,681.0
660.0,693.0
661.0,679.0
662.0,715.0
663.0,693.0
664.0,691.0
665.0,699.0
666.0,672.0
667.0,684.0
668.0,691.0
669.0,727.0
670.0,718.0
671.0,743.0
672.0,790.0
673.0,939.0
674.0,1284.0
675.0,1557.0
676.0,1243.0
677.0,824.0
678.0,718.0
679.0,672.0
680.0,680.0
681.0,671.0
682.0,667.0
683.0,673.0
684.0,665.0
685.0,644.0
686.0,682.0
687.0,672.0
688.0,681.0
689.0,671.0
690.0,692.0
691.0,798.0
692.0,911.0
693.0,914.0
694.0,742.0
695.0,685.0
696.0,651.0
697.0,666.0
698.0,660.0
699.0,650.0
700.0,662.0
701.0,661.0
702.0,678.0
703.0,668.0
704.0,665.0
705.0,639.0
706.0,666.0
707.0,659.0
708.0,620.0
709.0,663.0
710.0,654.0
711.0,710.0
712.0,771.0
713.0,829.0
714.0,754.0
715.0,651.0
716.0,648.0
717.0,659.0
718.0,633.0
719.0,630.0
720.0,629.0
721.0,646.0
722.0,620.0
723.0,633.0
724.0,633.0
725.0,640.0
726.0,623.0
727.0,621.0
728.0,627.0
729.0,628.0
730.0,618.0
731.0,629.0
732.0,620.0
733.0,604.0
734.0,618.0
735.0,611.0
736.0,654.0
737.0,610.0
738.0,624.0
739.0,593.0
740.0,608.0
741.0,649.0
742.0,599.0
743.0,580.0
744.0,615.0
745.0,600.0
746.0,621.0
747.0,628.0
748.0,615.0
749.0,587.0
750.0,605.0
751.0,613.0
752.0,623.0
753.0,620.0
754.0,594.0
755.0,594.0
756.0,607.0
757.0,599.0
758.0,589.0
759.0,596.0
760.0,616.0
761.0,600.0
762.0,583.0
763.0,603.0
764.0,580.0
765.0,588.0
766.0,579.0
767.0,572.0
768.0,604.0
769.0,578.0
770.0,590.0
771.0,568.0
772.0,568.0
773.0,573.0
774.0,586.0
775.0,546.0
776.0,563.0
777.0,556.0
778.0,574.0
779.0,576.0
780.0,542.0
781.0,553.0
782.0,554.0
783.0,550.0
784.0,566.0
785.0,569.0
786.0,582.0
787.0,559.0
788.0,555.0
789.0,559.0
790.0,555.0
791.0,591.0
792.0,636.0
793.0,715.0
794.0,724.0
795.0,637.0
796.0,540.0
797.0,560.0
798.0,570.0
799.0,564.0
800.0,552.0
801.0,533.0
802.0,558.0
803.0,528.0
804.0,536.0
805.0,541.0
806.0,517.0
807.0,544.0
808.0,527.0
809.0,532.0
810.0,539.0
811.0,536.0
812.0,535.0
813.0,532.0
814.0,522.0
815.0,519.0
816.0,518.0
817.0,560.0
818.0,538.0
819.0,544.0
820.0,548.0
821.0,536.0
822.0,628.0
823.0,596.0
824.0,549.0
825.0,587.0
826.0,653.0
827.0,895.0
828.0,1296.0
829.0,1359.0
830.0,872.0
831.0,546.0
832.0,517.0
833.0,521.0
834.0,514.0
835.0,514.0
836.0,526.0
837.0,577.0
838.0,629.0
839.0,602.0
840.0,537.0
841.0,503.0
842.0,514.0
843.0,493.0
844.0,506.0
845.0,493.0
846.0,507.0
847.0,499.0
848.0,492.0
849.0,515.0
850.0,472.0
851.0,465.0
852.0,505.0
853.0,500.0
854.0,495.0
855.0,485.0
856.0,486.0
857.0,462.0
858.0,467.0
859.0,454.0
860.0,484.0
861.0,467.0
862.0,470.0
863.0,491.0
864.0,474.0
865.0,464.0
866.0,465.0
867.0,493.0
868.0,465.0
869.0,485.0
870.0,474.0
871.0,461.0
872.0,461.0
873.0,468.0
874.0,468.0
875.0,445.0
876.0,483.0
877.0,458.0
878.0,483.0
879.0,434.0
880.0,464.0
881.0,455.0
882.0,449.0
883.0,458.0
884.0,456.0
885.0,459.0
886.0,438.0
887.0,456.0
888.0,465.0
889.0,449.0
890.0,435.0
891.0,468.0
892.0,446.0
893.0,436.0
894.0,469.0
895.0,455.0
896.0,503.0
897.0,491.0
898.0,557.0
899.0,678.0
900.0,1139.0
901.0,1943.0
902.0,1929.0
903.0,1050.0
904.0,511.0
905.0,468.0
906.0,459.0
907.0,459.0
908.0,482.0
909.0,519.0
910.0,619.0
911.0,611.0
912.0,469.0
913.0,442.0
914.0,429.0
915.0,415.0
916.0,451.0
917.0,432.0
918.0,395.0
919.0,402.0
920.0,397.0
921.0,417.0
922.0,409.0
923.0,405.0
924.0,421.0
925.0,421.0
926.0,413.0
927.0,415.0
928.0,445.0
929.0,399.0
930.0,418.0
931.0,395.0
932.0,390.0
933.0,403.0
934.0,407.0
935.0,396.0
936.0,414.0
937.0,433.0
938.0,396.0
939.0,407.0
940.0,400.0
941.0,410.0
942.0,414.0
943.0,386.0
944.0,422.0
945.0,414.0
946.0,401.0
947.0,391.0
948.0,413.0
949.0,380.0
950.0,413.0
951.0,400.0
952.0,393.0
953.0,409.0
954.0,397.0
955.0,368.0
956.0,353.0
957.0,368.0
958.0,392.0
959.0,384.0
960.0,392.0
961.0,396.0
962.0,383.0
963.0,384.0
964.0,409.0
965.0,436.0
966.0,430.0
967.0,399.0
968.0,424.0
969.0,390.0
970.0,364.0
971.0,358.0
972.0,360.0
973.0,366.0
974.0,385.0
975.0,387.0
976.0,369.0
977.0,378.0
978.0,364.0
979.0,380.0
980.0,376.0
981.0,376.0
982.0,377.0
983.0,407.0
984.0,383.0
985.0,377.0
986.0,435.0
987.0,562.0
988.0,1296.0
989.0,2452.0
990.0,2079.0
991.0,793.0
992.0,388.0
993.0,374.0
994.0,344.0
995.0,365.0
996.0,345.0
997.0,372.0
998.0,347.0
999.0,359.0
1000.0,358.0
1001.0,345.0
1002.0,333.0
1003.0,367.0
1004.0,354.0
1005.0,353.0
1006.0,349.0
1007.0,351.0
1008.0,358.0
1009.0,331.0
1010.0,334.0
1011.0,309.0
1012.0,336.0
1013.0,352.0
1014.0,325.0
1015.0,327.0
1016.0,335.0
1017.0,332.0
1018.0,324.0
1019.0,325.0
1020.0,352.0
1021.0,339.0
1022.0,344.0
1023.0,322.0
