0.0,134.0
1.0,156.0
2.0,175.0
3.0,207.0
4.0,218.0
5.0,222.0
6.0,249.0
7.0,229.0
8.0,239.0
9.0,230.0
10.0,222.0
11.0,250.0
12.0,238.0
13.0,248.0
14.0,216.0
15.0,262.0
16.0,243.0
17.0,241.0
18.0,259.0
19.0,239.0
20.0,241.0
21.0,245.0
22.0,247.0
23.0,243.0
24.0,261.0
25.0,247.0
26.0,229.0
27.0,247.0
28.0,247.0
29.0,248.0
30.0,257.0
31.0,264.0
32.0,258.0
33.0,271.0
34.0,281.0
35.0,272.0
36.0,256.0
37.0,267.0
38.0,289.0
39.0,280.0
40.0,276.0
41.0,282.0
42.0,292.0
43.0,298.0
44.0,287.0
45.0,306.0
46.0,305.0
47.0,303.0
48.0,322.0
49.0,304.0
50.0,325.0
51.0,317.0
52.0,301.0
53.0,322.0
54.0,305.0
55.0,325.0
56.0,336.0
57.0,340.0
58.0,313.0
59.0,328.0
60.0,325.0
61.0,338.0
62.0,329.0
63.0,325.0
64.0,320.0
65.0,320.0
66.0,333.0
67.0,318.0
68.0,321.0
69.0,320.0
70.0,325.0
71.0,334.0
72.0,332.0
73.0,348.0
74.0,336.0
75.0,348.0
76.0,352.0
77.0,350.0
78.0,333.0
79.0,345.0
80.0,354.0
81.0,350.0
82.0,329.0
83.0,334.0
84.0,371.0
85.0,342.0
86.0,355.0
87.0,362.0
88.0,371.0
89.0,355.0
90.0,372.0
91.0,353.0
92.0,344.0
93.0,367.0
94.0,346.0
95.0,354.0
96.0,350.0
97.0,384.0
98.0,352.0
99.0,397.0
100.0,365.0
101.0,360.0
102.0,367.0
103.0,392.0
104.0,392.0
105.0,372.0
106.0,361.0
107.0,378.0
108.0,380.0
109.0,390.0
110.0,401.0
111.0,387.0
112.0,363.0
113.0,388.0
114.0,391.0
115.0,391.0
116.0,368.0
117.0,382.0
118.0,404.0
119.0,382.0
120.0,422.0
121.0,394.0
122.0,392.0
123.0,410.0
124.0,416.0
125.0,400.0
126.0,401.0
127.0,396.0
128.0,417.0
129.0,416.0
130.0,407.0
131.0,398.0
132.0,404.0
133.0,409.0
134.0,399.0
135.0,400.0
136.0,414.0
137.0,404.0
138.0,397.0
139.0,421.0
140.0,414.0
141.0,433.0
142.0,427.0
143.0,427.0
144.0,445.0
145.0,424.0
146.0,419.0
147.0,427.0
148.0,443.0
149.0,447.0
150.0,431.0
151.0,443.0
152.0,433.0
153.0,450.0
154.0,445.0
155.0,452.0
156.0,463.0
157.0,449.0
158.0,449.0
159.0,441.0
160.0,443.0
161.0,455.0
162.0,481.0
163.0,453.0
164.0,456.0
165.0,442.0
166.0,467.0
167.0,454.0
168.0,474.0
169.0,461.0
170.0,450.0
171.0,466.0
172.0,448.0
173.0,492.0
174.0,494.0
175.0,474.0
176.0,457.0
177.0,482.0
178.0,459.0
179.0,487.0
180.0,491.0
181.0,492.0
182.0,492.0
183.0,498.0
184.0,522.0
185.0,490.0
186.0,532.0
187.0,538.0
188.0,492.0
189.0,494.0
190.0,533.0
191.0,527.0
192.0,575.0
193.0,566.0
194.0,624.0
195.0,581.0
196.0,656.0
197.0,726.0
198.0,949.0
199.0,1901.0
200.0,5149.0
201.0,11426.0
202.0,12856.0
203.0,6302.0
204.0,1256.0
205.0,657.0
206.0,597.0
207.0,602.0
208.0,532.0
209.0,539.0
210.0,555.0
211.0,528.0
212.0,533.0
213.0,541.0
214.0,554.0
215.0,559.0
216.0,552.0
217.0,530.0
218.0,566.0
219.0,532.0
220.0,546.0
221.0,525.0
222.0,546.0
223.0,556.0
224.0,532.0
225.0,538.0
226.0,546.0
227.0,546.0
228.0,542.0
229.0,563.0
230.0,542.0
231.0,576.0
232.0,568.0
233.0,570.0
234.0,538.0
235.0,560.0
236.0,571.0
237.0,552.0
238.0,554.0
239.0,554.0
240.0,533.0
241.0,551.0
242.0,542.0
243.0,563.0
244.0,549.0
245.0,551.0
246.0,567.0
247.0,592.0
248.0,563.0
249.0,552.0
250.0,570.0
251.0,559.0
252.0,561.0
253.0,576.0
254.0,581.0
255.0,576.0
256.0,568.0
257.0,571.0
258.0,562.0
259.0,590.0
260.0,598.0
261.0,571.0
262.0,598.0
263.0,560.0
264.0,570.0
265.0,565.0
266.0,583.0
267.0,590.0
268.0,622.0
269.0,562.0
270.0,600.0
271.0,596.0
272.0,580.0
273.0,576.0
274.0,573.0
275.0,601.0
276.0,605.0
277.0,588.0
278.0,586.0
279.0,599.0
280.0,617.0
281.0,588.0
282.0,593.0
283.0,616.0
284.0,595.0
285.0,596.0
286.0,600.0
287.0,614.0
288.0,596.0
289.0,609.0
290.0,596.0
291.0,616.0
292.0,623.0
293.0,613.0
294.0,610.0
295.0,598.0
296.0,611.0
297.0,598.0
298.0,616.0
299.0,617.0
300.0,622.0
301.0,612.0
302.0,623.0
303.0,654.0
304.0,609.0
305.0,645.0
306.0,605.0
307.0,630.0
308.0,622.0
309.0,637.0
310.0,626.0
311.0,613.0
312.0,670.0
313.0,616.0
314.0,634.0
315.0,656.0
316.0,646.0
317.0,645.0
318.0,646.0
319.0,650.0
320.0,629.0
321.0,646.0
322.0,645.0
323.0,630.0
324.0,656.0
325.0,630.0
326.0,655.0
327.0,665.0
328.0,650.0
329.0,660.0
330.0,665.0
331.0,656.0
332.0,667.0
333.0,667.0
334.0,617.0
335.0,664.0
336.0,664.0
337.0,682.0
338.0,658.0
339.0,667.0
340.0,678.0
341.0,671.0
342.0,676.0
343.0,687.0
344.0,687.0
345.0,695.0
346.0,686.0
347.0,677.0
348.0,672.0
349.0,704.0
350.0,664.0
351.0,698.0
352.0,701.0
353.0,675.0
354.0,693.0
355.0,694.0
356.0,690.0
357.0,697.0
358.0,688.0
359.0,675.0
360.0,714.0
361.0,704.0
362.0,689.0
363.0,710.0
364.0,710.0
365.0,704.0
366.0,719.0
367.0,729.0
368.0,696.0
369.0,724.0
370.0,722.0
371.0,713.0
372.0,711.0
373.0,735.0
374.0,712.0
375.0,732.0
376.0,737.0
377.0,702.0
378.0,717.0
379.0,739.0
380.0,730.0
381.0,734.0
382.0,743.0
383.0,747.0
384.0,720.0
385.0,754.0
386.0,751.0
387.0,755.0
388.0,762.0
389.0,777.0
390.0,758.0
391.0,757.0
392.0,757.0
393.0,784.0
394.0,787.0
395.0,767.0
396.0,773.0
397.0,806.0
398.0,808.0
399.0,829.0
400.0,791.0
401.0,829.0
402.0,855.0
403.0,869.0
404.0,891.0
405.0,895.0
406.0,902.0
407.0,910.0
408.0,933.0
409.0,1017.0
410.0,1078.0
411.0,1143.0
412.0,1281.0
413.0,1463.0
414.0,2260.0
415.0,5123.0
416.0,15135.0
417.0,36632.0
418.0,41031.0
419.0,18410.0
420.0,2621.0
421.0,1202.0
422.0,1029.0
423.0,975.0
424.0,966.0
425.0,951.0
426.0,934.0
427.0,898.0
428.0,922.0
429.0,910.0
430.0,920.0
431.0,938.0
432.0,921.0
433.0,885.0
434.0,924.0
435.0,896.0
436.0,928.0
437.0,941.0
438.0,867.0
439.0,916.0
440.0,915.0
441.0,924.0
442.0,938.0
443.0,918.0
444.0,924.0
445.0,902.0
446.0,920.0
447.0,955.0
448.0,927.0
449.0,925.0
450.0,945.0
451.0,934.0
452.0,954.0
453.0,943.0
454.0,977.0
455.0,1036.0
456.0,1094.0
457.0,1116.0
458.0,1255.0
459.0,1671.0
460.0,3442.0
461.0,9411.0
462.0,22885.0
463.0,25639.0
464.0,11861.0
465.0,2011.0
466.0,1074.0
467.0,997.0
468.0,949.0
469.0,884.0
470.0,878.0
471.0,865.0
472.0,866.0
473.0,856.0
474.0,878.0
475.0,855.0
476.0,859.0
477.0,866.0
478.0,847.0
479.0,861.0
480.0,862.0
481.0,814.0
482.0,823.0
483.0,832.0
484.0,849.0
485.0,843.0
486.0,832.0
487.0,821.0
488.0,844.0
489.0,850.0
490.0,822.0
491.0,850.0
492.0,851.0
493.0,824.0
494.0,830.0
495.0,841.0
496.0,819.0
497.0,836.0
498.0,862.0
499.0,850.0
500.0,851.0
501.0,862.0
502.0,863.0
503.0,869.0
504.0,913.0
505.0,930.0
506.0,932.0
507.0,966.0
508.0,997.0
509.0,1052.0
510.0,1176.0
511.0,1385.0
512.0,2060.0
513.0,4725.0
514.0,13534.0
515.0,29272.0
516.0,28717.0
517.0,11380.0
518.0,2229.0
519.0,1193.0
520.0,1052.0
521.0,978.0
522.0,913.0
523.0,851.0
524.0,889.0
525.0,847.0
526.0,816.0
527.0,801.0
528.0,812.0
529.0,805.0
530.0,816.0
531.0,785.0
532.0,798.0
533.0,774.0
534.0,788.0
535.0,787.0
536.0,763.0
537.0,752.0
538.0,764.0
539.0,761.0
540.0,739.0
541.0,771.0
542.0,718.0
543.0,759.0
544.0,755.0
545.0,730.0
546.0,736.0
547.0,749.0
548.0,744.0
549.0,731.0
550.0,734.0
551.0,738.0
552.0,715.0
553.0,733.0
554.0,746.0
555.0,731.0
556.0,724.0
557.0,716.0
558.0,727.0
559.0,753.0
560.0,731.0
561.0,710.0
562.0,710.0
563.0,710.0
564.0,697.0
565.0,723.0
566.0,725.0
567.0,731.0
568.0,736.0
569.0,732.0
570.0,744.0
571.0,723.0
572.0,756.0
573.0,764.0
574.0,842.0
575.0,1190.0
576.0,2406.0
577.0,4911.0
578.0,5199.0
579.0,2360.0
580.0,845.0
581.0,724.0
582.0,698.0
583.0,689.0
584.0,675.0
585.0,692.0
586.0,681.0
587.0,666.0
588.0,663.0
589.0,698.0
590.0,678.0
591.0,685.0
592.0,692.0
593.0,693.0
594.0,649.0
595.0,705.0
596.0,664.0
597.0,664.0
598.0,700.0
599.0,656.0
600.0,660.0
601.0,648.0
602.0,637.0
603.0,652.0
604.0,664.0
605.0,662.0
606.0,659.0
607.0,633.0
608.0,639.0
609.0,621.0
610.0,640.0
611.0,661.0
612.0,644.0
613.0,614.0
614.0,653.0
615.0,635.0
616.0,647.0
617.0,612.0
618.0,627.0
619.0,626.0
620.0,622.0
621.0,635.0
622.0,630.0
623.0,634.0
624.0,619.0
625.0,650.0
626.0,611.0
627.0,592.0
628.0,602.0
629.0,603.0
630.0,624.0
631.0,622.0
632.0,610.0
633.0,620.0
634.0,642.0
635.0,610.0
636.0,581.0
637.0,608.0
638.0,600.0
639.0,605.0
640.0,585.0
641.0,615.0
642.0,601.0
643.0,595.0
644.0,616.0
645.0,593.0
646.0,602.0
647.0,596.0
648.0,564.0
649.0,576.0
650.0,584.0
651.0,602.0
652.0,587.0
653.0,578.0
654.0,561.0
655.0,587.0
656.0,611.0
657.0,594.0
658.0,559.0
659.0,592.0
660.0,572.0
661.0,576.0
662.0,569.0
663.0,581.0
664.0,556.0
665.0,569.0
666.0,577.0
667.0,578.0
668.0,563.0
669.0,575.0
670.0,580.0
671.0,565.0
672.0,561.0
673.0,586.0
674.0,566.0
675.0,573.0
676.0,541.0
677.0,564.0
678.0,564.0
679.0,560.0
680.0,547.0
681.0,571.0
682.0,556.0
683.0,550.0
684.0,587.0
685.0,573.0
686.0,529.0
687.0,536.0
688.0,560.0
689.0,565.0
690.0,550.0
691.0,530.0
692.0,547.0
693.0,530.0
694.0,536.0
695.0,540.0
696.0,567.0
697.0,557.0
698.0,543.0
699.0,539.0
700.0,533.0
701.0,536.0
702.0,534.0
703.0,526.0
704.0,540.0
705.0,538.0
706.0,530.0
707.0,533.0
708.0,524.0
709.0,521.0
710.0,536.0
711.0,540.0
712.0,526.0
713.0,527.0
714.0,511.0
715.0,543.0
716.0,510.0
717.0,537.0
718.0,534.0
719.0,542.0
720.0,535.0
721.0,530.0
722.0,500.0
723.0,520.0
724.0,526.0
725.0,522.0
726.0,528.0
727.0,493.0
728.0,531.0
729.0,523.0
730.0,505.0
731.0,505.0
732.0,540.0
733.0,501.0
734.0,508.0
735.0,525.0
736.0,509.0
737.0,499.0
738.0,513.0
739.0,496.0
740.0,479.0
741.0,490.0
742.0,518.0
743.0,505.0
744.0,541.0
745.0,506.0
746.0,489.0
747.0,486.0
748.0,510.0
749.0,487.0
750.0,518.0
751.0,491.0
752.0,501.0
753.0,487.0
754.0,512.0
755.0,489.0
756.0,483.0
757.0,497.0
758.0,476.0
759.0,486.0
760.0,495.0
761.0,489.0
762.0,503.0
763.0,488.0
764.0,459.0
765.0,490.0
766.0,481.0
767.0,481.0
768.0,467.0
769.0,480.0
770.0,493.0
771.0,446.0
772.0,462.0
773.0,468.0
774.0,437.0
775.0,469.0
776.0,451.0
777.0,473.0
778.0,448.0
779.0,447.0
780.0,434.0
781.0,453.0
782.0,463.0
783.0,436.0
784.0,416.0
785.0,427.0
786.0,431.0
787.0,414.0
788.0,435.0
789.0,415.0
790.0,422.0
791.0,443.0
792.0,431.0
793.0,432.0
794.0,447.0
795.0,434.0
796.0,414.0
797.0,411.0
798.0,416.0
799.0,434.0
800.0,427.0
801.0,416.0
802.0,398.0
803.0,405.0
804.0,438.0
805.0,405.0
806.0,400.0
807.0,410.0
808.0,400.0
809.0,387.0
810.0,405.0
811.0,417.0
812.0,392.0
813.0,437.0
814.0,385.0
815.0,381.0
816.0,403.0
817.0,423.0
818.0,409.0
819.0,410.0
820.0,388.0
821.0,392.0
822.0,409.0
823.0,389.0
824.0,388.0
825.0,388.0
826.0,386.0
827.0,386.0
828.0,393.0
829.0,377.0
830.0,375.0
831.0,398.0
832.0,392.0
833.0,384.0
834.0,405.0
835.0,357.0
836.0,376.0
837.0,349.0
838.0,387.0
839.0,358.0
840.0,342.0
841.0,369.0
842.0,354.0
843.0,386.0
844.0,377.0
845.0,354.0
846.0,385.0
847.0,374.0
848.0,375.0
849.0,389.0
850.0,360.0
851.0,389.0
852.0,363.0
853.0,367.0
854.0,366.0
855.0,355.0
856.0,370.0
857.0,364.0
858.0,360.0
859.0,373.0
860.0,350.0
861.0,357.0
862.0,348.0
863.0,341.0
864.0,359.0
865.0,358.0
866.0,346.0
867.0,328.0
868.0,366.0
869.0,362.0
870.0,375.0
871.0,343.0
872.0,326.0
873.0,355.0
874.0,351.0
875.0,354.0
876.0,350.0
877.0,339.0
878.0,337.0
879.0,351.0
880.0,361.0
881.0,341.0
882.0,347.0
883.0,356.0
884.0,348.0
885.0,349.0
886.0,347.0
887.0,348.0
888.0,331.0
889.0,341.0
890.0,338.0
891.0,347.0
892.0,345.0
893.0,358.0
894.0,332.0
895.0,325.0
896.0,358.0
897.0,338.0
898.0,343.0
899.0,336.0
900.0,355.0
901.0,345.0
902.0,328.0
903.0,332.0
904.0,344.0
905.0,336.0
906.0,370.0
907.0,336.0
908.0,324.0
909.0,331.0
910.0,356.0
911.0,330.0
912.0,324.0
913.0,339.0
914.0,320.0
915.0,324.0
916.0,330.0
917.0,347.0
918.0,337.0
919.0,314.0
920.0,329.0
921.0,323.0
922.0,326.0
923.0,313.0
924.0,330.0
925.0,331.0
926.0,318.0
927.0,339.0
928.0,339.0
929.0,325.0
930.0,332.0
931.0,328.0
932.0,312.0
933.0,341.0
934.0,327.0
935.0,344.0
936.0,289.0
937.0,344.0
938.0,323.0
939.0,328.0
940.0,340.0
941.0,326.0
942.0,319.0
943.0,342.0
944.0,339.0
945.0,351.0
946.0,330.0
947.0,321.0
948.0,318.0
949.0,321.0
950.0,343.0
951.0,334.0
952.0,349.0
953.0,335.0
954.0,500.0
955.0,761.0
956.0,711.0
957.0,409.0
958.0,334.0
959.0,337.0
960.0,305.0
961.0,311.0
962.0,341.0
963.0,314.0
964.0,319.0
965.0,308.0
966.0,307.0
967.0,312.0
968.0,333.0
969.0,312.0
970.0,321.0
971.0,334.0
972.0,344.0
973.0,354.0
974.0,338.0
975.0,310.0
976.0,306.0
977.0,306.0
978.0,324.0
979.0,293.0
980.0,313.0
981.0,305.0
982.0,321.0
983.0,315.0
984.0,323.0
985.0,323.0
986.0,313.0
987.0,325.0
988.0,318.0
989.0,311.0
990.0,289.0
991.0,323.0
992.0,315.0
993.0,310.0
994.0,301.0
995.0,316.0
996.0,334.0
997.0,351.0
998.0,312.0
999.0,306.0
1000.0,305.0
1001.0,300.0
1002.0,323.0
1003.0,308.0
1004.0,331.0
1005.0,313.0
1006.0,317.0
1007.0,310.0
1008.0,310.0
1009.0,310.0
1010.0,326.0
1011.0,329.0
1012.0,325.0
1013.0,309.0
1014.0,301.0
1015.0,301.0
1016.0,311.0
1017.0,315.0
1018.0,325.0
1019.0,308.0
1020.0,296.0
1021.0,320.0
1022.0,330.0
1023.0,320.0
