0.0,146.0
1.0,191.0
2.0,213.0
3.0,232.0
4.0,215.0
5.0,252.0
6.0,265.0
7.0,255.0
8.0,250.0
9.0,271.0
10.0,282.0
11.0,296.0
12.0,265.0
13.0,294.0
14.0,279.0
15.0,275.0
16.0,267.0
17.0,294.0
18.0,304.0
19.0,278.0
20.0,278.0
21.0,306.0
22.0,287.0
23.0,308.0
24.0,276.0
25.0,304.0
26.0,302.0
27.0,309.0
28.0,294.0
29.0,307.0
30.0,295.0
31.0,303.0
32.0,312.0
33.0,313.0
34.0,320.0
35.0,342.0
36.0,329.0
37.0,344.0
38.0,346.0
39.0,345.0
40.0,324.0
41.0,323.0
42.0,350.0
43.0,334.0
44.0,335.0
45.0,327.0
46.0,339.0
47.0,357.0
48.0,363.0
49.0,361.0
50.0,363.0
51.0,378.0
52.0,380.0
53.0,410.0
54.0,388.0
55.0,381.0
56.0,409.0
57.0,450.0
58.0,451.0
59.0,470.0
60.0,432.0
61.0,402.0
62.0,425.0
63.0,391.0
64.0,423.0
65.0,410.0
66.0,418.0
67.0,428.0
68.0,411.0
69.0,421.0
70.0,403.0
71.0,422.0
72.0,416.0
73.0,425.0
74.0,411.0
75.0,421.0
76.0,442.0
77.0,445.0
78.0,426.0
79.0,446.0
80.0,428.0
81.0,425.0
82.0,450.0
83.0,451.0
84.0,444.0
85.0,445.0
86.0,452.0
87.0,462.0
88.0,483.0
89.0,526.0
90.0,545.0
91.0,510.0
92.0,487.0
93.0,524.0
94.0,603.0
95.0,756.0
96.0,1075.0
97.0,1155.0
98.0,865.0
99.0,562.0
100.0,473.0
101.0,468.0
102.0,488.0
103.0,487.0
104.0,488.0
105.0,523.0
106.0,577.0
107.0,625.0
108.0,574.0
109.0,544.0
110.0,483.0
111.0,489.0
112.0,506.0
113.0,496.0
114.0,516.0
115.0,516.0
116.0,509.0
117.0,501.0
118.0,508.0
119.0,463.0
120.0,512.0
121.0,501.0
122.0,494.0
123.0,499.0
124.0,522.0
125.0,492.0
126.0,535.0
127.0,511.0
128.0,507.0
129.0,510.0
130.0,518.0
131.0,536.0
132.0,517.0
133.0,543.0
134.0,523.0
135.0,514.0
136.0,526.0
137.0,528.0
138.0,514.0
139.0,528.0
140.0,541.0
141.0,558.0
142.0,536.0
143.0,541.0
144.0,516.0
145.0,536.0
146.0,514.0
147.0,559.0
148.0,517.0
149.0,542.0
150.0,549.0
151.0,535.0
152.0,551.0
153.0,510.0
154.0,570.0
155.0,567.0
156.0,564.0
157.0,555.0
158.0,551.0
159.0,555.0
160.0,560.0
161.0,543.0
162.0,551.0
163.0,550.0
164.0,575.0
165.0,563.0
166.0,610.0
167.0,592.0
168.0,607.0
169.0,649.0
170.0,644.0
171.0,723.0
172.0,865.0
173.0,1192.0
174.0,2006.0
175.0,3146.0
176.0,3170.0
177.0,1799.0
178.0,793.0
179.0,635.0
180.0,600.0
181.0,621.0
182.0,615.0
183.0,720.0
184.0,855.0
185.0,969.0
186.0,860.0
187.0,671.0
188.0,582.0
189.0,578.0
190.0,592.0
191.0,557.0
192.0,590.0
193.0,570.0
194.0,586.0
195.0,572.0
196.0,592.0
197.0,577.0
198.0,611.0
199.0,602.0
200.0,565.0
201.0,573.0
202.0,560.0
203.0,607.0
204.0,585.0
205.0,573.0
206.0,636.0
207.0,619.0
208.0,607.0
209.0,615.0
210.0,592.0
211.0,602.0
212.0,603.0
213.0,614.0
214.0,632.0
215.0,620.0
216.0,623.0
217.0,613.0
218.0,590.0
219.0,624.0
220.0,599.0
221.0,593.0
222.0,581.0
223.0,590.0
224.0,594.0
225.0,620.0
226.0,615.0
227.0,638.0
228.0,623.0
229.0,621.0
230.0,617.0
231.0,644.0
232.0,623.0
233.0,614.0
234.0,632.0
235.0,612.0
236.0,640.0
237.0,621.0
238.0,631.0
239.0,635.0
240.0,635.0
241.0,651.0
242.0,665.0
243.0,716.0
244.0,809.0
245.0,815.0
246.0,702.0
247.0,632.0
248.0,659.0
249.0,643.0
250.0,633.0
251.0,620.0
252.0,656.0
253.0,627.0
254.0,651.0
255.0,628.0
256.0,661.0
257.0,671.0
258.0,656.0
259.0,671.0
260.0,685.0
261.0,728.0
262.0,744.0
263.0,777.0
264.0,782.0
265.0,858.0
266.0,1072.0
267.0,1587.0
268.0,3393.0
269.0,7381.0
270.0,10189.0
271.0,6921.0
272.0,2141.0
273.0,832.0
274.0,731.0
275.0,708.0
276.0,680.0
277.0,701.0
278.0,648.0
279.0,652.0
280.0,671.0
281.0,684.0
282.0,674.0
283.0,658.0
284.0,669.0
285.0,666.0
286.0,657.0
287.0,671.0
288.0,677.0
289.0,660.0
290.0,657.0
291.0,676.0
292.0,665.0
293.0,664.0
294.0,686.0
295.0,656.0
296.0,682.0
297.0,703.0
298.0,708.0
299.0,694.0
300.0,674.0
301.0,687.0
302.0,676.0
303.0,657.0
304.0,679.0
305.0,710.0
306.0,666.0
307.0,674.0
308.0,698.0
309.0,681.0
310.0,671.0
311.0,687.0
312.0,660.0
313.0,664.0
314.0,699.0
315.0,703.0
316.0,706.0
317.0,712.0
318.0,695.0
319.0,703.0
320.0,667.0
321.0,672.0
322.0,692.0
323.0,687.0
324.0,685.0
325.0,673.0
326.0,671.0
327.0,670.0
328.0,698.0
329.0,710.0
330.0,718.0
331.0,687.0
332.0,694.0
333.0,715.0
334.0,736.0
335.0,719.0
336.0,693.0
337.0,712.0
338.0,702.0
339.0,698.0
340.0,701.0
341.0,719.0
342.0,690.0
343.0,700.0
344.0,697.0
345.0,701.0
346.0,697.0
347.0,668.0
348.0,733.0
349.0,710.0
350.0,726.0
351.0,716.0
352.0,676.0
353.0,693.0
354.0,696.0
355.0,725.0
356.0,730.0
357.0,690.0
358.0,701.0
359.0,722.0
360.0,704.0
361.0,750.0
362.0,744.0
363.0,716.0
364.0,740.0
365.0,712.0
366.0,714.0
367.0,753.0
368.0,731.0
369.0,728.0
370.0,722.0
371.0,705.0
372.0,736.0
373.0,741.0
374.0,727.0
375.0,746.0
376.0,734.0
377.0,717.0
378.0,709.0
379.0,715.0
380.0,724.0
381.0,745.0
382.0,749.0
383.0,734.0
384.0,762.0
385.0,760.0
386.0,737.0
387.0,734.0
388.0,731.0
389.0,749.0
390.0,802.0
391.0,816.0
392.0,834.0
393.0,864.0
394.0,920.0
395.0,962.0
396.0,1049.0
397.0,1285.0
398.0,1769.0
399.0,3083.0
400.0,6264.0
401.0,9924.0
402.0,8474.0
403.0,3428.0
404.0,1191.0
405.0,836.0
406.0,803.0
407.0,778.0
408.0,767.0
409.0,768.0
410.0,754.0
411.0,762.0
412.0,766.0
413.0,748.0
414.0,723.0
415.0,744.0
416.0,744.0
417.0,749.0
418.0,746.0
419.0,768.0
420.0,765.0
421.0,735.0
422.0,778.0
423.0,763.0
424.0,773.0
425.0,743.0
426.0,789.0
427.0,813.0
428.0,789.0
429.0,864.0
430.0,885.0
431.0,1044.0
432.0,1467.0
433.0,2713.0
434.0,4928.0
435.0,5106.0
436.0,2615.0
437.0,1014.0
438.0,815.0
439.0,784.0
440.0,761.0
441.0,757.0
442.0,759.0
443.0,758.0
444.0,757.0
445.0,784.0
446.0,781.0
447.0,736.0
448.0,774.0
449.0,742.0
450.0,773.0
451.0,751.0
452.0,770.0
453.0,762.0
454.0,752.0
455.0,727.0
456.0,743.0
457.0,735.0
458.0,756.0
459.0,750.0
460.0,756.0
461.0,761.0
462.0,762.0
463.0,770.0
464.0,761.0
465.0,733.0
466.0,758.0
467.0,760.0
468.0,739.0
469.0,761.0
470.0,741.0
471.0,761.0
472.0,753.0
473.0,735.0
474.0,740.0
475.0,779.0
476.0,754.0
477.0,736.0
478.0,765.0
479.0,761.0
480.0,762.0
481.0,755.0
482.0,764.0
483.0,755.0
484.0,745.0
485.0,758.0
486.0,762.0
487.0,757.0
488.0,748.0
489.0,776.0
490.0,747.0
491.0,744.0
492.0,772.0
493.0,759.0
494.0,749.0
495.0,769.0
496.0,740.0
497.0,762.0
498.0,749.0
499.0,736.0
500.0,783.0
501.0,780.0
502.0,835.0
503.0,841.0
504.0,782.0
505.0,786.0
506.0,728.0
507.0,767.0
508.0,741.0
509.0,761.0
510.0,767.0
511.0,761.0
512.0,752.0
513.0,778.0
514.0,757.0
515.0,746.0
516.0,751.0
517.0,744.0
518.0,765.0
519.0,750.0
520.0,744.0
521.0,734.0
522.0,739.0
523.0,735.0
524.0,734.0
525.0,772.0
526.0,744.0
527.0,747.0
528.0,741.0
529.0,750.0
530.0,766.0
531.0,768.0
532.0,763.0
533.0,789.0
534.0,773.0
535.0,784.0
536.0,768.0
537.0,729.0
538.0,748.0
539.0,745.0
540.0,730.0
541.0,747.0
542.0,717.0
543.0,739.0
544.0,742.0
545.0,767.0
546.0,785.0
547.0,716.0
548.0,801.0
549.0,760.0
550.0,779.0
551.0,770.0
552.0,776.0
553.0,820.0
554.0,902.0
555.0,1053.0
556.0,1657.0
557.0,2815.0
558.0,3590.0
559.0,2515.0
560.0,1083.0
561.0,778.0
562.0,774.0
563.0,741.0
564.0,775.0
565.0,752.0
566.0,743.0
567.0,713.0
568.0,740.0
569.0,739.0
570.0,702.0
571.0,718.0
572.0,762.0
573.0,779.0
574.0,733.0
575.0,704.0
576.0,747.0
577.0,707.0
578.0,747.0
579.0,764.0
580.0,746.0
581.0,736.0
582.0,711.0
583.0,725.0
584.0,702.0
585.0,695.0
586.0,718.0
587.0,745.0
588.0,751.0
589.0,736.0
590.0,716.0
591.0,733.0
592.0,722.0
593.0,748.0
594.0,690.0
595.0,709.0
596.0,726.0
597.0,736.0
598.0,717.0
599.0,690.0
600.0,690.0
601.0,710.0
602.0,701.0
603.0,723.0
604.0,720.0
605.0,716.0
606.0,714.0
607.0,701.0
608.0,708.0
609.0,720.0
610.0,715.0
611.0,710.0
612.0,682.0
613.0,743.0
614.0,709.0
615.0,708.0
616.0,708.0
617.0,698.0
618.0,720.0
619.0,695.0
620.0,717.0
621.0,733.0
622.0,684.0
623.0,697.0
624.0,707.0
625.0,717.0
626.0,684.0
627.0,688.0
628.0,705.0
629.0,710.0
630.0,708.0
631.0,714.0
632.0,708.0
633.0,708.0
634.0,681.0
635.0,662.0
636.0,702.0
637.0,709.0
638.0,694.0
639.0,689.0
640.0,680.0
641.0,658.0
642.0,662.0
643.0,684.0
644.0,681.0
645.0,701.0
646.0,660.0
647.0,724.0
648.0,747.0
649.0,749.0
650.0,723.0
651.0,680.0
652.0,686.0
653.0,678.0
654.0,692.0
655.0,646.0
656.0,650.0
657.0,657.0
658.0,706.0
659.0,689.0
660.0,694.0
661.0,699.0
662.0,689.0
663.0,681.0
664.0,690.0
665.0,676.0
666.0,676.0
667.0,657.0
668.0,644.0
669.0,662.0
670.0,667.0
671.0,641.0
672.0,642.0
673.0,645.0
674.0,651.0
675.0,655.0
676.0,688.0
677.0,649.0
678.0,669.0
679.0,670.0
680.0,640.0
681.0,643.0
682.0,637.0
683.0,645.0
684.0,632.0
685.0,654.0
686.0,672.0
687.0,659.0
688.0,664.0
689.0,653.0
690.0,647.0
691.0,672.0
692.0,655.0
693.0,679.0
694.0,656.0
695.0,688.0
696.0,710.0
697.0,757.0
698.0,926.0
699.0,1505.0
700.0,2387.0
701.0,2253.0
702.0,1295.0
703.0,755.0
704.0,672.0
705.0,645.0
706.0,640.0
707.0,663.0
708.0,641.0
709.0,669.0
710.0,613.0
711.0,625.0
712.0,621.0
713.0,606.0
714.0,601.0
715.0,637.0
716.0,634.0
717.0,643.0
718.0,632.0
719.0,625.0
720.0,631.0
721.0,625.0
722.0,624.0
723.0,612.0
724.0,616.0
725.0,613.0
726.0,592.0
727.0,600.0
728.0,592.0
729.0,610.0
730.0,629.0
731.0,598.0
732.0,607.0
733.0,596.0
734.0,580.0
735.0,609.0
736.0,578.0
737.0,618.0
738.0,598.0
739.0,612.0
740.0,584.0
741.0,608.0
742.0,591.0
743.0,588.0
744.0,622.0
745.0,600.0
746.0,587.0
747.0,615.0
748.0,597.0
749.0,616.0
750.0,573.0
751.0,581.0
752.0,591.0
753.0,580.0
754.0,572.0
755.0,593.0
756.0,557.0
757.0,567.0
758.0,586.0
759.0,580.0
760.0,587.0
761.0,576.0
762.0,571.0
763.0,576.0
764.0,570.0
765.0,549.0
766.0,574.0
767.0,573.0
768.0,558.0
769.0,548.0
770.0,550.0
771.0,575.0
772.0,555.0
773.0,569.0
774.0,536.0
775.0,577.0
776.0,550.0
777.0,588.0
778.0,565.0
779.0,568.0
780.0,552.0
781.0,569.0
782.0,546.0
783.0,513.0
784.0,537.0
785.0,525.0
786.0,566.0
787.0,556.0
788.0,550.0
789.0,517.0
790.0,552.0
791.0,561.0
792.0,534.0
793.0,562.0
794.0,553.0
795.0,479.0
796.0,528.0
797.0,506.0
798.0,518.0
799.0,527.0
800.0,536.0
801.0,537.0
802.0,549.0
803.0,551.0
804.0,536.0
805.0,527.0
806.0,522.0
807.0,512.0
808.0,529.0
809.0,500.0
810.0,513.0
811.0,515.0
812.0,491.0
813.0,507.0
814.0,493.0
815.0,541.0
816.0,503.0
817.0,538.0
818.0,519.0
819.0,503.0
820.0,507.0
821.0,519.0
822.0,531.0
823.0,502.0
824.0,497.0
825.0,501.0
826.0,496.0
827.0,508.0
828.0,505.0
829.0,500.0
830.0,494.0
831.0,504.0
832.0,497.0
833.0,458.0
834.0,501.0
835.0,485.0
836.0,478.0
837.0,485.0
838.0,465.0
839.0,471.0
840.0,463.0
841.0,475.0
842.0,480.0
843.0,467.0
844.0,486.0
845.0,493.0
846.0,470.0
847.0,488.0
848.0,478.0
849.0,458.0
850.0,483.0
851.0,484.0
852.0,457.0
853.0,441.0
854.0,451.0
855.0,452.0
856.0,469.0
857.0,448.0
858.0,465.0
859.0,470.0
860.0,457.0
861.0,453.0
862.0,477.0
863.0,447.0
864.0,452.0
865.0,493.0
866.0,463.0
867.0,462.0
868.0,458.0
869.0,436.0
870.0,475.0
871.0,463.0
872.0,499.0
873.0,621.0
874.0,810.0
875.0,869.0
876.0,627.0
877.0,469.0
878.0,488.0
879.0,435.0
880.0,439.0
881.0,445.0
882.0,444.0
883.0,450.0
884.0,430.0
885.0,429.0
886.0,445.0
887.0,448.0
888.0,452.0
889.0,446.0
890.0,432.0
891.0,420.0
892.0,448.0
893.0,445.0
894.0,433.0
895.0,423.0
896.0,437.0
897.0,441.0
898.0,425.0
899.0,432.0
900.0,412.0
901.0,415.0
902.0,414.0
903.0,433.0
904.0,425.0
905.0,407.0
906.0,439.0
907.0,419.0
908.0,421.0
909.0,412.0
910.0,390.0
911.0,412.0
912.0,402.0
913.0,389.0
914.0,407.0
915.0,408.0
916.0,418.0
917.0,399.0
918.0,396.0
919.0,404.0
920.0,403.0
921.0,392.0
922.0,421.0
923.0,396.0
924.0,420.0
925.0,376.0
926.0,397.0
927.0,373.0
928.0,407.0
929.0,403.0
930.0,386.0
931.0,398.0
932.0,391.0
933.0,407.0
934.0,397.0
935.0,387.0
936.0,404.0
937.0,418.0
938.0,388.0
939.0,387.0
940.0,388.0
941.0,409.0
942.0,419.0
943.0,435.0
944.0,392.0
945.0,359.0
946.0,402.0
947.0,348.0
948.0,381.0
949.0,394.0
950.0,350.0
951.0,357.0
952.0,378.0
953.0,358.0
954.0,372.0
955.0,375.0
956.0,348.0
957.0,367.0
958.0,357.0
959.0,368.0
960.0,380.0
961.0,373.0
962.0,365.0
963.0,372.0
964.0,375.0
965.0,368.0
966.0,361.0
967.0,365.0
968.0,356.0
969.0,381.0
970.0,353.0
971.0,358.0
972.0,350.0
973.0,382.0
974.0,391.0
975.0,382.0
976.0,382.0
977.0,369.0
978.0,358.0
979.0,346.0
980.0,367.0
981.0,346.0
982.0,348.0
983.0,342.0
984.0,368.0
985.0,351.0
986.0,382.0
987.0,358.0
988.0,330.0
989.0,354.0
990.0,338.0
991.0,335.0
992.0,354.0
993.0,341.0
994.0,339.0
995.0,345.0
996.0,337.0
997.0,329.0
998.0,354.0
999.0,317.0
1000.0,332.0
1001.0,344.0
1002.0,341.0
1003.0,346.0
1004.0,347.0
1005.0,344.0
1006.0,337.0
1007.0,324.0
1008.0,342.0
1009.0,344.0
1010.0,356.0
1011.0,321.0
1012.0,347.0
1013.0,314.0
1014.0,317.0
1015.0,334.0
1016.0,332.0
1017.0,351.0
1018.0,342.0
1019.0,323.0
1020.0,331.0
1021.0,327.0
1022.0,328.0
1023.0,342.0
