0.0,150.0
1.0,189.0
2.0,195.0
3.0,217.0
4.0,215.0
5.0,216.0
6.0,201.0
7.0,256.0
8.0,224.0
9.0,228.0
10.0,258.0
11.0,251.0
12.0,241.0
13.0,227.0
14.0,233.0
15.0,234.0
16.0,251.0
17.0,230.0
18.0,237.0
19.0,251.0
20.0,253.0
21.0,255.0
22.0,230.0
23.0,265.0
24.0,257.0
25.0,245.0
26.0,281.0
27.0,251.0
28.0,269.0
29.0,252.0
30.0,256.0
31.0,280.0
32.0,295.0
33.0,275.0
34.0,295.0
35.0,284.0
36.0,281.0
37.0,292.0
38.0,290.0
39.0,300.0
40.0,299.0
41.0,299.0
42.0,278.0
43.0,290.0
44.0,312.0
45.0,312.0
46.0,319.0
47.0,317.0
48.0,307.0
49.0,308.0
50.0,290.0
51.0,322.0
52.0,308.0
53.0,329.0
54.0,309.0
55.0,302.0
56.0,290.0
57.0,298.0
58.0,314.0
59.0,306.0
60.0,319.0
61.0,316.0
62.0,308.0
63.0,307.0
64.0,330.0
65.0,328.0
66.0,334.0
67.0,381.0
68.0,438.0
69.0,657.0
70.0,1081.0
71.0,1245.0
72.0,833.0
73.0,418.0
74.0,335.0
75.0,324.0
76.0,326.0
77.0,339.0
78.0,321.0
79.0,306.0
80.0,326.0
81.0,316.0
82.0,328.0
83.0,335.0
84.0,316.0
85.0,318.0
86.0,333.0
87.0,322.0
88.0,348.0
89.0,332.0
90.0,338.0
91.0,318.0
92.0,329.0
93.0,354.0
94.0,343.0
95.0,327.0
96.0,346.0
97.0,325.0
98.0,348.0
99.0,365.0
100.0,349.0
101.0,352.0
102.0,348.0
103.0,353.0
104.0,339.0
105.0,360.0
106.0,351.0
107.0,351.0
108.0,364.0
109.0,364.0
110.0,374.0
111.0,344.0
112.0,338.0
113.0,343.0
114.0,342.0
115.0,334.0
116.0,347.0
117.0,375.0
118.0,360.0
119.0,359.0
120.0,385.0
121.0,362.0
122.0,383.0
123.0,367.0
124.0,372.0
125.0,355.0
126.0,397.0
127.0,388.0
128.0,365.0
129.0,389.0
130.0,396.0
131.0,392.0
132.0,368.0
133.0,358.0
134.0,369.0
135.0,373.0
136.0,354.0
137.0,385.0
138.0,372.0
139.0,366.0
140.0,392.0
141.0,391.0
142.0,391.0
143.0,388.0
144.0,373.0
145.0,407.0
146.0,388.0
147.0,382.0
148.0,383.0
149.0,398.0
150.0,358.0
151.0,412.0
152.0,406.0
153.0,396.0
154.0,406.0
155.0,409.0
156.0,422.0
157.0,420.0
158.0,423.0
159.0,402.0
160.0,421.0
161.0,425.0
162.0,411.0
163.0,424.0
164.0,417.0
165.0,427.0
166.0,410.0
167.0,423.0
168.0,434.0
169.0,442.0
170.0,429.0
171.0,433.0
172.0,433.0
173.0,465.0
174.0,423.0
175.0,431.0
176.0,427.0
177.0,430.0
178.0,416.0
179.0,461.0
180.0,437.0
181.0,430.0
182.0,426.0
183.0,453.0
184.0,442.0
185.0,438.0
186.0,454.0
187.0,450.0
188.0,455.0
189.0,442.0
190.0,468.0
191.0,464.0
192.0,472.0
193.0,433.0
194.0,455.0
195.0,464.0
196.0,458.0
197.0,454.0
198.0,439.0
199.0,509.0
200.0,516.0
201.0,484.0
202.0,494.0
203.0,490.0
204.0,511.0
205.0,491.0
206.0,520.0
207.0,521.0
208.0,525.0
209.0,562.0
210.0,610.0
211.0,793.0
212.0,1491.0
213.0,3569.0
214.0,5393.0
215.0,4027.0
216.0,1271.0
217.0,587.0
218.0,532.0
219.0,532.0
220.0,524.0
221.0,540.0
222.0,530.0
223.0,504.0
224.0,537.0
225.0,516.0
226.0,524.0
227.0,565.0
228.0,538.0
229.0,551.0
230.0,528.0
231.0,572.0
232.0,542.0
233.0,550.0
234.0,556.0
235.0,557.0
236.0,568.0
237.0,585.0
238.0,563.0
239.0,575.0
240.0,590.0
241.0,584.0
242.0,595.0
243.0,633.0
244.0,633.0
245.0,640.0
246.0,647.0
247.0,642.0
248.0,643.0
249.0,731.0
250.0,809.0
251.0,883.0
252.0,965.0
253.0,1113.0
254.0,1303.0
255.0,2009.0
256.0,4422.0
257.0,13718.0
258.0,38527.0
259.0,56767.0
260.0,36735.0
261.0,7335.0
262.0,1318.0
263.0,947.0
264.0,798.0
265.0,741.0
266.0,702.0
267.0,724.0
268.0,673.0
269.0,663.0
270.0,658.0
271.0,659.0
272.0,646.0
273.0,651.0
274.0,655.0
275.0,603.0
276.0,656.0
277.0,626.0
278.0,623.0
279.0,608.0
280.0,614.0
281.0,601.0
282.0,578.0
283.0,595.0
284.0,593.0
285.0,580.0
286.0,613.0
287.0,609.0
288.0,600.0
289.0,580.0
290.0,588.0
291.0,577.0
292.0,562.0
293.0,569.0
294.0,584.0
295.0,597.0
296.0,584.0
297.0,564.0
298.0,586.0
299.0,585.0
300.0,573.0
301.0,554.0
302.0,573.0
303.0,551.0
304.0,572.0
305.0,528.0
306.0,567.0
307.0,573.0
308.0,599.0
309.0,566.0
310.0,573.0
311.0,579.0
312.0,573.0
313.0,565.0
314.0,581.0
315.0,566.0
316.0,591.0
317.0,580.0
318.0,596.0
319.0,569.0
320.0,554.0
321.0,586.0
322.0,573.0
323.0,560.0
324.0,570.0
325.0,590.0
326.0,560.0
327.0,568.0
328.0,567.0
329.0,576.0
330.0,562.0
331.0,570.0
332.0,557.0
333.0,567.0
334.0,576.0
335.0,581.0
336.0,584.0
337.0,548.0
338.0,602.0
339.0,554.0
340.0,554.0
341.0,581.0
342.0,597.0
343.0,582.0
344.0,561.0
345.0,593.0
346.0,591.0
347.0,555.0
348.0,563.0
349.0,558.0
350.0,569.0
351.0,583.0
352.0,600.0
353.0,582.0
354.0,585.0
355.0,593.0
356.0,556.0
357.0,580.0
358.0,580.0
359.0,586.0
360.0,580.0
361.0,575.0
362.0,570.0
363.0,586.0
364.0,553.0
365.0,582.0
366.0,579.0
367.0,603.0
368.0,568.0
369.0,550.0
370.0,594.0
371.0,582.0
372.0,565.0
373.0,562.0
374.0,565.0
375.0,573.0
376.0,578.0
377.0,560.0
378.0,553.0
379.0,553.0
380.0,566.0
381.0,581.0
382.0,570.0
383.0,560.0
384.0,574.0
385.0,578.0
386.0,591.0
387.0,570.0
388.0,592.0
389.0,594.0
390.0,564.0
391.0,577.0
392.0,585.0
393.0,553.0
394.0,575.0
395.0,580.0
396.0,606.0
397.0,564.0
398.0,576.0
399.0,606.0
400.0,595.0
401.0,577.0
402.0,593.0
403.0,599.0
404.0,605.0
405.0,597.0
406.0,621.0
407.0,609.0
408.0,610.0
409.0,603.0
410.0,601.0
411.0,571.0
412.0,603.0
413.0,609.0
414.0,580.0
415.0,609.0
416.0,585.0
417.0,607.0
418.0,606.0
419.0,589.0
420.0,579.0
421.0,599.0
422.0,621.0
423.0,594.0
424.0,594.0
425.0,618.0
426.0,574.0
427.0,588.0
428.0,598.0
429.0,596.0
430.0,599.0
431.0,613.0
432.0,594.0
433.0,591.0
434.0,607.0
435.0,622.0
436.0,597.0
437.0,582.0
438.0,610.0
439.0,609.0
440.0,608.0
441.0,621.0
442.0,589.0
443.0,598.0
444.0,602.0
445.0,591.0
446.0,599.0
447.0,597.0
448.0,646.0
449.0,631.0
450.0,629.0
451.0,627.0
452.0,596.0
453.0,617.0
454.0,622.0
455.0,605.0
456.0,609.0
457.0,615.0
458.0,618.0
459.0,611.0
460.0,651.0
461.0,605.0
462.0,639.0
463.0,643.0
464.0,618.0
465.0,635.0
466.0,632.0
467.0,620.0
468.0,620.0
469.0,619.0
470.0,643.0
471.0,635.0
472.0,624.0
473.0,610.0
474.0,646.0
475.0,618.0
476.0,594.0
477.0,598.0
478.0,620.0
479.0,605.0
480.0,583.0
481.0,605.0
482.0,602.0
483.0,598.0
484.0,584.0
485.0,633.0
486.0,601.0
487.0,612.0
488.0,602.0
489.0,592.0
490.0,613.0
491.0,601.0
492.0,592.0
493.0,607.0
494.0,601.0
495.0,590.0
496.0,611.0
497.0,599.0
498.0,593.0
499.0,575.0
500.0,612.0
501.0,609.0
502.0,591.0
503.0,572.0
504.0,609.0
505.0,582.0
506.0,603.0
507.0,608.0
508.0,581.0
509.0,599.0
510.0,600.0
511.0,575.0
512.0,584.0
513.0,569.0
514.0,590.0
515.0,582.0
516.0,544.0
517.0,567.0
518.0,603.0
519.0,569.0
520.0,597.0
521.0,594.0
522.0,598.0
523.0,598.0
524.0,604.0
525.0,579.0
526.0,576.0
527.0,607.0
528.0,578.0
529.0,571.0
530.0,561.0
531.0,581.0
532.0,585.0
533.0,584.0
534.0,577.0
535.0,575.0
536.0,584.0
537.0,582.0
538.0,588.0
539.0,578.0
540.0,568.0
541.0,553.0
542.0,563.0
543.0,539.0
544.0,568.0
545.0,572.0
546.0,560.0
547.0,576.0
548.0,553.0
549.0,592.0
550.0,573.0
551.0,580.0
552.0,556.0
553.0,559.0
554.0,580.0
555.0,571.0
556.0,558.0
557.0,569.0
558.0,540.0
559.0,573.0
560.0,558.0
561.0,571.0
562.0,574.0
563.0,562.0
564.0,547.0
565.0,573.0
566.0,565.0
567.0,533.0
568.0,553.0
569.0,551.0
570.0,554.0
571.0,553.0
572.0,569.0
573.0,557.0
574.0,553.0
575.0,565.0
576.0,545.0
577.0,532.0
578.0,540.0
579.0,555.0
580.0,546.0
581.0,572.0
582.0,548.0
583.0,536.0
584.0,551.0
585.0,532.0
586.0,524.0
587.0,529.0
588.0,528.0
589.0,559.0
590.0,532.0
591.0,518.0
592.0,542.0
593.0,534.0
594.0,542.0
595.0,534.0
596.0,528.0
597.0,529.0
598.0,542.0
599.0,532.0
600.0,534.0
601.0,544.0
602.0,520.0
603.0,538.0
604.0,539.0
605.0,536.0
606.0,525.0
607.0,533.0
608.0,506.0
609.0,522.0
610.0,553.0
611.0,538.0
612.0,527.0
613.0,555.0
614.0,524.0
615.0,531.0
616.0,525.0
617.0,514.0
618.0,500.0
619.0,529.0
620.0,522.0
621.0,511.0
622.0,528.0
623.0,523.0
624.0,505.0
625.0,533.0
626.0,497.0
627.0,507.0
628.0,489.0
629.0,525.0
630.0,545.0
631.0,527.0
632.0,501.0
633.0,479.0
634.0,475.0
635.0,499.0
636.0,508.0
637.0,533.0
638.0,482.0
639.0,488.0
640.0,515.0
641.0,520.0
642.0,485.0
643.0,516.0
644.0,510.0
645.0,487.0
646.0,487.0
647.0,514.0
648.0,483.0
649.0,512.0
650.0,499.0
651.0,468.0
652.0,493.0
653.0,489.0
654.0,501.0
655.0,507.0
656.0,513.0
657.0,498.0
658.0,483.0
659.0,509.0
660.0,475.0
661.0,475.0
662.0,511.0
663.0,476.0
664.0,475.0
665.0,488.0
666.0,475.0
667.0,483.0
668.0,496.0
669.0,484.0
670.0,481.0
671.0,484.0
672.0,492.0
673.0,455.0
674.0,501.0
675.0,492.0
676.0,470.0
677.0,472.0
678.0,482.0
679.0,457.0
680.0,478.0
681.0,463.0
682.0,482.0
683.0,492.0
684.0,471.0
685.0,494.0
686.0,473.0
687.0,463.0
688.0,459.0
689.0,465.0
690.0,470.0
691.0,453.0
692.0,463.0
693.0,447.0
694.0,482.0
695.0,449.0
696.0,482.0
697.0,468.0
698.0,470.0
699.0,440.0
700.0,486.0
701.0,449.0
702.0,460.0
703.0,464.0
704.0,464.0
705.0,448.0
706.0,462.0
707.0,430.0
708.0,438.0
709.0,440.0
710.0,445.0
711.0,440.0
712.0,430.0
713.0,448.0
714.0,429.0
715.0,448.0
716.0,452.0
717.0,446.0
718.0,445.0
719.0,435.0
720.0,446.0
721.0,441.0
722.0,432.0
723.0,432.0
724.0,463.0
725.0,444.0
726.0,472.0
727.0,451.0
728.0,465.0
729.0,440.0
730.0,445.0
731.0,482.0
732.0,455.0
733.0,461.0
734.0,414.0
735.0,425.0
736.0,454.0
737.0,428.0
738.0,434.0
739.0,428.0
740.0,447.0
741.0,435.0
742.0,421.0
743.0,409.0
744.0,437.0
745.0,425.0
746.0,412.0
747.0,422.0
748.0,439.0
749.0,433.0
750.0,416.0
751.0,440.0
752.0,442.0
753.0,393.0
754.0,410.0
755.0,416.0
756.0,418.0
757.0,410.0
758.0,394.0
759.0,414.0
760.0,413.0
761.0,395.0
762.0,433.0
763.0,414.0
764.0,416.0
765.0,405.0
766.0,435.0
767.0,413.0
768.0,408.0
769.0,416.0
770.0,429.0
771.0,407.0
772.0,422.0
773.0,397.0
774.0,380.0
775.0,384.0
776.0,400.0
777.0,402.0
778.0,387.0
779.0,415.0
780.0,401.0
781.0,407.0
782.0,382.0
783.0,377.0
784.0,378.0
785.0,403.0
786.0,401.0
787.0,400.0
788.0,411.0
789.0,364.0
790.0,401.0
791.0,388.0
792.0,394.0
793.0,377.0
794.0,376.0
795.0,396.0
796.0,368.0
797.0,398.0
798.0,371.0
799.0,383.0
800.0,400.0
801.0,370.0
802.0,363.0
803.0,386.0
804.0,360.0
805.0,347.0
806.0,377.0
807.0,375.0
808.0,368.0
809.0,388.0
810.0,387.0
811.0,378.0
812.0,388.0
813.0,377.0
814.0,372.0
815.0,368.0
816.0,374.0
817.0,395.0
818.0,369.0
819.0,365.0
820.0,386.0
821.0,335.0
822.0,344.0
823.0,394.0
824.0,363.0
825.0,385.0
826.0,370.0
827.0,379.0
828.0,365.0
829.0,367.0
830.0,365.0
831.0,370.0
832.0,351.0
833.0,342.0
834.0,388.0
835.0,371.0
836.0,364.0
837.0,371.0
838.0,358.0
839.0,351.0
840.0,361.0
841.0,346.0
842.0,326.0
843.0,347.0
844.0,336.0
845.0,361.0
846.0,345.0
847.0,353.0
848.0,350.0
849.0,348.0
850.0,340.0
851.0,334.0
852.0,357.0
853.0,336.0
854.0,368.0
855.0,340.0
856.0,351.0
857.0,342.0
858.0,384.0
859.0,337.0
860.0,354.0
861.0,346.0
862.0,363.0
863.0,338.0
864.0,347.0
865.0,338.0
866.0,347.0
867.0,325.0
868.0,340.0
869.0,348.0
870.0,341.0
871.0,351.0
872.0,315.0
873.0,342.0
874.0,336.0
875.0,344.0
876.0,315.0
877.0,350.0
878.0,366.0
879.0,361.0
880.0,343.0
881.0,322.0
882.0,365.0
883.0,338.0
884.0,322.0
885.0,322.0
886.0,335.0
887.0,349.0
888.0,342.0
889.0,336.0
890.0,335.0
891.0,328.0
892.0,344.0
893.0,342.0
894.0,326.0
895.0,317.0
896.0,356.0
897.0,334.0
898.0,334.0
899.0,353.0
900.0,315.0
901.0,331.0
902.0,318.0
903.0,336.0
904.0,337.0
905.0,338.0
906.0,315.0
907.0,334.0
908.0,317.0
909.0,345.0
910.0,323.0
911.0,317.0
912.0,357.0
913.0,327.0
914.0,307.0
915.0,352.0
916.0,328.0
917.0,313.0
918.0,320.0
919.0,316.0
920.0,328.0
921.0,333.0
922.0,323.0
923.0,317.0
924.0,328.0
925.0,328.0
926.0,324.0
927.0,341.0
928.0,331.0
929.0,316.0
930.0,330.0
931.0,303.0
932.0,332.0
933.0,321.0
934.0,316.0
935.0,325.0
936.0,334.0
937.0,331.0
938.0,298.0
939.0,316.0
940.0,323.0
941.0,333.0
942.0,342.0
943.0,328.0
944.0,324.0
945.0,327.0
946.0,328.0
947.0,319.0
948.0,313.0
949.0,307.0
950.0,336.0
951.0,308.0
952.0,295.0
953.0,320.0
954.0,327.0
955.0,357.0
956.0,326.0
957.0,308.0
958.0,318.0
959.0,350.0
960.0,314.0
961.0,343.0
962.0,332.0
963.0,328.0
964.0,314.0
965.0,317.0
966.0,314.0
967.0,325.0
968.0,307.0
969.0,323.0
970.0,317.0
971.0,307.0
972.0,313.0
973.0,319.0
974.0,327.0
975.0,316.0
976.0,322.0
977.0,301.0
978.0,319.0
979.0,325.0
980.0,311.0
981.0,329.0
982.0,311.0
983.0,328.0
984.0,321.0
985.0,341.0
986.0,327.0
987.0,303.0
988.0,316.0
989.0,344.0
990.0,322.0
991.0,318.0
992.0,347.0
993.0,321.0
994.0,295.0
995.0,297.0
996.0,326.0
997.0,324.0
998.0,334.0
999.0,316.0
1000.0,317.0
1001.0,333.0
1002.0,290.0
1003.0,311.0
1004.0,313.0
1005.0,298.0
1006.0,340.0
1007.0,329.0
1008.0,313.0
1009.0,312.0
1010.0,318.0
1011.0,322.0
1012.0,333.0
1013.0,326.0
1014.0,300.0
1015.0,313.0
1016.0,310.0
1017.0,319.0
1018.0,312.0
1019.0,289.0
1020.0,311.0
1021.0,306.0
1022.0,307.0
1023.0,313.0
