0.0,110.0
1.0,159.0
2.0,187.0
3.0,223.0
4.0,205.0
5.0,230.0
6.0,197.0
7.0,245.0
8.0,233.0
9.0,242.0
10.0,239.0
11.0,259.0
12.0,233.0
13.0,235.0
14.0,231.0
15.0,262.0
16.0,238.0
17.0,252.0
18.0,229.0
19.0,245.0
20.0,260.0
21.0,253.0
22.0,247.0
23.0,259.0
24.0,286.0
25.0,273.0
26.0,302.0
27.0,297.0
28.0,281.0
29.0,299.0
30.0,289.0
31.0,279.0
32.0,292.0
33.0,271.0
34.0,297.0
35.0,279.0
36.0,268.0
37.0,274.0
38.0,287.0
39.0,285.0
40.0,291.0
41.0,315.0
42.0,280.0
43.0,289.0
44.0,317.0
45.0,283.0
46.0,290.0
47.0,286.0
48.0,337.0
49.0,298.0
50.0,281.0
51.0,308.0
52.0,304.0
53.0,303.0
54.0,309.0
55.0,317.0
56.0,291.0
57.0,284.0
58.0,292.0
59.0,304.0
60.0,306.0
61.0,305.0
62.0,304.0
63.0,289.0
64.0,314.0
65.0,295.0
66.0,301.0
67.0,313.0
68.0,315.0
69.0,300.0
70.0,301.0
71.0,303.0
72.0,323.0
73.0,299.0
74.0,311.0
75.0,276.0
76.0,321.0
77.0,305.0
78.0,316.0
79.0,323.0
80.0,307.0
81.0,327.0
82.0,322.0
83.0,302.0
84.0,316.0
85.0,302.0
86.0,302.0
87.0,328.0
88.0,324.0
89.0,328.0
90.0,316.0
91.0,315.0
92.0,326.0
93.0,327.0
94.0,315.0
95.0,317.0
96.0,328.0
97.0,328.0
98.0,348.0
99.0,304.0
100.0,316.0
101.0,322.0
102.0,343.0
103.0,311.0
104.0,320.0
105.0,308.0
106.0,325.0
107.0,339.0
108.0,335.0
109.0,340.0
110.0,342.0
111.0,347.0
112.0,359.0
113.0,340.0
114.0,347.0
115.0,342.0
116.0,336.0
117.0,359.0
118.0,327.0
119.0,338.0
120.0,331.0
121.0,331.0
122.0,348.0
123.0,348.0
124.0,360.0
125.0,325.0
126.0,351.0
127.0,348.0
128.0,359.0
129.0,350.0
130.0,341.0
131.0,362.0
132.0,355.0
133.0,347.0
134.0,352.0
135.0,341.0
136.0,367.0
137.0,360.0
138.0,340.0
139.0,353.0
140.0,366.0
141.0,379.0
142.0,345.0
143.0,366.0
144.0,370.0
145.0,344.0
146.0,381.0
147.0,351.0
148.0,359.0
149.0,350.0
150.0,379.0
151.0,364.0
152.0,340.0
153.0,381.0
154.0,368.0
155.0,381.0
156.0,376.0
157.0,387.0
158.0,372.0
159.0,359.0
160.0,378.0
161.0,390.0
162.0,385.0
163.0,410.0
164.0,390.0
165.0,402.0
166.0,378.0
167.0,390.0
168.0,397.0
169.0,394.0
170.0,388.0
171.0,383.0
172.0,381.0
173.0,372.0
174.0,393.0
175.0,383.0
176.0,399.0
177.0,398.0
178.0,363.0
179.0,395.0
180.0,404.0
181.0,392.0
182.0,399.0
183.0,393.0
184.0,405.0
185.0,393.0
186.0,405.0
187.0,397.0
188.0,423.0
189.0,405.0
190.0,414.0
191.0,389.0
192.0,403.0
193.0,394.0
194.0,386.0
195.0,412.0
196.0,388.0
197.0,364.0
198.0,389.0
199.0,426.0
200.0,401.0
201.0,426.0
202.0,405.0
203.0,408.0
204.0,404.0
205.0,428.0
206.0,428.0
207.0,411.0
208.0,403.0
209.0,434.0
210.0,415.0
211.0,409.0
212.0,421.0
213.0,440.0
214.0,408.0
215.0,427.0
216.0,416.0
217.0,432.0
218.0,455.0
219.0,424.0
220.0,437.0
221.0,431.0
222.0,423.0
223.0,447.0
224.0,416.0
225.0,430.0
226.0,413.0
227.0,457.0
228.0,439.0
229.0,417.0
230.0,452.0
231.0,437.0
232.0,437.0
233.0,444.0
234.0,449.0
235.0,435.0
236.0,432.0
237.0,416.0
238.0,425.0
239.0,423.0
240.0,419.0
241.0,445.0
242.0,463.0
243.0,453.0
244.0,428.0
245.0,451.0
246.0,464.0
247.0,453.0
248.0,461.0
249.0,441.0
250.0,462.0
251.0,448.0
252.0,458.0
253.0,452.0
254.0,463.0
255.0,454.0
256.0,453.0
257.0,447.0
258.0,444.0
259.0,448.0
260.0,454.0
261.0,458.0
262.0,482.0
263.0,462.0
264.0,433.0
265.0,452.0
266.0,468.0
267.0,486.0
268.0,467.0
269.0,480.0
270.0,475.0
271.0,473.0
272.0,481.0
273.0,454.0
274.0,482.0
275.0,463.0
276.0,453.0
277.0,487.0
278.0,461.0
279.0,471.0
280.0,482.0
281.0,481.0
282.0,457.0
283.0,450.0
284.0,497.0
285.0,455.0
286.0,471.0
287.0,456.0
288.0,463.0
289.0,481.0
290.0,463.0
291.0,473.0
292.0,480.0
293.0,469.0
294.0,450.0
295.0,484.0
296.0,469.0
297.0,482.0
298.0,488.0
299.0,468.0
300.0,485.0
301.0,501.0
302.0,483.0
303.0,466.0
304.0,470.0
305.0,478.0
306.0,469.0
307.0,482.0
308.0,461.0
309.0,469.0
310.0,488.0
311.0,477.0
312.0,490.0
313.0,478.0
314.0,466.0
315.0,495.0
316.0,473.0
317.0,478.0
318.0,486.0
319.0,504.0
320.0,498.0
321.0,478.0
322.0,489.0
323.0,469.0
324.0,505.0
325.0,468.0
326.0,480.0
327.0,460.0
328.0,505.0
329.0,479.0
330.0,483.0
331.0,499.0
332.0,486.0
333.0,494.0
334.0,481.0
335.0,497.0
336.0,509.0
337.0,496.0
338.0,482.0
339.0,501.0
340.0,501.0
341.0,456.0
342.0,490.0
343.0,486.0
344.0,506.0
345.0,486.0
346.0,494.0
347.0,491.0
348.0,496.0
349.0,483.0
350.0,518.0
351.0,485.0
352.0,479.0
353.0,485.0
354.0,486.0
355.0,505.0
356.0,495.0
357.0,496.0
358.0,504.0
359.0,514.0
360.0,498.0
361.0,511.0
362.0,518.0
363.0,493.0
364.0,514.0
365.0,499.0
366.0,527.0
367.0,489.0
368.0,501.0
369.0,494.0
370.0,503.0
371.0,504.0
372.0,525.0
373.0,510.0
374.0,531.0
375.0,524.0
376.0,485.0
377.0,519.0
378.0,499.0
379.0,515.0
380.0,482.0
381.0,509.0
382.0,499.0
383.0,495.0
384.0,519.0
385.0,525.0
386.0,492.0
387.0,524.0
388.0,496.0
389.0,481.0
390.0,501.0
391.0,497.0
392.0,508.0
393.0,505.0
394.0,523.0
395.0,525.0
396.0,494.0
397.0,535.0
398.0,512.0
399.0,533.0
400.0,527.0
401.0,514.0
402.0,522.0
403.0,531.0
404.0,516.0
405.0,519.0
406.0,510.0
407.0,516.0
408.0,494.0
409.0,511.0
410.0,516.0
411.0,529.0
412.0,515.0
413.0,522.0
414.0,534.0
415.0,530.0
416.0,522.0
417.0,513.0
418.0,527.0
419.0,528.0
420.0,531.0
421.0,519.0
422.0,526.0
423.0,509.0
424.0,524.0
425.0,519.0
426.0,511.0
427.0,530.0
428.0,535.0
429.0,540.0
430.0,515.0
431.0,512.0
432.0,507.0
433.0,524.0
434.0,529.0
435.0,516.0
436.0,499.0
437.0,532.0
438.0,526.0
439.0,522.0
440.0,523.0
441.0,526.0
442.0,530.0
443.0,530.0
444.0,505.0
445.0,540.0
446.0,507.0
447.0,541.0
448.0,517.0
449.0,555.0
450.0,515.0
451.0,528.0
452.0,517.0
453.0,545.0
454.0,514.0
455.0,520.0
456.0,511.0
457.0,522.0
458.0,519.0
459.0,521.0
460.0,522.0
461.0,540.0
462.0,541.0
463.0,511.0
464.0,512.0
465.0,516.0
466.0,512.0
467.0,535.0
468.0,525.0
469.0,516.0
470.0,505.0
471.0,522.0
472.0,499.0
473.0,529.0
474.0,531.0
475.0,506.0
476.0,526.0
477.0,534.0
478.0,525.0
479.0,499.0
480.0,508.0
481.0,515.0
482.0,503.0
483.0,502.0
484.0,510.0
485.0,496.0
486.0,538.0
487.0,510.0
488.0,499.0
489.0,513.0
490.0,526.0
491.0,503.0
492.0,525.0
493.0,528.0
494.0,511.0
495.0,529.0
496.0,520.0
497.0,495.0
498.0,529.0
499.0,493.0
500.0,507.0
501.0,507.0
502.0,528.0
503.0,530.0
504.0,520.0
505.0,519.0
506.0,474.0
507.0,497.0
508.0,518.0
509.0,510.0
510.0,492.0
511.0,470.0
512.0,497.0
513.0,548.0
514.0,535.0
515.0,513.0
516.0,523.0
517.0,493.0
518.0,511.0
519.0,505.0
520.0,529.0
521.0,502.0
522.0,537.0
523.0,512.0
524.0,492.0
525.0,491.0
526.0,514.0
527.0,509.0
528.0,539.0
529.0,496.0
530.0,526.0
531.0,507.0
532.0,511.0
533.0,508.0
534.0,497.0
535.0,504.0
536.0,482.0
537.0,506.0
538.0,500.0
539.0,504.0
540.0,502.0
541.0,485.0
542.0,507.0
543.0,507.0
544.0,509.0
545.0,495.0
546.0,494.0
547.0,520.0
548.0,497.0
549.0,508.0
550.0,505.0
551.0,506.0
552.0,495.0
553.0,497.0
554.0,522.0
555.0,500.0
556.0,516.0
557.0,500.0
558.0,505.0
559.0,494.0
560.0,468.0
561.0,486.0
562.0,490.0
563.0,502.0
564.0,496.0
565.0,480.0
566.0,472.0
567.0,501.0
568.0,513.0
569.0,497.0
570.0,512.0
571.0,508.0
572.0,470.0
573.0,484.0
574.0,476.0
575.0,504.0
576.0,483.0
577.0,470.0
578.0,475.0
579.0,520.0
580.0,613.0
581.0,800.0
582.0,810.0
583.0,561.0
584.0,499.0
585.0,474.0
586.0,479.0
587.0,501.0
588.0,478.0
589.0,469.0
590.0,459.0
591.0,479.0
592.0,487.0
593.0,473.0
594.0,508.0
595.0,488.0
596.0,471.0
597.0,482.0
598.0,491.0
599.0,462.0
600.0,480.0
601.0,490.0
602.0,491.0
603.0,460.0
604.0,458.0
605.0,465.0
606.0,476.0
607.0,483.0
608.0,471.0
609.0,470.0
610.0,466.0
611.0,484.0
612.0,453.0
613.0,477.0
614.0,451.0
615.0,483.0
616.0,453.0
617.0,480.0
618.0,462.0
619.0,457.0
620.0,461.0
621.0,483.0
622.0,466.0
623.0,497.0
624.0,442.0
625.0,471.0
626.0,462.0
627.0,441.0
628.0,465.0
629.0,451.0
630.0,471.0
631.0,472.0
632.0,452.0
633.0,455.0
634.0,465.0
635.0,481.0
636.0,482.0
637.0,448.0
638.0,463.0
639.0,435.0
640.0,464.0
641.0,438.0
642.0,456.0
643.0,454.0
644.0,447.0
645.0,472.0
646.0,501.0
647.0,524.0
648.0,679.0
649.0,900.0
650.0,807.0
651.0,549.0
652.0,480.0
653.0,458.0
654.0,481.0
655.0,494.0
656.0,481.0
657.0,519.0
658.0,613.0
659.0,862.0
660.0,2055.0
661.0,4838.0
662.0,4881.0
663.0,1892.0
664.0,550.0
665.0,497.0
666.0,483.0
667.0,474.0
668.0,464.0
669.0,464.0
670.0,445.0
671.0,442.0
672.0,441.0
673.0,452.0
674.0,462.0
675.0,439.0
676.0,443.0
677.0,441.0
678.0,436.0
679.0,465.0
680.0,450.0
681.0,447.0
682.0,436.0
683.0,463.0
684.0,438.0
685.0,453.0
686.0,460.0
687.0,434.0
688.0,433.0
689.0,435.0
690.0,448.0
691.0,429.0
692.0,429.0
693.0,436.0
694.0,434.0
695.0,424.0
696.0,427.0
697.0,420.0
698.0,427.0
699.0,407.0
700.0,440.0
701.0,437.0
702.0,428.0
703.0,409.0
704.0,440.0
705.0,405.0
706.0,410.0
707.0,435.0
708.0,407.0
709.0,414.0
710.0,423.0
711.0,412.0
712.0,400.0
713.0,396.0
714.0,400.0
715.0,415.0
716.0,433.0
717.0,420.0
718.0,411.0
719.0,397.0
720.0,414.0
721.0,407.0
722.0,401.0
723.0,391.0
724.0,389.0
725.0,396.0
726.0,405.0
727.0,403.0
728.0,415.0
729.0,402.0
730.0,402.0
731.0,399.0
732.0,416.0
733.0,414.0
734.0,403.0
735.0,495.0
736.0,874.0
737.0,620.0
738.0,454.0
739.0,409.0
740.0,412.0
741.0,392.0
742.0,406.0
743.0,389.0
744.0,399.0
745.0,406.0
746.0,402.0
747.0,383.0
748.0,375.0
749.0,407.0
750.0,405.0
751.0,409.0
752.0,411.0
753.0,406.0
754.0,386.0
755.0,393.0
756.0,367.0
757.0,397.0
758.0,365.0
759.0,367.0
760.0,380.0
761.0,394.0
762.0,411.0
763.0,383.0
764.0,366.0
765.0,375.0
766.0,380.0
767.0,382.0
768.0,347.0
769.0,375.0
770.0,409.0
771.0,379.0
772.0,371.0
773.0,373.0
774.0,363.0
775.0,358.0
776.0,379.0
777.0,377.0
778.0,388.0
779.0,390.0
780.0,359.0
781.0,378.0
782.0,354.0
783.0,368.0
784.0,384.0
785.0,369.0
786.0,361.0
787.0,363.0
788.0,353.0
789.0,387.0
790.0,353.0
791.0,354.0
792.0,370.0
793.0,369.0
794.0,362.0
795.0,353.0
796.0,358.0
797.0,333.0
798.0,349.0
799.0,389.0
800.0,362.0
801.0,358.0
802.0,361.0
803.0,382.0
804.0,348.0
805.0,363.0
806.0,377.0
807.0,359.0
808.0,361.0
809.0,377.0
810.0,337.0
811.0,336.0
812.0,358.0
813.0,360.0
814.0,367.0
815.0,344.0
816.0,354.0
817.0,353.0
818.0,348.0
819.0,369.0
820.0,350.0
821.0,348.0
822.0,332.0
823.0,351.0
824.0,344.0
825.0,348.0
826.0,368.0
827.0,341.0
828.0,324.0
829.0,325.0
830.0,368.0
831.0,341.0
832.0,344.0
833.0,358.0
834.0,346.0
835.0,348.0
836.0,324.0
837.0,347.0
838.0,344.0
839.0,336.0
840.0,333.0
841.0,334.0
842.0,337.0
843.0,336.0
844.0,319.0
845.0,326.0
846.0,356.0
847.0,359.0
848.0,339.0
849.0,343.0
850.0,337.0
851.0,342.0
852.0,323.0
853.0,329.0
854.0,364.0
855.0,351.0
856.0,357.0
857.0,342.0
858.0,381.0
859.0,387.0
860.0,386.0
861.0,360.0
862.0,333.0
863.0,336.0
864.0,352.0
865.0,324.0
866.0,346.0
867.0,341.0
868.0,337.0
869.0,323.0
870.0,337.0
871.0,344.0
872.0,319.0
873.0,333.0
874.0,337.0
875.0,333.0
876.0,334.0
877.0,341.0
878.0,320.0
879.0,327.0
880.0,329.0
881.0,364.0
882.0,323.0
883.0,351.0
884.0,301.0
885.0,334.0
886.0,325.0
887.0,323.0
888.0,337.0
889.0,320.0
890.0,320.0
891.0,320.0
892.0,306.0
893.0,330.0
894.0,332.0
895.0,340.0
896.0,326.0
897.0,332.0
898.0,330.0
899.0,338.0
900.0,306.0
901.0,337.0
902.0,306.0
903.0,317.0
904.0,333.0
905.0,341.0
906.0,345.0
907.0,333.0
908.0,330.0
909.0,322.0
910.0,322.0
911.0,318.0
912.0,344.0
913.0,326.0
914.0,319.0
915.0,315.0
916.0,323.0
917.0,304.0
918.0,343.0
919.0,313.0
920.0,324.0
921.0,351.0
922.0,329.0
923.0,337.0
924.0,331.0
925.0,332.0
926.0,334.0
927.0,328.0
928.0,311.0
929.0,302.0
930.0,315.0
931.0,332.0
932.0,309.0
933.0,332.0
934.0,313.0
935.0,339.0
936.0,331.0
937.0,324.0
938.0,302.0
939.0,333.0
940.0,311.0
941.0,310.0
942.0,331.0
943.0,325.0
944.0,305.0
945.0,308.0
946.0,305.0
947.0,322.0
948.0,333.0
949.0,342.0
950.0,309.0
951.0,314.0
952.0,301.0
953.0,316.0
954.0,325.0
955.0,332.0
956.0,301.0
957.0,331.0
958.0,300.0
959.0,337.0
960.0,323.0
961.0,340.0
962.0,320.0
963.0,303.0
964.0,330.0
965.0,332.0
966.0,320.0
967.0,311.0
968.0,320.0
969.0,311.0
970.0,329.0
971.0,335.0
972.0,309.0
973.0,307.0
974.0,322.0
975.0,325.0
976.0,335.0
977.0,341.0
978.0,319.0
979.0,305.0
980.0,321.0
981.0,326.0
982.0,310.0
983.0,313.0
984.0,339.0
985.0,311.0
986.0,311.0
987.0,326.0
988.0,315.0
989.0,307.0
990.0,314.0
991.0,318.0
992.0,300.0
993.0,335.0
994.0,334.0
995.0,337.0
996.0,320.0
997.0,301.0
998.0,315.0
999.0,313.0
1000.0,301.0
1001.0,322.0
1002.0,315.0
1003.0,324.0
1004.0,322.0
1005.0,313.0
1006.0,324.0
1007.0,342.0
1008.0,312.0
1009.0,313.0
1010.0,308.0
1011.0,325.0
1012.0,318.0
1013.0,336.0
1014.0,308.0
1015.0,346.0
1016.0,303.0
1017.0,314.0
1018.0,332.0
1019.0,302.0
1020.0,301.0
1021.0,319.0
1022.0,321.0
1023.0,318.0
