0.0,127.0
1.0,177.0
2.0,207.0
3.0,224.0
4.0,261.0
5.0,244.0
6.0,236.0
7.0,260.0
8.0,268.0
9.0,253.0
10.0,256.0
11.0,269.0
12.0,267.0
13.0,267.0
14.0,270.0
15.0,265.0
16.0,266.0
17.0,269.0
18.0,286.0
19.0,284.0
20.0,282.0
21.0,282.0
22.0,284.0
23.0,269.0
24.0,292.0
25.0,299.0
26.0,292.0
27.0,293.0
28.0,281.0
29.0,298.0
30.0,275.0
31.0,310.0
32.0,307.0
33.0,297.0
34.0,301.0
35.0,313.0
36.0,306.0
37.0,296.0
38.0,296.0
39.0,291.0
40.0,309.0
41.0,329.0
42.0,319.0
43.0,332.0
44.0,326.0
45.0,311.0
46.0,318.0
47.0,310.0
48.0,308.0
49.0,338.0
50.0,338.0
51.0,337.0
52.0,320.0
53.0,316.0
54.0,333.0
55.0,340.0
56.0,324.0
57.0,339.0
58.0,358.0
59.0,367.0
60.0,377.0
61.0,371.0
62.0,365.0
63.0,362.0
64.0,414.0
65.0,381.0
66.0,370.0
67.0,401.0
68.0,372.0
69.0,401.0
70.0,360.0
71.0,404.0
72.0,379.0
73.0,390.0
74.0,393.0
75.0,393.0
76.0,397.0
77.0,385.0
78.0,402.0
79.0,410.0
80.0,431.0
81.0,389.0
82.0,407.0
83.0,404.0
84.0,430.0
85.0,404.0
86.0,401.0
87.0,398.0
88.0,390.0
89.0,409.0
90.0,407.0
91.0,413.0
92.0,410.0
93.0,392.0
94.0,433.0
95.0,398.0
96.0,421.0
97.0,424.0
98.0,425.0
99.0,442.0
100.0,409.0
101.0,429.0
102.0,438.0
103.0,427.0
104.0,438.0
105.0,433.0
106.0,422.0
107.0,429.0
108.0,441.0
109.0,420.0
110.0,429.0
111.0,452.0
112.0,435.0
113.0,439.0
114.0,445.0
115.0,454.0
116.0,438.0
117.0,441.0
118.0,433.0
119.0,442.0
120.0,479.0
121.0,471.0
122.0,453.0
123.0,450.0
124.0,481.0
125.0,468.0
126.0,459.0
127.0,465.0
128.0,477.0
129.0,449.0
130.0,499.0
131.0,456.0
132.0,460.0
133.0,460.0
134.0,465.0
135.0,454.0
136.0,468.0
137.0,461.0
138.0,470.0
139.0,458.0
140.0,476.0
141.0,491.0
142.0,483.0
143.0,514.0
144.0,501.0
145.0,490.0
146.0,509.0
147.0,510.0
148.0,504.0
149.0,522.0
150.0,542.0
151.0,519.0
152.0,541.0
153.0,503.0
154.0,509.0
155.0,510.0
156.0,518.0
157.0,507.0
158.0,526.0
159.0,527.0
160.0,535.0
161.0,539.0
162.0,550.0
163.0,530.0
164.0,554.0
165.0,556.0
166.0,569.0
167.0,558.0
168.0,552.0
169.0,539.0
170.0,549.0
171.0,532.0
172.0,550.0
173.0,512.0
174.0,554.0
175.0,567.0
176.0,538.0
177.0,570.0
178.0,561.0
179.0,576.0
180.0,574.0
181.0,554.0
182.0,554.0
183.0,574.0
184.0,560.0
185.0,550.0
186.0,581.0
187.0,592.0
188.0,605.0
189.0,605.0
190.0,597.0
191.0,602.0
192.0,608.0
193.0,606.0
194.0,582.0
195.0,627.0
196.0,642.0
197.0,620.0
198.0,630.0
199.0,673.0
200.0,723.0
201.0,985.0
202.0,1701.0
203.0,3169.0
204.0,4317.0
205.0,3277.0
206.0,1376.0
207.0,737.0
208.0,663.0
209.0,656.0
210.0,640.0
211.0,653.0
212.0,629.0
213.0,616.0
214.0,628.0
215.0,603.0
216.0,628.0
217.0,634.0
218.0,625.0
219.0,626.0
220.0,643.0
221.0,618.0
222.0,643.0
223.0,612.0
224.0,638.0
225.0,631.0
226.0,655.0
227.0,644.0
228.0,659.0
229.0,624.0
230.0,631.0
231.0,639.0
232.0,657.0
233.0,653.0
234.0,659.0
235.0,649.0
236.0,651.0
237.0,689.0
238.0,669.0
239.0,686.0
240.0,658.0
241.0,655.0
242.0,688.0
243.0,652.0
244.0,663.0
245.0,686.0
246.0,679.0
247.0,695.0
248.0,665.0
249.0,694.0
250.0,682.0
251.0,761.0
252.0,797.0
253.0,966.0
254.0,975.0
255.0,836.0
256.0,733.0
257.0,675.0
258.0,685.0
259.0,716.0
260.0,679.0
261.0,707.0
262.0,708.0
263.0,679.0
264.0,756.0
265.0,691.0
266.0,723.0
267.0,701.0
268.0,727.0
269.0,732.0
270.0,703.0
271.0,745.0
272.0,765.0
273.0,765.0
274.0,735.0
275.0,722.0
276.0,730.0
277.0,685.0
278.0,725.0
279.0,738.0
280.0,744.0
281.0,749.0
282.0,720.0
283.0,762.0
284.0,827.0
285.0,782.0
286.0,744.0
287.0,747.0
288.0,738.0
289.0,704.0
290.0,745.0
291.0,718.0
292.0,739.0
293.0,753.0
294.0,747.0
295.0,760.0
296.0,750.0
297.0,750.0
298.0,752.0
299.0,734.0
300.0,742.0
301.0,738.0
302.0,730.0
303.0,752.0
304.0,764.0
305.0,785.0
306.0,762.0
307.0,765.0
308.0,748.0
309.0,754.0
310.0,780.0
311.0,757.0
312.0,769.0
313.0,766.0
314.0,783.0
315.0,746.0
316.0,770.0
317.0,759.0
318.0,785.0
319.0,774.0
320.0,775.0
321.0,759.0
322.0,800.0
323.0,797.0
324.0,760.0
325.0,785.0
326.0,771.0
327.0,785.0
328.0,807.0
329.0,812.0
330.0,754.0
331.0,804.0
332.0,797.0
333.0,768.0
334.0,774.0
335.0,782.0
336.0,797.0
337.0,801.0
338.0,804.0
339.0,815.0
340.0,788.0
341.0,804.0
342.0,773.0
343.0,796.0
344.0,801.0
345.0,831.0
346.0,805.0
347.0,835.0
348.0,826.0
349.0,810.0
350.0,811.0
351.0,810.0
352.0,801.0
353.0,830.0
354.0,812.0
355.0,807.0
356.0,808.0
357.0,815.0
358.0,818.0
359.0,827.0
360.0,828.0
361.0,818.0
362.0,814.0
363.0,844.0
364.0,835.0
365.0,812.0
366.0,864.0
367.0,819.0
368.0,829.0
369.0,836.0
370.0,801.0
371.0,803.0
372.0,812.0
373.0,859.0
374.0,817.0
375.0,832.0
376.0,853.0
377.0,839.0
378.0,850.0
379.0,852.0
380.0,855.0
381.0,829.0
382.0,827.0
383.0,840.0
384.0,842.0
385.0,843.0
386.0,847.0
387.0,829.0
388.0,830.0
389.0,838.0
390.0,859.0
391.0,840.0
392.0,857.0
393.0,863.0
394.0,838.0
395.0,888.0
396.0,841.0
397.0,837.0
398.0,881.0
399.0,859.0
400.0,881.0
401.0,830.0
402.0,874.0
403.0,865.0
404.0,856.0
405.0,847.0
406.0,838.0
407.0,819.0
408.0,847.0
409.0,851.0
410.0,862.0
411.0,843.0
412.0,842.0
413.0,864.0
414.0,865.0
415.0,840.0
416.0,858.0
417.0,850.0
418.0,874.0
419.0,877.0
420.0,821.0
421.0,840.0
422.0,875.0
423.0,876.0
424.0,864.0
425.0,882.0
426.0,833.0
427.0,874.0
428.0,897.0
429.0,863.0
430.0,825.0
431.0,879.0
432.0,868.0
433.0,865.0
434.0,898.0
435.0,906.0
436.0,874.0
437.0,857.0
438.0,849.0
439.0,872.0
440.0,891.0
441.0,880.0
442.0,845.0
443.0,842.0
444.0,858.0
445.0,873.0
446.0,857.0
447.0,868.0
448.0,871.0
449.0,880.0
450.0,867.0
451.0,859.0
452.0,864.0
453.0,880.0
454.0,886.0
455.0,877.0
456.0,864.0
457.0,862.0
458.0,860.0
459.0,855.0
460.0,875.0
461.0,854.0
462.0,852.0
463.0,871.0
464.0,856.0
465.0,872.0
466.0,869.0
467.0,914.0
468.0,883.0
469.0,851.0
470.0,870.0
471.0,885.0
472.0,890.0
473.0,886.0
474.0,887.0
475.0,863.0
476.0,885.0
477.0,899.0
478.0,895.0
479.0,884.0
480.0,866.0
481.0,866.0
482.0,899.0
483.0,862.0
484.0,867.0
485.0,887.0
486.0,895.0
487.0,904.0
488.0,881.0
489.0,916.0
490.0,875.0
491.0,883.0
492.0,899.0
493.0,899.0
494.0,909.0
495.0,892.0
496.0,860.0
497.0,888.0
498.0,845.0
499.0,874.0
500.0,886.0
501.0,882.0
502.0,872.0
503.0,904.0
504.0,909.0
505.0,938.0
506.0,893.0
507.0,912.0
508.0,894.0
509.0,855.0
510.0,896.0
511.0,903.0
512.0,884.0
513.0,853.0
514.0,871.0
515.0,864.0
516.0,833.0
517.0,857.0
518.0,864.0
519.0,861.0
520.0,867.0
521.0,854.0
522.0,889.0
523.0,874.0
524.0,884.0
525.0,850.0
526.0,892.0
527.0,849.0
528.0,853.0
529.0,862.0
530.0,891.0
531.0,840.0
532.0,851.0
533.0,834.0
534.0,830.0
535.0,838.0
536.0,864.0
537.0,872.0
538.0,827.0
539.0,831.0
540.0,873.0
541.0,869.0
542.0,855.0
543.0,826.0
544.0,865.0
545.0,857.0
546.0,877.0
547.0,826.0
548.0,860.0
549.0,836.0
550.0,879.0
551.0,840.0
552.0,854.0
553.0,854.0
554.0,868.0
555.0,875.0
556.0,839.0
557.0,869.0
558.0,849.0
559.0,839.0
560.0,855.0
561.0,843.0
562.0,829.0
563.0,839.0
564.0,839.0
565.0,848.0
566.0,823.0
567.0,814.0
568.0,807.0
569.0,822.0
570.0,851.0
571.0,855.0
572.0,856.0
573.0,854.0
574.0,840.0
575.0,844.0
576.0,822.0
577.0,822.0
578.0,820.0
579.0,820.0
580.0,866.0
581.0,818.0
582.0,830.0
583.0,839.0
584.0,821.0
585.0,791.0
586.0,834.0
587.0,845.0
588.0,816.0
589.0,790.0
590.0,839.0
591.0,816.0
592.0,806.0
593.0,798.0
594.0,803.0
595.0,811.0
596.0,806.0
597.0,839.0
598.0,807.0
599.0,773.0
600.0,804.0
601.0,779.0
602.0,800.0
603.0,798.0
604.0,793.0
605.0,791.0
606.0,795.0
607.0,804.0
608.0,791.0
609.0,784.0
610.0,774.0
611.0,787.0
612.0,783.0
613.0,802.0
614.0,765.0
615.0,767.0
616.0,776.0
617.0,792.0
618.0,795.0
619.0,769.0
620.0,786.0
621.0,773.0
622.0,775.0
623.0,754.0
624.0,751.0
625.0,795.0
626.0,756.0
627.0,769.0
628.0,783.0
629.0,760.0
630.0,778.0
631.0,766.0
632.0,719.0
633.0,773.0
634.0,779.0
635.0,763.0
636.0,731.0
637.0,743.0
638.0,730.0
639.0,746.0
640.0,764.0
641.0,746.0
642.0,763.0
643.0,753.0
644.0,738.0
645.0,738.0
646.0,729.0
647.0,759.0
648.0,714.0
649.0,717.0
650.0,736.0
651.0,751.0
652.0,762.0
653.0,735.0
654.0,720.0
655.0,704.0
656.0,734.0
657.0,701.0
658.0,690.0
659.0,713.0
660.0,717.0
661.0,713.0
662.0,736.0
663.0,730.0
664.0,687.0
665.0,725.0
666.0,678.0
667.0,727.0
668.0,708.0
669.0,732.0
670.0,706.0
671.0,708.0
672.0,694.0
673.0,692.0
674.0,698.0
675.0,712.0
676.0,716.0
677.0,678.0
678.0,679.0
679.0,707.0
680.0,690.0
681.0,690.0
682.0,684.0
683.0,703.0
684.0,698.0
685.0,688.0
686.0,695.0
687.0,649.0
688.0,696.0
689.0,676.0
690.0,681.0
691.0,661.0
692.0,658.0
693.0,652.0
694.0,679.0
695.0,631.0
696.0,661.0
697.0,648.0
698.0,649.0
699.0,657.0
700.0,665.0
701.0,682.0
702.0,707.0
703.0,651.0
704.0,652.0
705.0,678.0
706.0,663.0
707.0,665.0
708.0,660.0
709.0,649.0
710.0,641.0
711.0,641.0
712.0,630.0
713.0,644.0
714.0,643.0
715.0,654.0
716.0,641.0
717.0,622.0
718.0,624.0
719.0,606.0
720.0,632.0
721.0,636.0
722.0,650.0
723.0,660.0
724.0,671.0
725.0,666.0
726.0,668.0
727.0,717.0
728.0,860.0
729.0,1519.0
730.0,3014.0
731.0,4001.0
732.0,2626.0
733.0,966.0
734.0,621.0
735.0,614.0
736.0,610.0
737.0,605.0
738.0,604.0
739.0,602.0
740.0,605.0
741.0,609.0
742.0,622.0
743.0,622.0
744.0,613.0
745.0,601.0
746.0,590.0
747.0,590.0
748.0,574.0
749.0,589.0
750.0,601.0
751.0,573.0
752.0,571.0
753.0,566.0
754.0,559.0
755.0,584.0
756.0,562.0
757.0,557.0
758.0,566.0
759.0,534.0
760.0,555.0
761.0,558.0
762.0,529.0
763.0,559.0
764.0,553.0
765.0,565.0
766.0,540.0
767.0,547.0
768.0,554.0
769.0,555.0
770.0,556.0
771.0,535.0
772.0,516.0
773.0,542.0
774.0,546.0
775.0,506.0
776.0,510.0
777.0,549.0
778.0,536.0
779.0,546.0
780.0,541.0
781.0,521.0
782.0,526.0
783.0,515.0
784.0,505.0
785.0,515.0
786.0,504.0
787.0,517.0
788.0,540.0
789.0,490.0
790.0,497.0
791.0,487.0
792.0,542.0
793.0,510.0
794.0,511.0
795.0,506.0
796.0,490.0
797.0,488.0
798.0,505.0
799.0,513.0
800.0,508.0
801.0,527.0
802.0,523.0
803.0,524.0
804.0,519.0
805.0,525.0
806.0,546.0
807.0,568.0
808.0,620.0
809.0,945.0
810.0,1955.0
811.0,4463.0
812.0,6160.0
813.0,3965.0
814.0,1257.0
815.0,577.0
816.0,513.0
817.0,467.0
818.0,454.0
819.0,446.0
820.0,471.0
821.0,473.0
822.0,439.0
823.0,460.0
824.0,458.0
825.0,444.0
826.0,451.0
827.0,446.0
828.0,460.0
829.0,415.0
830.0,449.0
831.0,449.0
832.0,434.0
833.0,447.0
834.0,462.0
835.0,448.0
836.0,427.0
837.0,409.0
838.0,441.0
839.0,413.0
840.0,416.0
841.0,415.0
842.0,437.0
843.0,423.0
844.0,429.0
845.0,428.0
846.0,442.0
847.0,422.0
848.0,394.0
849.0,399.0
850.0,442.0
851.0,403.0
852.0,433.0
853.0,413.0
854.0,389.0
855.0,411.0
856.0,415.0
857.0,405.0
858.0,406.0
859.0,415.0
860.0,405.0
861.0,401.0
862.0,369.0
863.0,374.0
864.0,394.0
865.0,371.0
866.0,389.0
867.0,383.0
868.0,375.0
869.0,401.0
870.0,379.0
871.0,381.0
872.0,384.0
873.0,374.0
874.0,360.0
875.0,381.0
876.0,401.0
877.0,359.0
878.0,337.0
879.0,356.0
880.0,376.0
881.0,374.0
882.0,384.0
883.0,359.0
884.0,367.0
885.0,376.0
886.0,382.0
887.0,366.0
888.0,364.0
889.0,362.0
890.0,359.0
891.0,358.0
892.0,376.0
893.0,371.0
894.0,353.0
895.0,354.0
896.0,365.0
897.0,351.0
898.0,367.0
899.0,368.0
900.0,375.0
901.0,372.0
902.0,363.0
903.0,348.0
904.0,340.0
905.0,360.0
906.0,329.0
907.0,344.0
908.0,368.0
909.0,371.0
910.0,336.0
911.0,362.0
912.0,353.0
913.0,335.0
914.0,350.0
915.0,342.0
916.0,340.0
917.0,352.0
918.0,362.0
919.0,333.0
920.0,343.0
921.0,350.0
922.0,342.0
923.0,354.0
924.0,328.0
925.0,351.0
926.0,353.0
927.0,340.0
928.0,351.0
929.0,326.0
930.0,321.0
931.0,335.0
932.0,349.0
933.0,343.0
934.0,323.0
935.0,338.0
936.0,317.0
937.0,338.0
938.0,351.0
939.0,329.0
940.0,330.0
941.0,342.0
942.0,314.0
943.0,322.0
944.0,312.0
945.0,329.0
946.0,325.0
947.0,307.0
948.0,345.0
949.0,320.0
950.0,325.0
951.0,336.0
952.0,320.0
953.0,327.0
954.0,300.0
955.0,317.0
956.0,299.0
957.0,320.0
958.0,315.0
959.0,303.0
960.0,298.0
961.0,303.0
962.0,330.0
963.0,289.0
964.0,304.0
965.0,308.0
966.0,310.0
967.0,306.0
968.0,335.0
969.0,306.0
970.0,302.0
971.0,289.0
972.0,318.0
973.0,307.0
974.0,311.0
975.0,305.0
976.0,324.0
977.0,304.0
978.0,320.0
979.0,300.0
980.0,312.0
981.0,282.0
982.0,306.0
983.0,304.0
984.0,302.0
985.0,292.0
986.0,300.0
987.0,326.0
988.0,307.0
989.0,279.0
990.0,315.0
991.0,303.0
992.0,297.0
993.0,283.0
994.0,305.0
995.0,319.0
996.0,302.0
997.0,314.0
998.0,300.0
999.0,299.0
1000.0,293.0
1001.0,292.0
1002.0,284.0
1003.0,312.0
1004.0,298.0
1005.0,288.0
1006.0,291.0
1007.0,291.0
1008.0,302.0
1009.0,285.0
1010.0,310.0
1011.0,297.0
1012.0,290.0
1013.0,316.0
1014.0,284.0
1015.0,305.0
1016.0,292.0
1017.0,292.0
1018.0,303.0
1019.0,292.0
1020.0,287.0
1021.0,304.0
1022.0,310.0
1023.0,280.0
