0.0,87.0
1.0,159.0
2.0,196.0
3.0,214.0
4.0,226.0
5.0,220.0
6.0,243.0
7.0,237.0
8.0,265.0
9.0,243.0
10.0,263.0
11.0,256.0
12.0,270.0
13.0,258.0
14.0,249.0
15.0,274.0
16.0,252.0
17.0,259.0
18.0,276.0
19.0,268.0
20.0,264.0
21.0,269.0
22.0,271.0
23.0,252.0
24.0,265.0
25.0,257.0
26.0,277.0
27.0,263.0
28.0,277.0
29.0,292.0
30.0,282.0
31.0,275.0
32.0,298.0
33.0,277.0
34.0,300.0
35.0,279.0
36.0,284.0
37.0,300.0
38.0,286.0
39.0,284.0
40.0,293.0
41.0,308.0
42.0,297.0
43.0,303.0
44.0,306.0
45.0,316.0
46.0,309.0
47.0,303.0
48.0,322.0
49.0,331.0
50.0,313.0
51.0,312.0
52.0,327.0
53.0,315.0
54.0,320.0
55.0,352.0
56.0,360.0
57.0,365.0
58.0,351.0
59.0,364.0
60.0,364.0
61.0,345.0
62.0,381.0
63.0,351.0
64.0,351.0
65.0,370.0
66.0,377.0
67.0,377.0
68.0,344.0
69.0,355.0
70.0,347.0
71.0,371.0
72.0,347.0
73.0,368.0
74.0,377.0
75.0,389.0
76.0,364.0
77.0,383.0
78.0,358.0
79.0,359.0
80.0,375.0
81.0,372.0
82.0,381.0
83.0,375.0
84.0,397.0
85.0,379.0
86.0,399.0
87.0,375.0
88.0,396.0
89.0,389.0
90.0,391.0
91.0,390.0
92.0,400.0
93.0,385.0
94.0,378.0
95.0,390.0
96.0,406.0
97.0,399.0
98.0,414.0
99.0,397.0
100.0,396.0
101.0,401.0
102.0,413.0
103.0,419.0
104.0,408.0
105.0,443.0
106.0,421.0
107.0,393.0
108.0,416.0
109.0,415.0
110.0,413.0
111.0,434.0
112.0,414.0
113.0,427.0
114.0,404.0
115.0,449.0
116.0,427.0
117.0,440.0
118.0,451.0
119.0,422.0
120.0,455.0
121.0,431.0
122.0,454.0
123.0,431.0
124.0,421.0
125.0,437.0
126.0,472.0
127.0,437.0
128.0,439.0
129.0,446.0
130.0,441.0
131.0,441.0
132.0,456.0
133.0,447.0
134.0,475.0
135.0,441.0
136.0,451.0
137.0,449.0
138.0,481.0
139.0,456.0
140.0,474.0
141.0,453.0
142.0,481.0
143.0,478.0
144.0,481.0
145.0,505.0
146.0,491.0
147.0,476.0
148.0,467.0
149.0,483.0
150.0,474.0
151.0,498.0
152.0,492.0
153.0,482.0
154.0,492.0
155.0,468.0
156.0,512.0
157.0,492.0
158.0,519.0
159.0,503.0
160.0,489.0
161.0,512.0
162.0,509.0
163.0,505.0
164.0,525.0
165.0,512.0
166.0,529.0
167.0,514.0
168.0,526.0
169.0,543.0
170.0,547.0
171.0,606.0
172.0,731.0
173.0,1196.0
174.0,2341.0
175.0,3191.0
176.0,2216.0
177.0,865.0
178.0,572.0
179.0,550.0
180.0,551.0
181.0,542.0
182.0,544.0
183.0,574.0
184.0,561.0
185.0,549.0
186.0,551.0
187.0,557.0
188.0,550.0
189.0,540.0
190.0,555.0
191.0,542.0
192.0,554.0
193.0,542.0
194.0,556.0
195.0,572.0
196.0,594.0
197.0,563.0
198.0,544.0
199.0,565.0
200.0,580.0
201.0,554.0
202.0,576.0
203.0,593.0
204.0,573.0
205.0,565.0
206.0,563.0
207.0,562.0
208.0,584.0
209.0,581.0
210.0,581.0
211.0,594.0
212.0,571.0
213.0,579.0
214.0,571.0
215.0,593.0
216.0,609.0
217.0,592.0
218.0,607.0
219.0,618.0
220.0,599.0
221.0,618.0
222.0,620.0
223.0,610.0
224.0,604.0
225.0,610.0
226.0,625.0
227.0,633.0
228.0,624.0
229.0,625.0
230.0,604.0
231.0,636.0
232.0,621.0
233.0,627.0
234.0,612.0
235.0,660.0
236.0,623.0
237.0,646.0
238.0,629.0
239.0,646.0
240.0,644.0
241.0,645.0
242.0,678.0
243.0,659.0
244.0,696.0
245.0,659.0
246.0,671.0
247.0,644.0
248.0,683.0
249.0,697.0
250.0,654.0
251.0,675.0
252.0,719.0
253.0,725.0
254.0,761.0
255.0,802.0
256.0,881.0
257.0,1122.0
258.0,1918.0
259.0,4312.0
260.0,9914.0
261.0,13558.0
262.0,8593.0
263.0,2388.0
264.0,941.0
265.0,822.0
266.0,755.0
267.0,717.0
268.0,727.0
269.0,715.0
270.0,715.0
271.0,702.0
272.0,685.0
273.0,693.0
274.0,676.0
275.0,667.0
276.0,700.0
277.0,699.0
278.0,660.0
279.0,685.0
280.0,705.0
281.0,700.0
282.0,687.0
283.0,706.0
284.0,699.0
285.0,707.0
286.0,705.0
287.0,673.0
288.0,721.0
289.0,684.0
290.0,707.0
291.0,736.0
292.0,695.0
293.0,728.0
294.0,664.0
295.0,719.0
296.0,717.0
297.0,716.0
298.0,701.0
299.0,710.0
300.0,721.0
301.0,745.0
302.0,707.0
303.0,721.0
304.0,712.0
305.0,699.0
306.0,734.0
307.0,735.0
308.0,712.0
309.0,710.0
310.0,744.0
311.0,724.0
312.0,728.0
313.0,705.0
314.0,722.0
315.0,701.0
316.0,730.0
317.0,735.0
318.0,750.0
319.0,727.0
320.0,734.0
321.0,723.0
322.0,754.0
323.0,742.0
324.0,721.0
325.0,720.0
326.0,725.0
327.0,734.0
328.0,720.0
329.0,744.0
330.0,743.0
331.0,728.0
332.0,736.0
333.0,734.0
334.0,751.0
335.0,769.0
336.0,731.0
337.0,763.0
338.0,765.0
339.0,747.0
340.0,729.0
341.0,776.0
342.0,752.0
343.0,761.0
344.0,757.0
345.0,749.0
346.0,738.0
347.0,768.0
348.0,779.0
349.0,750.0
350.0,739.0
351.0,780.0
352.0,757.0
353.0,763.0
354.0,767.0
355.0,776.0
356.0,770.0
357.0,775.0
358.0,758.0
359.0,774.0
360.0,750.0
361.0,774.0
362.0,765.0
363.0,775.0
364.0,773.0
365.0,788.0
366.0,783.0
367.0,776.0
368.0,759.0
369.0,764.0
370.0,774.0
371.0,753.0
372.0,800.0
373.0,777.0
374.0,790.0
375.0,765.0
376.0,785.0
377.0,776.0
378.0,785.0
379.0,789.0
380.0,768.0
381.0,770.0
382.0,813.0
383.0,793.0
384.0,790.0
385.0,799.0
386.0,778.0
387.0,799.0
388.0,823.0
389.0,808.0
390.0,811.0
391.0,786.0
392.0,786.0
393.0,772.0
394.0,806.0
395.0,773.0
396.0,795.0
397.0,782.0
398.0,814.0
399.0,808.0
400.0,785.0
401.0,806.0
402.0,803.0
403.0,813.0
404.0,816.0
405.0,778.0
406.0,790.0
407.0,770.0
408.0,806.0
409.0,789.0
410.0,826.0
411.0,775.0
412.0,792.0
413.0,814.0
414.0,795.0
415.0,768.0
416.0,812.0
417.0,792.0
418.0,812.0
419.0,812.0
420.0,781.0
421.0,833.0
422.0,797.0
423.0,794.0
424.0,810.0
425.0,775.0
426.0,827.0
427.0,798.0
428.0,807.0
429.0,785.0
430.0,811.0
431.0,810.0
432.0,851.0
433.0,810.0
434.0,808.0
435.0,818.0
436.0,817.0
437.0,801.0
438.0,828.0
439.0,842.0
440.0,813.0
441.0,801.0
442.0,805.0
443.0,802.0
444.0,821.0
445.0,846.0
446.0,790.0
447.0,842.0
448.0,798.0
449.0,771.0
450.0,811.0
451.0,805.0
452.0,809.0
453.0,834.0
454.0,770.0
455.0,802.0
456.0,822.0
457.0,826.0
458.0,776.0
459.0,810.0
460.0,785.0
461.0,793.0
462.0,838.0
463.0,790.0
464.0,794.0
465.0,829.0
466.0,814.0
467.0,822.0
468.0,834.0
469.0,814.0
470.0,800.0
471.0,818.0
472.0,826.0
473.0,835.0
474.0,824.0
475.0,788.0
476.0,821.0
477.0,805.0
478.0,814.0
479.0,823.0
480.0,791.0
481.0,812.0
482.0,822.0
483.0,838.0
484.0,829.0
485.0,841.0
486.0,806.0
487.0,814.0
488.0,794.0
489.0,806.0
490.0,830.0
491.0,837.0
492.0,780.0
493.0,789.0
494.0,795.0
495.0,805.0
496.0,809.0
497.0,764.0
498.0,795.0
499.0,845.0
500.0,782.0
501.0,806.0
502.0,805.0
503.0,789.0
504.0,788.0
505.0,814.0
506.0,821.0
507.0,831.0
508.0,799.0
509.0,787.0
510.0,814.0
511.0,787.0
512.0,803.0
513.0,776.0
514.0,805.0
515.0,813.0
516.0,810.0
517.0,772.0
518.0,780.0
519.0,839.0
520.0,809.0
521.0,817.0
522.0,810.0
523.0,796.0
524.0,777.0
525.0,773.0
526.0,806.0
527.0,821.0
528.0,779.0
529.0,791.0
530.0,793.0
531.0,782.0
532.0,791.0
533.0,783.0
534.0,809.0
535.0,800.0
536.0,784.0
537.0,798.0
538.0,784.0
539.0,766.0
540.0,794.0
541.0,764.0
542.0,767.0
543.0,801.0
544.0,787.0
545.0,780.0
546.0,786.0
547.0,783.0
548.0,783.0
549.0,786.0
550.0,756.0
551.0,773.0
552.0,795.0
553.0,767.0
554.0,791.0
555.0,757.0
556.0,773.0
557.0,758.0
558.0,759.0
559.0,754.0
560.0,774.0
561.0,751.0
562.0,753.0
563.0,767.0
564.0,764.0
565.0,767.0
566.0,789.0
567.0,752.0
568.0,780.0
569.0,775.0
570.0,759.0
571.0,752.0
572.0,800.0
573.0,740.0
574.0,777.0
575.0,766.0
576.0,763.0
577.0,765.0
578.0,744.0
579.0,738.0
580.0,756.0
581.0,756.0
582.0,770.0
583.0,698.0
584.0,768.0
585.0,731.0
586.0,748.0
587.0,739.0
588.0,728.0
589.0,720.0
590.0,770.0
591.0,745.0
592.0,725.0
593.0,752.0
594.0,757.0
595.0,764.0
596.0,754.0
597.0,736.0
598.0,762.0
599.0,713.0
600.0,728.0
601.0,754.0
602.0,712.0
603.0,741.0
604.0,752.0
605.0,743.0
606.0,706.0
607.0,715.0
608.0,690.0
609.0,708.0
610.0,709.0
611.0,715.0
612.0,752.0
613.0,704.0
614.0,721.0
615.0,701.0
616.0,723.0
617.0,707.0
618.0,709.0
619.0,719.0
620.0,690.0
621.0,704.0
622.0,689.0
623.0,697.0
624.0,725.0
625.0,680.0
626.0,712.0
627.0,696.0
628.0,713.0
629.0,704.0
630.0,701.0
631.0,708.0
632.0,698.0
633.0,704.0
634.0,717.0
635.0,688.0
636.0,694.0
637.0,721.0
638.0,690.0
639.0,678.0
640.0,700.0
641.0,693.0
642.0,670.0
643.0,674.0
644.0,707.0
645.0,686.0
646.0,647.0
647.0,665.0
648.0,673.0
649.0,677.0
650.0,674.0
651.0,657.0
652.0,668.0
653.0,665.0
654.0,691.0
655.0,675.0
656.0,666.0
657.0,643.0
658.0,654.0
659.0,654.0
660.0,661.0
661.0,657.0
662.0,665.0
663.0,629.0
664.0,658.0
665.0,678.0
666.0,680.0
667.0,648.0
668.0,634.0
669.0,652.0
670.0,643.0
671.0,633.0
672.0,637.0
673.0,629.0
674.0,646.0
675.0,643.0
676.0,633.0
677.0,645.0
678.0,619.0
679.0,603.0
680.0,632.0
681.0,630.0
682.0,637.0
683.0,632.0
684.0,625.0
685.0,633.0
686.0,629.0
687.0,635.0
688.0,609.0
689.0,638.0
690.0,616.0
691.0,622.0
692.0,575.0
693.0,624.0
694.0,595.0
695.0,588.0
696.0,604.0
697.0,592.0
698.0,579.0
699.0,612.0
700.0,626.0
701.0,587.0
702.0,596.0
703.0,602.0
704.0,616.0
705.0,596.0
706.0,586.0
707.0,591.0
708.0,592.0
709.0,607.0
710.0,584.0
711.0,592.0
712.0,573.0
713.0,593.0
714.0,587.0
715.0,579.0
716.0,590.0
717.0,601.0
718.0,564.0
719.0,564.0
720.0,563.0
721.0,559.0
722.0,571.0
723.0,581.0
724.0,563.0
725.0,555.0
726.0,553.0
727.0,567.0
728.0,563.0
729.0,542.0
730.0,568.0
731.0,579.0
732.0,555.0
733.0,541.0
734.0,549.0
735.0,566.0
736.0,523.0
737.0,548.0
738.0,554.0
739.0,529.0
740.0,548.0
741.0,520.0
742.0,541.0
743.0,554.0
744.0,537.0
745.0,531.0
746.0,545.0
747.0,539.0
748.0,539.0
749.0,512.0
750.0,527.0
751.0,516.0
752.0,535.0
753.0,518.0
754.0,501.0
755.0,529.0
756.0,509.0
757.0,514.0
758.0,516.0
759.0,528.0
760.0,512.0
761.0,498.0
762.0,501.0
763.0,518.0
764.0,517.0
765.0,497.0
766.0,497.0
767.0,494.0
768.0,503.0
769.0,488.0
770.0,491.0
771.0,487.0
772.0,487.0
773.0,494.0
774.0,489.0
775.0,481.0
776.0,478.0
777.0,515.0
778.0,482.0
779.0,452.0
780.0,459.0
781.0,482.0
782.0,478.0
783.0,457.0
784.0,457.0
785.0,463.0
786.0,487.0
787.0,492.0
788.0,480.0
789.0,455.0
790.0,446.0
791.0,463.0
792.0,472.0
793.0,450.0
794.0,464.0
795.0,461.0
796.0,447.0
797.0,461.0
798.0,473.0
799.0,426.0
800.0,433.0
801.0,423.0
802.0,446.0
803.0,447.0
804.0,455.0
805.0,415.0
806.0,432.0
807.0,441.0
808.0,421.0
809.0,449.0
810.0,431.0
811.0,441.0
812.0,448.0
813.0,435.0
814.0,437.0
815.0,430.0
816.0,413.0
817.0,426.0
818.0,405.0
819.0,431.0
820.0,423.0
821.0,415.0
822.0,419.0
823.0,421.0
824.0,414.0
825.0,394.0
826.0,393.0
827.0,406.0
828.0,417.0
829.0,398.0
830.0,374.0
831.0,412.0
832.0,420.0
833.0,399.0
834.0,403.0
835.0,410.0
836.0,397.0
837.0,385.0
838.0,399.0
839.0,389.0
840.0,387.0
841.0,395.0
842.0,412.0
843.0,404.0
844.0,399.0
845.0,390.0
846.0,387.0
847.0,356.0
848.0,381.0
849.0,383.0
850.0,383.0
851.0,381.0
852.0,381.0
853.0,368.0
854.0,354.0
855.0,370.0
856.0,402.0
857.0,356.0
858.0,386.0
859.0,361.0
860.0,362.0
861.0,378.0
862.0,381.0
863.0,361.0
864.0,382.0
865.0,339.0
866.0,356.0
867.0,347.0
868.0,342.0
869.0,357.0
870.0,375.0
871.0,371.0
872.0,380.0
873.0,375.0
874.0,359.0
875.0,370.0
876.0,339.0
877.0,361.0
878.0,356.0
879.0,356.0
880.0,369.0
881.0,372.0
882.0,360.0
883.0,349.0
884.0,357.0
885.0,381.0
886.0,401.0
887.0,389.0
888.0,349.0
889.0,344.0
890.0,325.0
891.0,345.0
892.0,326.0
893.0,351.0
894.0,358.0
895.0,349.0
896.0,355.0
897.0,351.0
898.0,351.0
899.0,344.0
900.0,330.0
901.0,312.0
902.0,336.0
903.0,366.0
904.0,346.0
905.0,326.0
906.0,344.0
907.0,364.0
908.0,343.0
909.0,320.0
910.0,336.0
911.0,320.0
912.0,326.0
913.0,348.0
914.0,329.0
915.0,313.0
916.0,327.0
917.0,322.0
918.0,311.0
919.0,326.0
920.0,326.0
921.0,340.0
922.0,327.0
923.0,328.0
924.0,326.0
925.0,327.0
926.0,350.0
927.0,336.0
928.0,339.0
929.0,319.0
930.0,340.0
931.0,314.0
932.0,325.0
933.0,328.0
934.0,343.0
935.0,312.0
936.0,316.0
937.0,331.0
938.0,292.0
939.0,310.0
940.0,324.0
941.0,326.0
942.0,342.0
943.0,345.0
944.0,303.0
945.0,313.0
946.0,319.0
947.0,314.0
948.0,310.0
949.0,318.0
950.0,331.0
951.0,296.0
952.0,324.0
953.0,319.0
954.0,305.0
955.0,308.0
956.0,331.0
957.0,306.0
958.0,330.0
959.0,310.0
960.0,303.0
961.0,297.0
962.0,299.0
963.0,322.0
964.0,286.0
965.0,298.0
966.0,307.0
967.0,302.0
968.0,298.0
969.0,322.0
970.0,313.0
971.0,307.0
972.0,314.0
973.0,321.0
974.0,286.0
975.0,307.0
976.0,331.0
977.0,306.0
978.0,292.0
979.0,305.0
980.0,297.0
981.0,306.0
982.0,320.0
983.0,293.0
984.0,277.0
985.0,309.0
986.0,312.0
987.0,300.0
988.0,323.0
989.0,295.0
990.0,307.0
991.0,297.0
992.0,308.0
993.0,268.0
994.0,290.0
995.0,320.0
996.0,320.0
997.0,288.0
998.0,286.0
999.0,316.0
1000.0,286.0
1001.0,299.0
1002.0,318.0
1003.0,294.0
1004.0,318.0
1005.0,289.0
1006.0,291.0
1007.0,305.0
1008.0,287.0
1009.0,308.0
1010.0,289.0
1011.0,281.0
1012.0,296.0
1013.0,291.0
1014.0,296.0
1015.0,288.0
1016.0,284.0
1017.0,291.0
1018.0,287.0
1019.0,316.0
1020.0,284.0
1021.0,287.0
1022.0,286.0
1023.0,313.0
