0.0,99.0
1.0,192.0
2.0,227.0
3.0,256.0
4.0,243.0
5.0,276.0
6.0,267.0
7.0,269.0
8.0,275.0
9.0,296.0
10.0,278.0
11.0,285.0
12.0,302.0
13.0,314.0
14.0,296.0
15.0,299.0
16.0,288.0
17.0,296.0
18.0,311.0
19.0,302.0
20.0,299.0
21.0,310.0
22.0,298.0
23.0,310.0
24.0,321.0
25.0,316.0
26.0,324.0
27.0,310.0
28.0,296.0
29.0,317.0
30.0,322.0
31.0,322.0
32.0,320.0
33.0,328.0
34.0,316.0
35.0,318.0
36.0,314.0
37.0,337.0
38.0,318.0
39.0,340.0
40.0,341.0
41.0,333.0
42.0,342.0
43.0,322.0
44.0,330.0
45.0,338.0
46.0,340.0
47.0,368.0
48.0,354.0
49.0,365.0
50.0,335.0
51.0,364.0
52.0,370.0
53.0,362.0
54.0,383.0
55.0,357.0
56.0,360.0
57.0,378.0
58.0,378.0
59.0,379.0
60.0,392.0
61.0,406.0
62.0,423.0
63.0,433.0
64.0,492.0
65.0,530.0
66.0,494.0
67.0,456.0
68.0,439.0
69.0,409.0
70.0,408.0
71.0,421.0
72.0,422.0
73.0,408.0
74.0,417.0
75.0,442.0
76.0,421.0
77.0,422.0
78.0,426.0
79.0,414.0
80.0,446.0
81.0,428.0
82.0,461.0
83.0,452.0
84.0,431.0
85.0,434.0
86.0,435.0
87.0,452.0
88.0,433.0
89.0,447.0
90.0,457.0
91.0,460.0
92.0,434.0
93.0,439.0
94.0,470.0
95.0,417.0
96.0,427.0
97.0,468.0
98.0,460.0
99.0,479.0
100.0,469.0
101.0,477.0
102.0,445.0
103.0,448.0
104.0,473.0
105.0,470.0
106.0,496.0
107.0,467.0
108.0,443.0
109.0,478.0
110.0,480.0
111.0,494.0
112.0,473.0
113.0,447.0
114.0,483.0
115.0,484.0
116.0,487.0
117.0,490.0
118.0,497.0
119.0,516.0
120.0,503.0
121.0,503.0
122.0,486.0
123.0,497.0
124.0,518.0
125.0,491.0
126.0,500.0
127.0,515.0
128.0,501.0
129.0,504.0
130.0,496.0
131.0,494.0
132.0,503.0
133.0,507.0
134.0,513.0
135.0,516.0
136.0,514.0
137.0,509.0
138.0,519.0
139.0,529.0
140.0,509.0
141.0,514.0
142.0,531.0
143.0,535.0
144.0,528.0
145.0,551.0
146.0,537.0
147.0,541.0
148.0,538.0
149.0,533.0
150.0,540.0
151.0,521.0
152.0,547.0
153.0,548.0
154.0,534.0
155.0,560.0
156.0,568.0
157.0,551.0
158.0,559.0
159.0,562.0
160.0,568.0
161.0,580.0
162.0,567.0
163.0,530.0
164.0,560.0
165.0,574.0
166.0,588.0
167.0,560.0
168.0,577.0
169.0,578.0
170.0,583.0
171.0,558.0
172.0,573.0
173.0,551.0
174.0,597.0
175.0,571.0
176.0,584.0
177.0,577.0
178.0,572.0
179.0,602.0
180.0,602.0
181.0,598.0
182.0,576.0
183.0,607.0
184.0,606.0
185.0,615.0
186.0,598.0
187.0,598.0
188.0,613.0
189.0,648.0
190.0,618.0
191.0,581.0
192.0,613.0
193.0,615.0
194.0,615.0
195.0,664.0
196.0,663.0
197.0,626.0
198.0,617.0
199.0,622.0
200.0,629.0
201.0,638.0
202.0,628.0
203.0,635.0
204.0,621.0
205.0,633.0
206.0,641.0
207.0,627.0
208.0,642.0
209.0,650.0
210.0,626.0
211.0,635.0
212.0,660.0
213.0,652.0
214.0,628.0
215.0,629.0
216.0,620.0
217.0,661.0
218.0,631.0
219.0,612.0
220.0,651.0
221.0,653.0
222.0,642.0
223.0,623.0
224.0,663.0
225.0,664.0
226.0,654.0
227.0,651.0
228.0,646.0
229.0,658.0
230.0,684.0
231.0,660.0
232.0,661.0
233.0,652.0
234.0,642.0
235.0,682.0
236.0,662.0
237.0,684.0
238.0,651.0
239.0,643.0
240.0,695.0
241.0,670.0
242.0,674.0
243.0,686.0
244.0,693.0
245.0,707.0
246.0,655.0
247.0,642.0
248.0,671.0
249.0,672.0
250.0,689.0
251.0,677.0
252.0,714.0
253.0,706.0
254.0,733.0
255.0,705.0
256.0,717.0
257.0,659.0
258.0,709.0
259.0,691.0
260.0,707.0
261.0,708.0
262.0,695.0
263.0,699.0
264.0,693.0
265.0,730.0
266.0,702.0
267.0,709.0
268.0,708.0
269.0,717.0
270.0,741.0
271.0,739.0
272.0,726.0
273.0,713.0
274.0,718.0
275.0,732.0
276.0,745.0
277.0,764.0
278.0,726.0
279.0,716.0
280.0,749.0
281.0,746.0
282.0,737.0
283.0,734.0
284.0,720.0
285.0,750.0
286.0,729.0
287.0,730.0
288.0,737.0
289.0,719.0
290.0,750.0
291.0,768.0
292.0,756.0
293.0,736.0
294.0,739.0
295.0,739.0
296.0,755.0
297.0,771.0
298.0,769.0
299.0,761.0
300.0,769.0
301.0,765.0
302.0,742.0
303.0,773.0
304.0,785.0
305.0,781.0
306.0,823.0
307.0,840.0
308.0,850.0
309.0,828.0
310.0,777.0
311.0,799.0
312.0,773.0
313.0,790.0
314.0,791.0
315.0,777.0
316.0,790.0
317.0,744.0
318.0,786.0
319.0,801.0
320.0,803.0
321.0,793.0
322.0,803.0
323.0,805.0
324.0,797.0
325.0,810.0
326.0,768.0
327.0,774.0
328.0,814.0
329.0,806.0
330.0,808.0
331.0,805.0
332.0,780.0
333.0,803.0
334.0,832.0
335.0,773.0
336.0,795.0
337.0,817.0
338.0,807.0
339.0,812.0
340.0,797.0
341.0,801.0
342.0,816.0
343.0,790.0
344.0,830.0
345.0,788.0
346.0,796.0
347.0,839.0
348.0,798.0
349.0,791.0
350.0,790.0
351.0,839.0
352.0,860.0
353.0,803.0
354.0,783.0
355.0,797.0
356.0,806.0
357.0,824.0
358.0,806.0
359.0,828.0
360.0,827.0
361.0,797.0
362.0,804.0
363.0,789.0
364.0,809.0
365.0,824.0
366.0,819.0
367.0,817.0
368.0,834.0
369.0,869.0
370.0,826.0
371.0,817.0
372.0,849.0
373.0,806.0
374.0,829.0
375.0,850.0
376.0,839.0
377.0,837.0
378.0,859.0
379.0,839.0
380.0,832.0
381.0,820.0
382.0,845.0
383.0,848.0
384.0,870.0
385.0,848.0
386.0,884.0
387.0,860.0
388.0,833.0
389.0,858.0
390.0,852.0
391.0,858.0
392.0,878.0
393.0,860.0
394.0,878.0
395.0,852.0
396.0,860.0
397.0,873.0
398.0,862.0
399.0,832.0
400.0,875.0
401.0,847.0
402.0,818.0
403.0,870.0
404.0,877.0
405.0,859.0
406.0,863.0
407.0,839.0
408.0,858.0
409.0,853.0
410.0,883.0
411.0,837.0
412.0,859.0
413.0,837.0
414.0,868.0
415.0,824.0
416.0,844.0
417.0,876.0
418.0,836.0
419.0,842.0
420.0,890.0
421.0,845.0
422.0,888.0
423.0,857.0
424.0,889.0
425.0,870.0
426.0,844.0
427.0,880.0
428.0,839.0
429.0,873.0
430.0,857.0
431.0,888.0
432.0,880.0
433.0,842.0
434.0,872.0
435.0,880.0
436.0,864.0
437.0,877.0
438.0,891.0
439.0,899.0
440.0,914.0
441.0,929.0
442.0,882.0
443.0,891.0
444.0,855.0
445.0,885.0
446.0,871.0
447.0,853.0
448.0,883.0
449.0,849.0
450.0,870.0
451.0,899.0
452.0,877.0
453.0,898.0
454.0,877.0
455.0,899.0
456.0,900.0
457.0,887.0
458.0,894.0
459.0,883.0
460.0,902.0
461.0,905.0
462.0,872.0
463.0,902.0
464.0,898.0
465.0,868.0
466.0,897.0
467.0,864.0
468.0,891.0
469.0,920.0
470.0,888.0
471.0,925.0
472.0,900.0
473.0,871.0
474.0,884.0
475.0,898.0
476.0,904.0
477.0,905.0
478.0,870.0
479.0,922.0
480.0,970.0
481.0,966.0
482.0,1074.0
483.0,1332.0
484.0,1465.0
485.0,1313.0
486.0,1012.0
487.0,949.0
488.0,906.0
489.0,885.0
490.0,894.0
491.0,937.0
492.0,888.0
493.0,878.0
494.0,923.0
495.0,882.0
496.0,877.0
497.0,884.0
498.0,909.0
499.0,855.0
500.0,880.0
501.0,900.0
502.0,912.0
503.0,904.0
504.0,910.0
505.0,892.0
506.0,907.0
507.0,898.0
508.0,894.0
509.0,896.0
510.0,904.0
511.0,904.0
512.0,885.0
513.0,884.0
514.0,890.0
515.0,903.0
516.0,894.0
517.0,917.0
518.0,917.0
519.0,910.0
520.0,915.0
521.0,943.0
522.0,907.0
523.0,946.0
524.0,957.0
525.0,992.0
526.0,1145.0
527.0,1521.0
528.0,2069.0
529.0,2256.0
530.0,1637.0
531.0,1070.0
532.0,932.0
533.0,923.0
534.0,932.0
535.0,928.0
536.0,952.0
537.0,951.0
538.0,1014.0
539.0,1102.0
540.0,1073.0
541.0,964.0
542.0,914.0
543.0,927.0
544.0,878.0
545.0,884.0
546.0,886.0
547.0,847.0
548.0,876.0
549.0,866.0
550.0,897.0
551.0,915.0
552.0,877.0
553.0,887.0
554.0,865.0
555.0,911.0
556.0,924.0
557.0,912.0
558.0,905.0
559.0,933.0
560.0,935.0
561.0,894.0
562.0,866.0
563.0,859.0
564.0,889.0
565.0,887.0
566.0,863.0
567.0,860.0
568.0,865.0
569.0,840.0
570.0,862.0
571.0,892.0
572.0,874.0
573.0,866.0
574.0,830.0
575.0,872.0
576.0,857.0
577.0,866.0
578.0,882.0
579.0,862.0
580.0,862.0
581.0,878.0
582.0,876.0
583.0,854.0
584.0,873.0
585.0,838.0
586.0,860.0
587.0,849.0
588.0,854.0
589.0,858.0
590.0,860.0
591.0,855.0
592.0,858.0
593.0,858.0
594.0,871.0
595.0,836.0
596.0,870.0
597.0,882.0
598.0,858.0
599.0,890.0
600.0,867.0
601.0,891.0
602.0,910.0
603.0,1044.0
604.0,1399.0
605.0,1951.0
606.0,2089.0
607.0,1569.0
608.0,1030.0
609.0,878.0
610.0,829.0
611.0,851.0
612.0,841.0
613.0,821.0
614.0,856.0
615.0,824.0
616.0,829.0
617.0,846.0
618.0,824.0
619.0,838.0
620.0,818.0
621.0,851.0
622.0,821.0
623.0,812.0
624.0,830.0
625.0,815.0
626.0,841.0
627.0,830.0
628.0,833.0
629.0,831.0
630.0,823.0
631.0,794.0
632.0,785.0
633.0,834.0
634.0,788.0
635.0,782.0
636.0,809.0
637.0,794.0
638.0,795.0
639.0,807.0
640.0,774.0
641.0,813.0
642.0,804.0
643.0,788.0
644.0,827.0
645.0,784.0
646.0,755.0
647.0,781.0
648.0,818.0
649.0,787.0
650.0,782.0
651.0,787.0
652.0,767.0
653.0,784.0
654.0,781.0
655.0,772.0
656.0,767.0
657.0,767.0
658.0,796.0
659.0,794.0
660.0,792.0
661.0,793.0
662.0,794.0
663.0,763.0
664.0,770.0
665.0,767.0
666.0,759.0
667.0,758.0
668.0,761.0
669.0,779.0
670.0,752.0
671.0,736.0
672.0,753.0
673.0,759.0
674.0,745.0
675.0,732.0
676.0,755.0
677.0,758.0
678.0,750.0
679.0,744.0
680.0,769.0
681.0,754.0
682.0,743.0
683.0,729.0
684.0,717.0
685.0,709.0
686.0,749.0
687.0,747.0
688.0,707.0
689.0,745.0
690.0,730.0
691.0,702.0
692.0,716.0
693.0,716.0
694.0,740.0
695.0,716.0
696.0,736.0
697.0,735.0
698.0,735.0
699.0,720.0
700.0,689.0
701.0,707.0
702.0,744.0
703.0,713.0
704.0,738.0
705.0,688.0
706.0,722.0
707.0,709.0
708.0,713.0
709.0,693.0
710.0,699.0
711.0,694.0
712.0,683.0
713.0,703.0
714.0,694.0
715.0,701.0
716.0,728.0
717.0,745.0
718.0,697.0
719.0,685.0
720.0,682.0
721.0,667.0
722.0,650.0
723.0,658.0
724.0,705.0
725.0,680.0
726.0,667.0
727.0,697.0
728.0,664.0
729.0,671.0
730.0,677.0
731.0,663.0
732.0,661.0
733.0,648.0
734.0,658.0
735.0,682.0
736.0,630.0
737.0,658.0
738.0,637.0
739.0,635.0
740.0,667.0
741.0,620.0
742.0,640.0
743.0,656.0
744.0,637.0
745.0,639.0
746.0,647.0
747.0,629.0
748.0,650.0
749.0,591.0
750.0,614.0
751.0,612.0
752.0,623.0
753.0,608.0
754.0,625.0
755.0,650.0
756.0,593.0
757.0,622.0
758.0,625.0
759.0,618.0
760.0,631.0
761.0,584.0
762.0,598.0
763.0,603.0
764.0,617.0
765.0,579.0
766.0,592.0
767.0,602.0
768.0,608.0
769.0,606.0
770.0,556.0
771.0,604.0
772.0,618.0
773.0,550.0
774.0,577.0
775.0,588.0
776.0,575.0
777.0,588.0
778.0,603.0
779.0,570.0
780.0,575.0
781.0,583.0
782.0,578.0
783.0,569.0
784.0,566.0
785.0,549.0
786.0,562.0
787.0,553.0
788.0,532.0
789.0,587.0
790.0,552.0
791.0,569.0
792.0,573.0
793.0,544.0
794.0,551.0
795.0,543.0
796.0,535.0
797.0,533.0
798.0,528.0
799.0,541.0
800.0,553.0
801.0,530.0
802.0,519.0
803.0,513.0
804.0,549.0
805.0,538.0
806.0,523.0
807.0,530.0
808.0,514.0
809.0,521.0
810.0,492.0
811.0,531.0
812.0,499.0
813.0,522.0
814.0,495.0
815.0,502.0
816.0,517.0
817.0,499.0
818.0,496.0
819.0,531.0
820.0,502.0
821.0,495.0
822.0,488.0
823.0,498.0
824.0,507.0
825.0,497.0
826.0,474.0
827.0,498.0
828.0,458.0
829.0,481.0
830.0,486.0
831.0,495.0
832.0,475.0
833.0,482.0
834.0,438.0
835.0,458.0
836.0,471.0
837.0,460.0
838.0,459.0
839.0,472.0
840.0,496.0
841.0,479.0
842.0,480.0
843.0,484.0
844.0,470.0
845.0,471.0
846.0,454.0
847.0,448.0
848.0,453.0
849.0,458.0
850.0,457.0
851.0,449.0
852.0,440.0
853.0,453.0
854.0,439.0
855.0,428.0
856.0,450.0
857.0,455.0
858.0,452.0
859.0,420.0
860.0,448.0
861.0,461.0
862.0,467.0
863.0,496.0
864.0,469.0
865.0,444.0
866.0,441.0
867.0,446.0
868.0,473.0
869.0,458.0
870.0,430.0
871.0,424.0
872.0,428.0
873.0,427.0
874.0,431.0
875.0,421.0
876.0,406.0
877.0,424.0
878.0,423.0
879.0,436.0
880.0,397.0
881.0,431.0
882.0,407.0
883.0,429.0
884.0,416.0
885.0,416.0
886.0,369.0
887.0,398.0
888.0,412.0
889.0,388.0
890.0,402.0
891.0,395.0
892.0,413.0
893.0,373.0
894.0,383.0
895.0,382.0
896.0,396.0
897.0,397.0
898.0,390.0
899.0,400.0
900.0,385.0
901.0,381.0
902.0,403.0
903.0,370.0
904.0,373.0
905.0,389.0
906.0,390.0
907.0,390.0
908.0,376.0
909.0,378.0
910.0,367.0
911.0,367.0
912.0,369.0
913.0,363.0
914.0,376.0
915.0,368.0
916.0,344.0
917.0,374.0
918.0,370.0
919.0,388.0
920.0,382.0
921.0,383.0
922.0,389.0
923.0,418.0
924.0,404.0
925.0,370.0
926.0,371.0
927.0,371.0
928.0,362.0
929.0,349.0
930.0,366.0
931.0,376.0
932.0,359.0
933.0,348.0
934.0,322.0
935.0,369.0
936.0,362.0
937.0,351.0
938.0,344.0
939.0,357.0
940.0,343.0
941.0,332.0
942.0,343.0
943.0,339.0
944.0,337.0
945.0,357.0
946.0,345.0
947.0,341.0
948.0,344.0
949.0,344.0
950.0,339.0
951.0,346.0
952.0,310.0
953.0,338.0
954.0,342.0
955.0,321.0
956.0,346.0
957.0,310.0
958.0,344.0
959.0,308.0
960.0,334.0
961.0,336.0
962.0,341.0
963.0,340.0
964.0,330.0
965.0,339.0
966.0,330.0
967.0,305.0
968.0,306.0
969.0,326.0
970.0,307.0
971.0,331.0
972.0,323.0
973.0,318.0
974.0,326.0
975.0,301.0
976.0,312.0
977.0,293.0
978.0,311.0
979.0,311.0
980.0,317.0
981.0,316.0
982.0,285.0
983.0,304.0
984.0,320.0
985.0,322.0
986.0,312.0
987.0,296.0
988.0,291.0
989.0,330.0
990.0,323.0
991.0,317.0
992.0,309.0
993.0,318.0
994.0,303.0
995.0,313.0
996.0,296.0
997.0,306.0
998.0,312.0
999.0,294.0
1000.0,314.0
1001.0,311.0
1002.0,293.0
1003.0,291.0
1004.0,297.0
1005.0,284.0
1006.0,287.0
1007.0,302.0
1008.0,298.0
1009.0,304.0
1010.0,305.0
1011.0,278.0
1012.0,282.0
1013.0,311.0
1014.0,312.0
1015.0,293.0
1016.0,284.0
1017.0,299.0
1018.0,286.0
1019.0,299.0
1020.0,286.0
1021.0,285.0
1022.0,289.0
1023.0,262.0
