0.0,268.0
1.0,315.0
2.0,240.0
3.0,247.0
4.0,247.0
5.0,245.0
6.0,278.0
7.0,259.0
8.0,271.0
9.0,289.0
10.0,281.0
11.0,278.0
12.0,292.0
13.0,292.0
14.0,293.0
15.0,300.0
16.0,305.0
17.0,311.0
18.0,291.0
19.0,292.0
20.0,308.0
21.0,310.0
22.0,312.0
23.0,306.0
24.0,300.0
25.0,303.0
26.0,318.0
27.0,289.0
28.0,293.0
29.0,306.0
30.0,346.0
31.0,308.0
32.0,324.0
33.0,297.0
34.0,302.0
35.0,301.0
36.0,335.0
37.0,321.0
38.0,322.0
39.0,278.0
40.0,327.0
41.0,347.0
42.0,317.0
43.0,328.0
44.0,327.0
45.0,328.0
46.0,340.0
47.0,330.0
48.0,311.0
49.0,354.0
50.0,354.0
51.0,336.0
52.0,347.0
53.0,326.0
54.0,339.0
55.0,354.0
56.0,334.0
57.0,369.0
58.0,361.0
59.0,337.0
60.0,364.0
61.0,381.0
62.0,392.0
63.0,402.0
64.0,396.0
65.0,406.0
66.0,384.0
67.0,400.0
68.0,409.0
69.0,430.0
70.0,400.0
71.0,418.0
72.0,406.0
73.0,387.0
74.0,400.0
75.0,410.0
76.0,401.0
77.0,403.0
78.0,407.0
79.0,432.0
80.0,443.0
81.0,407.0
82.0,427.0
83.0,422.0
84.0,404.0
85.0,428.0
86.0,430.0
87.0,415.0
88.0,431.0
89.0,422.0
90.0,418.0
91.0,422.0
92.0,443.0
93.0,442.0
94.0,444.0
95.0,424.0
96.0,415.0
97.0,436.0
98.0,456.0
99.0,469.0
100.0,446.0
101.0,417.0
102.0,443.0
103.0,449.0
104.0,457.0
105.0,442.0
106.0,455.0
107.0,460.0
108.0,443.0
109.0,484.0
110.0,449.0
111.0,451.0
112.0,436.0
113.0,466.0
114.0,463.0
115.0,480.0
116.0,464.0
117.0,495.0
118.0,475.0
119.0,480.0
120.0,463.0
121.0,461.0
122.0,491.0
123.0,490.0
124.0,474.0
125.0,485.0
126.0,497.0
127.0,498.0
128.0,501.0
129.0,504.0
130.0,487.0
131.0,505.0
132.0,493.0
133.0,475.0
134.0,473.0
135.0,513.0
136.0,511.0
137.0,492.0
138.0,502.0
139.0,488.0
140.0,499.0
141.0,531.0
142.0,546.0
143.0,493.0
144.0,517.0
145.0,511.0
146.0,491.0
147.0,517.0
148.0,508.0
149.0,508.0
150.0,514.0
151.0,524.0
152.0,523.0
153.0,530.0
154.0,517.0
155.0,530.0
156.0,506.0
157.0,514.0
158.0,531.0
159.0,545.0
160.0,551.0
161.0,541.0
162.0,527.0
163.0,552.0
164.0,528.0
165.0,537.0
166.0,553.0
167.0,571.0
168.0,558.0
169.0,556.0
170.0,568.0
171.0,558.0
172.0,578.0
173.0,575.0
174.0,597.0
175.0,571.0
176.0,587.0
177.0,587.0
178.0,601.0
179.0,598.0
180.0,599.0
181.0,625.0
182.0,621.0
183.0,599.0
184.0,590.0
185.0,604.0
186.0,585.0
187.0,571.0
188.0,578.0
189.0,586.0
190.0,601.0
191.0,619.0
192.0,597.0
193.0,576.0
194.0,589.0
195.0,585.0
196.0,608.0
197.0,585.0
198.0,601.0
199.0,594.0
200.0,586.0
201.0,598.0
202.0,617.0
203.0,612.0
204.0,597.0
205.0,606.0
206.0,609.0
207.0,588.0
208.0,598.0
209.0,621.0
210.0,614.0
211.0,619.0
212.0,590.0
213.0,603.0
214.0,625.0
215.0,625.0
216.0,593.0
217.0,614.0
218.0,628.0
219.0,645.0
220.0,641.0
221.0,627.0
222.0,641.0
223.0,637.0
224.0,646.0
225.0,657.0
226.0,607.0
227.0,655.0
228.0,639.0
229.0,665.0
230.0,627.0
231.0,662.0
232.0,658.0
233.0,621.0
234.0,629.0
235.0,654.0
236.0,634.0
237.0,663.0
238.0,668.0
239.0,667.0
240.0,642.0
241.0,675.0
242.0,657.0
243.0,654.0
244.0,662.0
245.0,666.0
246.0,667.0
247.0,679.0
248.0,658.0
249.0,661.0
250.0,653.0
251.0,672.0
252.0,672.0
253.0,654.0
254.0,675.0
255.0,667.0
256.0,681.0
257.0,670.0
258.0,675.0
259.0,666.0
260.0,692.0
261.0,668.0
262.0,678.0
263.0,689.0
264.0,683.0
265.0,703.0
266.0,680.0
267.0,701.0
268.0,715.0
269.0,685.0
270.0,689.0
271.0,716.0
272.0,740.0
273.0,786.0
274.0,854.0
275.0,849.0
276.0,792.0
277.0,744.0
278.0,787.0
279.0,767.0
280.0,747.0
281.0,725.0
282.0,715.0
283.0,714.0
284.0,702.0
285.0,752.0
286.0,693.0
287.0,709.0
288.0,729.0
289.0,743.0
290.0,730.0
291.0,730.0
292.0,732.0
293.0,746.0
294.0,758.0
295.0,715.0
296.0,727.0
297.0,744.0
298.0,704.0
299.0,708.0
300.0,729.0
301.0,739.0
302.0,754.0
303.0,756.0
304.0,743.0
305.0,755.0
306.0,722.0
307.0,740.0
308.0,728.0
309.0,729.0
310.0,766.0
311.0,760.0
312.0,747.0
313.0,753.0
314.0,755.0
315.0,720.0
316.0,745.0
317.0,755.0
318.0,747.0
319.0,756.0
320.0,762.0
321.0,762.0
322.0,749.0
323.0,764.0
324.0,751.0
325.0,760.0
326.0,780.0
327.0,809.0
328.0,795.0
329.0,750.0
330.0,737.0
331.0,769.0
332.0,778.0
333.0,781.0
334.0,791.0
335.0,755.0
336.0,786.0
337.0,786.0
338.0,778.0
339.0,755.0
340.0,762.0
341.0,783.0
342.0,761.0
343.0,807.0
344.0,772.0
345.0,789.0
346.0,796.0
347.0,788.0
348.0,786.0
349.0,789.0
350.0,777.0
351.0,780.0
352.0,802.0
353.0,800.0
354.0,777.0
355.0,770.0
356.0,805.0
357.0,770.0
358.0,781.0
359.0,787.0
360.0,793.0
361.0,798.0
362.0,789.0
363.0,802.0
364.0,799.0
365.0,818.0
366.0,778.0
367.0,804.0
368.0,788.0
369.0,821.0
370.0,802.0
371.0,808.0
372.0,809.0
373.0,820.0
374.0,799.0
375.0,774.0
376.0,787.0
377.0,812.0
378.0,799.0
379.0,820.0
380.0,835.0
381.0,808.0
382.0,811.0
383.0,806.0
384.0,792.0
385.0,805.0
386.0,820.0
387.0,822.0
388.0,787.0
389.0,838.0
390.0,858.0
391.0,793.0
392.0,800.0
393.0,831.0
394.0,815.0
395.0,807.0
396.0,806.0
397.0,818.0
398.0,829.0
399.0,814.0
400.0,824.0
401.0,833.0
402.0,821.0
403.0,806.0
404.0,848.0
405.0,836.0
406.0,828.0
407.0,829.0
408.0,819.0
409.0,844.0
410.0,835.0
411.0,803.0
412.0,832.0
413.0,809.0
414.0,847.0
415.0,818.0
416.0,843.0
417.0,840.0
418.0,835.0
419.0,826.0
420.0,835.0
421.0,862.0
422.0,829.0
423.0,846.0
424.0,831.0
425.0,846.0
426.0,857.0
427.0,826.0
428.0,836.0
429.0,847.0
430.0,811.0
431.0,851.0
432.0,843.0
433.0,824.0
434.0,827.0
435.0,822.0
436.0,848.0
437.0,860.0
438.0,833.0
439.0,842.0
440.0,810.0
441.0,854.0
442.0,853.0
443.0,839.0
444.0,870.0
445.0,847.0
446.0,844.0
447.0,868.0
448.0,821.0
449.0,834.0
450.0,853.0
451.0,811.0
452.0,860.0
453.0,856.0
454.0,861.0
455.0,856.0
456.0,865.0
457.0,858.0
458.0,855.0
459.0,853.0
460.0,858.0
461.0,836.0
462.0,871.0
463.0,855.0
464.0,869.0
465.0,856.0
466.0,861.0
467.0,864.0
468.0,849.0
469.0,868.0
470.0,851.0
471.0,852.0
472.0,850.0
473.0,865.0
474.0,872.0
475.0,863.0
476.0,872.0
477.0,870.0
478.0,851.0
479.0,874.0
480.0,834.0
481.0,855.0
482.0,861.0
483.0,880.0
484.0,875.0
485.0,888.0
486.0,861.0
487.0,860.0
488.0,884.0
489.0,855.0
490.0,863.0
491.0,824.0
492.0,882.0
493.0,870.0
494.0,853.0
495.0,872.0
496.0,881.0
497.0,862.0
498.0,847.0
499.0,871.0
500.0,870.0
501.0,852.0
502.0,847.0
503.0,830.0
504.0,868.0
505.0,843.0
506.0,841.0
507.0,842.0
508.0,827.0
509.0,842.0
510.0,841.0
511.0,840.0
512.0,875.0
513.0,842.0
514.0,850.0
515.0,829.0
516.0,865.0
517.0,854.0
518.0,845.0
519.0,850.0
520.0,874.0
521.0,862.0
522.0,830.0
523.0,823.0
524.0,833.0
525.0,848.0
526.0,821.0
527.0,869.0
528.0,834.0
529.0,849.0
530.0,855.0
531.0,865.0
532.0,898.0
533.0,875.0
534.0,871.0
535.0,822.0
536.0,832.0
537.0,824.0
538.0,834.0
539.0,816.0
540.0,839.0
541.0,826.0
542.0,863.0
543.0,826.0
544.0,827.0
545.0,839.0
546.0,797.0
547.0,853.0
548.0,845.0
549.0,806.0
550.0,818.0
551.0,814.0
552.0,816.0
553.0,796.0
554.0,833.0
555.0,836.0
556.0,867.0
557.0,827.0
558.0,852.0
559.0,833.0
560.0,839.0
561.0,820.0
562.0,816.0
563.0,817.0
564.0,826.0
565.0,846.0
566.0,834.0
567.0,867.0
568.0,783.0
569.0,812.0
570.0,797.0
571.0,810.0
572.0,831.0
573.0,824.0
574.0,800.0
575.0,802.0
576.0,840.0
577.0,834.0
578.0,813.0
579.0,800.0
580.0,811.0
581.0,829.0
582.0,815.0
583.0,803.0
584.0,828.0
585.0,792.0
586.0,820.0
587.0,776.0
588.0,806.0
589.0,770.0
590.0,789.0
591.0,798.0
592.0,825.0
593.0,789.0
594.0,776.0
595.0,795.0
596.0,796.0
597.0,803.0
598.0,776.0
599.0,807.0
600.0,782.0
601.0,773.0
602.0,776.0
603.0,782.0
604.0,792.0
605.0,781.0
606.0,796.0
607.0,785.0
608.0,785.0
609.0,759.0
610.0,799.0
611.0,769.0
612.0,785.0
613.0,768.0
614.0,813.0
615.0,766.0
616.0,786.0
617.0,792.0
618.0,772.0
619.0,754.0
620.0,762.0
621.0,757.0
622.0,746.0
623.0,761.0
624.0,797.0
625.0,748.0
626.0,751.0
627.0,761.0
628.0,778.0
629.0,732.0
630.0,772.0
631.0,752.0
632.0,749.0
633.0,731.0
634.0,758.0
635.0,748.0
636.0,749.0
637.0,750.0
638.0,763.0
639.0,721.0
640.0,743.0
641.0,757.0
642.0,758.0
643.0,767.0
644.0,756.0
645.0,731.0
646.0,730.0
647.0,744.0
648.0,713.0
649.0,726.0
650.0,727.0
651.0,699.0
652.0,740.0
653.0,734.0
654.0,709.0
655.0,714.0
656.0,728.0
657.0,731.0
658.0,692.0
659.0,726.0
660.0,725.0
661.0,704.0
662.0,716.0
663.0,722.0
664.0,746.0
665.0,728.0
666.0,717.0
667.0,721.0
668.0,719.0
669.0,699.0
670.0,713.0
671.0,727.0
672.0,701.0
673.0,710.0
674.0,691.0
675.0,711.0
676.0,697.0
677.0,706.0
678.0,696.0
679.0,694.0
680.0,685.0
681.0,707.0
682.0,702.0
683.0,719.0
684.0,692.0
685.0,701.0
686.0,690.0
687.0,702.0
688.0,690.0
689.0,695.0
690.0,682.0
691.0,667.0
692.0,649.0
693.0,665.0
694.0,663.0
695.0,658.0
696.0,671.0
697.0,646.0
698.0,672.0
699.0,637.0
700.0,665.0
701.0,662.0
702.0,658.0
703.0,649.0
704.0,654.0
705.0,644.0
706.0,647.0
707.0,643.0
708.0,658.0
709.0,650.0
710.0,658.0
711.0,647.0
712.0,645.0
713.0,650.0
714.0,638.0
715.0,624.0
716.0,638.0
717.0,655.0
718.0,626.0
719.0,645.0
720.0,650.0
721.0,638.0
722.0,652.0
723.0,634.0
724.0,631.0
725.0,634.0
726.0,612.0
727.0,632.0
728.0,643.0
729.0,617.0
730.0,644.0
731.0,652.0
732.0,767.0
733.0,908.0
734.0,1008.0
735.0,850.0
736.0,666.0
737.0,611.0
738.0,632.0
739.0,616.0
740.0,605.0
741.0,617.0
742.0,602.0
743.0,590.0
744.0,614.0
745.0,572.0
746.0,576.0
747.0,564.0
748.0,594.0
749.0,622.0
750.0,563.0
751.0,593.0
752.0,576.0
753.0,589.0
754.0,575.0
755.0,595.0
756.0,565.0
757.0,575.0
758.0,571.0
759.0,576.0
760.0,585.0
761.0,564.0
762.0,566.0
763.0,537.0
764.0,561.0
765.0,580.0
766.0,527.0
767.0,537.0
768.0,550.0
769.0,572.0
770.0,574.0
771.0,564.0
772.0,544.0
773.0,555.0
774.0,542.0
775.0,534.0
776.0,564.0
777.0,541.0
778.0,519.0
779.0,527.0
780.0,526.0
781.0,544.0
782.0,534.0
783.0,514.0
784.0,521.0
785.0,540.0
786.0,514.0
787.0,530.0
788.0,505.0
789.0,535.0
790.0,534.0
791.0,496.0
792.0,510.0
793.0,521.0
794.0,524.0
795.0,528.0
796.0,510.0
797.0,518.0
798.0,483.0
799.0,522.0
800.0,534.0
801.0,498.0
802.0,506.0
803.0,519.0
804.0,506.0
805.0,493.0
806.0,502.0
807.0,491.0
808.0,493.0
809.0,496.0
810.0,495.0
811.0,513.0
812.0,496.0
813.0,472.0
814.0,489.0
815.0,461.0
816.0,482.0
817.0,478.0
818.0,479.0
819.0,458.0
820.0,463.0
821.0,453.0
822.0,478.0
823.0,465.0
824.0,463.0
825.0,465.0
826.0,455.0
827.0,467.0
828.0,461.0
829.0,462.0
830.0,481.0
831.0,447.0
832.0,464.0
833.0,456.0
834.0,456.0
835.0,472.0
836.0,467.0
837.0,555.0
838.0,581.0
839.0,545.0
840.0,488.0
841.0,436.0
842.0,426.0
843.0,410.0
844.0,437.0
845.0,439.0
846.0,457.0
847.0,447.0
848.0,436.0
849.0,407.0
850.0,418.0
851.0,426.0
852.0,436.0
853.0,434.0
854.0,421.0
855.0,400.0
856.0,436.0
857.0,391.0
858.0,437.0
859.0,399.0
860.0,386.0
861.0,412.0
862.0,396.0
863.0,417.0
864.0,413.0
865.0,422.0
866.0,406.0
867.0,425.0
868.0,409.0
869.0,418.0
870.0,388.0
871.0,391.0
872.0,397.0
873.0,376.0
874.0,396.0
875.0,416.0
876.0,399.0
877.0,423.0
878.0,429.0
879.0,417.0
880.0,395.0
881.0,373.0
882.0,387.0
883.0,374.0
884.0,377.0
885.0,402.0
886.0,366.0
887.0,368.0
888.0,377.0
889.0,398.0
890.0,370.0
891.0,390.0
892.0,359.0
893.0,352.0
894.0,372.0
895.0,370.0
896.0,376.0
897.0,389.0
898.0,365.0
899.0,370.0
900.0,360.0
901.0,371.0
902.0,353.0
903.0,361.0
904.0,362.0
905.0,358.0
906.0,368.0
907.0,352.0
908.0,366.0
909.0,348.0
910.0,336.0
911.0,349.0
912.0,342.0
913.0,385.0
914.0,338.0
915.0,366.0
916.0,342.0
917.0,358.0
918.0,381.0
919.0,354.0
920.0,350.0
921.0,369.0
922.0,372.0
923.0,383.0
924.0,469.0
925.0,630.0
926.0,814.0
927.0,1100.0
928.0,1720.0
929.0,1633.0
930.0,734.0
931.0,439.0
932.0,420.0
933.0,387.0
934.0,355.0
935.0,341.0
936.0,390.0
937.0,327.0
938.0,371.0
939.0,334.0
940.0,334.0
941.0,335.0
942.0,325.0
943.0,328.0
944.0,341.0
945.0,327.0
946.0,323.0
947.0,332.0
948.0,324.0
949.0,332.0
950.0,317.0
951.0,328.0
952.0,324.0
953.0,337.0
954.0,331.0
955.0,316.0
956.0,320.0
957.0,305.0
958.0,323.0
959.0,324.0
960.0,294.0
961.0,321.0
962.0,319.0
963.0,334.0
964.0,318.0
965.0,322.0
966.0,331.0
967.0,314.0
968.0,315.0
969.0,314.0
970.0,310.0
971.0,304.0
972.0,321.0
973.0,317.0
974.0,301.0
975.0,301.0
976.0,329.0
977.0,313.0
978.0,304.0
979.0,285.0
980.0,308.0
981.0,292.0
982.0,302.0
983.0,295.0
984.0,311.0
985.0,292.0
986.0,300.0
987.0,306.0
988.0,289.0
989.0,326.0
990.0,301.0
991.0,291.0
992.0,299.0
993.0,319.0
994.0,305.0
995.0,310.0
996.0,288.0
997.0,293.0
998.0,294.0
999.0,305.0
1000.0,307.0
1001.0,305.0
1002.0,304.0
1003.0,299.0
1004.0,304.0
1005.0,285.0
1006.0,304.0
1007.0,320.0
1008.0,306.0
1009.0,296.0
1010.0,299.0
1011.0,274.0
1012.0,281.0
1013.0,295.0
1014.0,263.0
1015.0,265.0
1016.0,295.0
1017.0,289.0
1018.0,314.0
1019.0,299.0
1020.0,292.0
1021.0,291.0
1022.0,289.0
1023.0,271.0
