0.0,125.0
1.0,169.0
2.0,193.0
3.0,232.0
4.0,211.0
5.0,212.0
6.0,242.0
7.0,228.0
8.0,237.0
9.0,239.0
10.0,242.0
11.0,230.0
12.0,241.0
13.0,256.0
14.0,235.0
15.0,240.0
16.0,252.0
17.0,241.0
18.0,234.0
19.0,260.0
20.0,240.0
21.0,251.0
22.0,262.0
23.0,267.0
24.0,248.0
25.0,263.0
26.0,251.0
27.0,263.0
28.0,259.0
29.0,265.0
30.0,270.0
31.0,243.0
32.0,277.0
33.0,255.0
34.0,260.0
35.0,285.0
36.0,278.0
37.0,285.0
38.0,294.0
39.0,300.0
40.0,296.0
41.0,314.0
42.0,288.0
43.0,317.0
44.0,316.0
45.0,322.0
46.0,295.0
47.0,322.0
48.0,299.0
49.0,309.0
50.0,297.0
51.0,320.0
52.0,320.0
53.0,318.0
54.0,275.0
55.0,318.0
56.0,312.0
57.0,336.0
58.0,307.0
59.0,314.0
60.0,323.0
61.0,312.0
62.0,334.0
63.0,319.0
64.0,344.0
65.0,358.0
66.0,423.0
67.0,637.0
68.0,966.0
69.0,1318.0
70.0,1136.0
71.0,581.0
72.0,366.0
73.0,328.0
74.0,315.0
75.0,339.0
76.0,336.0
77.0,311.0
78.0,319.0
79.0,342.0
80.0,347.0
81.0,327.0
82.0,338.0
83.0,342.0
84.0,327.0
85.0,349.0
86.0,340.0
87.0,332.0
88.0,337.0
89.0,336.0
90.0,338.0
91.0,348.0
92.0,349.0
93.0,369.0
94.0,335.0
95.0,349.0
96.0,347.0
97.0,350.0
98.0,353.0
99.0,343.0
100.0,365.0
101.0,352.0
102.0,342.0
103.0,344.0
104.0,351.0
105.0,345.0
106.0,353.0
107.0,335.0
108.0,371.0
109.0,337.0
110.0,388.0
111.0,369.0
112.0,347.0
113.0,371.0
114.0,361.0
115.0,372.0
116.0,363.0
117.0,387.0
118.0,360.0
119.0,357.0
120.0,344.0
121.0,385.0
122.0,376.0
123.0,381.0
124.0,384.0
125.0,382.0
126.0,368.0
127.0,376.0
128.0,386.0
129.0,377.0
130.0,391.0
131.0,371.0
132.0,400.0
133.0,366.0
134.0,370.0
135.0,409.0
136.0,417.0
137.0,376.0
138.0,384.0
139.0,395.0
140.0,368.0
141.0,389.0
142.0,410.0
143.0,379.0
144.0,394.0
145.0,405.0
146.0,438.0
147.0,402.0
148.0,401.0
149.0,408.0
150.0,396.0
151.0,419.0
152.0,402.0
153.0,414.0
154.0,428.0
155.0,436.0
156.0,432.0
157.0,411.0
158.0,418.0
159.0,421.0
160.0,421.0
161.0,421.0
162.0,432.0
163.0,423.0
164.0,408.0
165.0,435.0
166.0,416.0
167.0,440.0
168.0,455.0
169.0,442.0
170.0,441.0
171.0,462.0
172.0,444.0
173.0,454.0
174.0,433.0
175.0,452.0
176.0,428.0
177.0,453.0
178.0,433.0
179.0,458.0
180.0,477.0
181.0,445.0
182.0,461.0
183.0,464.0
184.0,465.0
185.0,455.0
186.0,466.0
187.0,459.0
188.0,456.0
189.0,471.0
190.0,464.0
191.0,505.0
192.0,466.0
193.0,464.0
194.0,454.0
195.0,475.0
196.0,480.0
197.0,503.0
198.0,503.0
199.0,503.0
200.0,487.0
201.0,487.0
202.0,517.0
203.0,515.0
204.0,520.0
205.0,558.0
206.0,538.0
207.0,573.0
208.0,591.0
209.0,753.0
210.0,1274.0
211.0,2791.0
212.0,5122.0
213.0,5106.0
214.0,2399.0
215.0,738.0
216.0,548.0
217.0,537.0
218.0,545.0
219.0,567.0
220.0,544.0
221.0,546.0
222.0,510.0
223.0,558.0
224.0,539.0
225.0,566.0
226.0,580.0
227.0,570.0
228.0,561.0
229.0,621.0
230.0,566.0
231.0,580.0
232.0,571.0
233.0,590.0
234.0,587.0
235.0,607.0
236.0,609.0
237.0,605.0
238.0,635.0
239.0,634.0
240.0,648.0
241.0,645.0
242.0,648.0
243.0,670.0
244.0,652.0
245.0,682.0
246.0,711.0
247.0,745.0
248.0,801.0
249.0,856.0
250.0,979.0
251.0,1088.0
252.0,1295.0
253.0,1834.0
254.0,3620.0
255.0,10363.0
256.0,29478.0
257.0,55215.0
258.0,50918.0
259.0,18637.0
260.0,2435.0
261.0,1054.0
262.0,849.0
263.0,809.0
264.0,737.0
265.0,683.0
266.0,716.0
267.0,685.0
268.0,668.0
269.0,653.0
270.0,652.0
271.0,683.0
272.0,635.0
273.0,643.0
274.0,617.0
275.0,658.0
276.0,628.0
277.0,604.0
278.0,608.0
279.0,609.0
280.0,587.0
281.0,591.0
282.0,603.0
283.0,605.0
284.0,607.0
285.0,622.0
286.0,636.0
287.0,611.0
288.0,631.0
289.0,619.0
290.0,624.0
291.0,609.0
292.0,603.0
293.0,604.0
294.0,581.0
295.0,606.0
296.0,621.0
297.0,595.0
298.0,586.0
299.0,584.0
300.0,581.0
301.0,609.0
302.0,584.0
303.0,592.0
304.0,603.0
305.0,599.0
306.0,588.0
307.0,598.0
308.0,593.0
309.0,595.0
310.0,609.0
311.0,596.0
312.0,588.0
313.0,617.0
314.0,615.0
315.0,620.0
316.0,604.0
317.0,600.0
318.0,591.0
319.0,589.0
320.0,603.0
321.0,578.0
322.0,582.0
323.0,582.0
324.0,596.0
325.0,628.0
326.0,609.0
327.0,606.0
328.0,583.0
329.0,603.0
330.0,569.0
331.0,579.0
332.0,592.0
333.0,604.0
334.0,588.0
335.0,582.0
336.0,614.0
337.0,607.0
338.0,570.0
339.0,598.0
340.0,587.0
341.0,606.0
342.0,595.0
343.0,588.0
344.0,616.0
345.0,598.0
346.0,637.0
347.0,614.0
348.0,618.0
349.0,610.0
350.0,606.0
351.0,592.0
352.0,599.0
353.0,594.0
354.0,609.0
355.0,628.0
356.0,613.0
357.0,634.0
358.0,607.0
359.0,614.0
360.0,600.0
361.0,610.0
362.0,599.0
363.0,606.0
364.0,627.0
365.0,610.0
366.0,582.0
367.0,622.0
368.0,606.0
369.0,592.0
370.0,613.0
371.0,568.0
372.0,603.0
373.0,603.0
374.0,623.0
375.0,623.0
376.0,622.0
377.0,624.0
378.0,606.0
379.0,597.0
380.0,614.0
381.0,624.0
382.0,617.0
383.0,607.0
384.0,602.0
385.0,601.0
386.0,640.0
387.0,635.0
388.0,589.0
389.0,620.0
390.0,613.0
391.0,600.0
392.0,615.0
393.0,613.0
394.0,618.0
395.0,624.0
396.0,647.0
397.0,634.0
398.0,620.0
399.0,658.0
400.0,656.0
401.0,638.0
402.0,641.0
403.0,643.0
404.0,651.0
405.0,656.0
406.0,628.0
407.0,643.0
408.0,618.0
409.0,634.0
410.0,655.0
411.0,628.0
412.0,649.0
413.0,635.0
414.0,644.0
415.0,659.0
416.0,662.0
417.0,650.0
418.0,665.0
419.0,641.0
420.0,662.0
421.0,667.0
422.0,655.0
423.0,680.0
424.0,674.0
425.0,640.0
426.0,687.0
427.0,677.0
428.0,652.0
429.0,649.0
430.0,671.0
431.0,681.0
432.0,679.0
433.0,666.0
434.0,695.0
435.0,686.0
436.0,666.0
437.0,692.0
438.0,679.0
439.0,710.0
440.0,671.0
441.0,707.0
442.0,691.0
443.0,711.0
444.0,697.0
445.0,717.0
446.0,719.0
447.0,687.0
448.0,725.0
449.0,742.0
450.0,704.0
451.0,707.0
452.0,753.0
453.0,716.0
454.0,714.0
455.0,738.0
456.0,709.0
457.0,739.0
458.0,725.0
459.0,724.0
460.0,727.0
461.0,728.0
462.0,694.0
463.0,725.0
464.0,731.0
465.0,744.0
466.0,699.0
467.0,715.0
468.0,706.0
469.0,706.0
470.0,733.0
471.0,703.0
472.0,677.0
473.0,679.0
474.0,715.0
475.0,681.0
476.0,683.0
477.0,679.0
478.0,691.0
479.0,701.0
480.0,681.0
481.0,672.0
482.0,648.0
483.0,658.0
484.0,666.0
485.0,647.0
486.0,677.0
487.0,667.0
488.0,656.0
489.0,668.0
490.0,653.0
491.0,677.0
492.0,662.0
493.0,662.0
494.0,659.0
495.0,672.0
496.0,631.0
497.0,662.0
498.0,633.0
499.0,677.0
500.0,646.0
501.0,646.0
502.0,641.0
503.0,645.0
504.0,639.0
505.0,655.0
506.0,644.0
507.0,639.0
508.0,636.0
509.0,637.0
510.0,640.0
511.0,608.0
512.0,659.0
513.0,642.0
514.0,600.0
515.0,657.0
516.0,656.0
517.0,665.0
518.0,609.0
519.0,630.0
520.0,656.0
521.0,646.0
522.0,630.0
523.0,640.0
524.0,626.0
525.0,638.0
526.0,629.0
527.0,620.0
528.0,668.0
529.0,661.0
530.0,645.0
531.0,631.0
532.0,638.0
533.0,619.0
534.0,623.0
535.0,615.0
536.0,638.0
537.0,627.0
538.0,644.0
539.0,636.0
540.0,631.0
541.0,648.0
542.0,628.0
543.0,591.0
544.0,623.0
545.0,619.0
546.0,632.0
547.0,632.0
548.0,605.0
549.0,610.0
550.0,603.0
551.0,607.0
552.0,605.0
553.0,632.0
554.0,618.0
555.0,602.0
556.0,597.0
557.0,603.0
558.0,600.0
559.0,615.0
560.0,614.0
561.0,583.0
562.0,605.0
563.0,597.0
564.0,607.0
565.0,613.0
566.0,601.0
567.0,607.0
568.0,600.0
569.0,592.0
570.0,593.0
571.0,589.0
572.0,615.0
573.0,593.0
574.0,570.0
575.0,586.0
576.0,598.0
577.0,586.0
578.0,582.0
579.0,576.0
580.0,595.0
581.0,599.0
582.0,574.0
583.0,564.0
584.0,569.0
585.0,589.0
586.0,579.0
587.0,571.0
588.0,568.0
589.0,605.0
590.0,574.0
591.0,573.0
592.0,587.0
593.0,599.0
594.0,586.0
595.0,570.0
596.0,594.0
597.0,559.0
598.0,580.0
599.0,557.0
600.0,552.0
601.0,583.0
602.0,534.0
603.0,554.0
604.0,581.0
605.0,571.0
606.0,554.0
607.0,561.0
608.0,568.0
609.0,568.0
610.0,537.0
611.0,548.0
612.0,537.0
613.0,528.0
614.0,558.0
615.0,556.0
616.0,542.0
617.0,529.0
618.0,542.0
619.0,564.0
620.0,551.0
621.0,533.0
622.0,540.0
623.0,544.0
624.0,561.0
625.0,526.0
626.0,542.0
627.0,540.0
628.0,537.0
629.0,547.0
630.0,549.0
631.0,553.0
632.0,555.0
633.0,553.0
634.0,533.0
635.0,530.0
636.0,537.0
637.0,556.0
638.0,553.0
639.0,559.0
640.0,537.0
641.0,527.0
642.0,549.0
643.0,512.0
644.0,520.0
645.0,541.0
646.0,527.0
647.0,531.0
648.0,507.0
649.0,534.0
650.0,518.0
651.0,526.0
652.0,520.0
653.0,537.0
654.0,499.0
655.0,559.0
656.0,528.0
657.0,517.0
658.0,499.0
659.0,546.0
660.0,524.0
661.0,536.0
662.0,507.0
663.0,542.0
664.0,506.0
665.0,498.0
666.0,511.0
667.0,487.0
668.0,502.0
669.0,489.0
670.0,503.0
671.0,477.0
672.0,498.0
673.0,515.0
674.0,488.0
675.0,483.0
676.0,504.0
677.0,493.0
678.0,489.0
679.0,510.0
680.0,487.0
681.0,503.0
682.0,501.0
683.0,503.0
684.0,476.0
685.0,493.0
686.0,495.0
687.0,482.0
688.0,493.0
689.0,499.0
690.0,492.0
691.0,482.0
692.0,489.0
693.0,483.0
694.0,496.0
695.0,485.0
696.0,481.0
697.0,501.0
698.0,495.0
699.0,476.0
700.0,481.0
701.0,485.0
702.0,474.0
703.0,478.0
704.0,471.0
705.0,449.0
706.0,466.0
707.0,490.0
708.0,485.0
709.0,480.0
710.0,459.0
711.0,482.0
712.0,476.0
713.0,460.0
714.0,457.0
715.0,473.0
716.0,481.0
717.0,456.0
718.0,473.0
719.0,463.0
720.0,468.0
721.0,468.0
722.0,465.0
723.0,438.0
724.0,458.0
725.0,488.0
726.0,480.0
727.0,463.0
728.0,474.0
729.0,464.0
730.0,470.0
731.0,467.0
732.0,446.0
733.0,458.0
734.0,442.0
735.0,473.0
736.0,479.0
737.0,467.0
738.0,433.0
739.0,463.0
740.0,455.0
741.0,466.0
742.0,448.0
743.0,470.0
744.0,440.0
745.0,444.0
746.0,456.0
747.0,453.0
748.0,466.0
749.0,459.0
750.0,441.0
751.0,461.0
752.0,442.0
753.0,452.0
754.0,443.0
755.0,442.0
756.0,406.0
757.0,453.0
758.0,456.0
759.0,420.0
760.0,448.0
761.0,429.0
762.0,443.0
763.0,429.0
764.0,431.0
765.0,405.0
766.0,439.0
767.0,448.0
768.0,420.0
769.0,463.0
770.0,440.0
771.0,449.0
772.0,444.0
773.0,423.0
774.0,440.0
775.0,422.0
776.0,434.0
777.0,436.0
778.0,425.0
779.0,417.0
780.0,428.0
781.0,410.0
782.0,427.0
783.0,416.0
784.0,423.0
785.0,409.0
786.0,436.0
787.0,408.0
788.0,396.0
789.0,402.0
790.0,376.0
791.0,424.0
792.0,402.0
793.0,395.0
794.0,389.0
795.0,387.0
796.0,398.0
797.0,385.0
798.0,399.0
799.0,406.0
800.0,397.0
801.0,403.0
802.0,401.0
803.0,394.0
804.0,396.0
805.0,390.0
806.0,411.0
807.0,391.0
808.0,374.0
809.0,405.0
810.0,396.0
811.0,407.0
812.0,360.0
813.0,387.0
814.0,393.0
815.0,376.0
816.0,361.0
817.0,394.0
818.0,371.0
819.0,356.0
820.0,373.0
821.0,383.0
822.0,370.0
823.0,371.0
824.0,374.0
825.0,367.0
826.0,388.0
827.0,360.0
828.0,366.0
829.0,367.0
830.0,376.0
831.0,353.0
832.0,384.0
833.0,357.0
834.0,367.0
835.0,368.0
836.0,349.0
837.0,375.0
838.0,355.0
839.0,366.0
840.0,350.0
841.0,338.0
842.0,372.0
843.0,341.0
844.0,359.0
845.0,362.0
846.0,380.0
847.0,348.0
848.0,340.0
849.0,337.0
850.0,357.0
851.0,348.0
852.0,375.0
853.0,358.0
854.0,368.0
855.0,365.0
856.0,366.0
857.0,365.0
858.0,347.0
859.0,362.0
860.0,367.0
861.0,321.0
862.0,364.0
863.0,337.0
864.0,325.0
865.0,331.0
866.0,333.0
867.0,319.0
868.0,349.0
869.0,363.0
870.0,347.0
871.0,330.0
872.0,329.0
873.0,327.0
874.0,326.0
875.0,329.0
876.0,329.0
877.0,338.0
878.0,339.0
879.0,344.0
880.0,336.0
881.0,323.0
882.0,327.0
883.0,350.0
884.0,339.0
885.0,327.0
886.0,325.0
887.0,318.0
888.0,358.0
889.0,331.0
890.0,348.0
891.0,326.0
892.0,330.0
893.0,325.0
894.0,326.0
895.0,338.0
896.0,333.0
897.0,331.0
898.0,327.0
899.0,347.0
900.0,362.0
901.0,336.0
902.0,345.0
903.0,319.0
904.0,323.0
905.0,327.0
906.0,340.0
907.0,338.0
908.0,348.0
909.0,338.0
910.0,330.0
911.0,333.0
912.0,321.0
913.0,311.0
914.0,339.0
915.0,314.0
916.0,322.0
917.0,329.0
918.0,329.0
919.0,355.0
920.0,325.0
921.0,328.0
922.0,335.0
923.0,326.0
924.0,313.0
925.0,337.0
926.0,333.0
927.0,314.0
928.0,314.0
929.0,321.0
930.0,318.0
931.0,327.0
932.0,329.0
933.0,321.0
934.0,309.0
935.0,301.0
936.0,310.0
937.0,310.0
938.0,341.0
939.0,348.0
940.0,312.0
941.0,332.0
942.0,325.0
943.0,301.0
944.0,322.0
945.0,327.0
946.0,322.0
947.0,322.0
948.0,329.0
949.0,317.0
950.0,309.0
951.0,321.0
952.0,323.0
953.0,332.0
954.0,321.0
955.0,320.0
956.0,337.0
957.0,329.0
958.0,327.0
959.0,318.0
960.0,324.0
961.0,313.0
962.0,351.0
963.0,314.0
964.0,345.0
965.0,312.0
966.0,303.0
967.0,303.0
968.0,355.0
969.0,336.0
970.0,308.0
971.0,303.0
972.0,330.0
973.0,306.0
974.0,312.0
975.0,314.0
976.0,316.0
977.0,315.0
978.0,311.0
979.0,324.0
980.0,321.0
981.0,316.0
982.0,337.0
983.0,335.0
984.0,325.0
985.0,318.0
986.0,305.0
987.0,308.0
988.0,318.0
989.0,320.0
990.0,297.0
991.0,309.0
992.0,306.0
993.0,326.0
994.0,332.0
995.0,318.0
996.0,317.0
997.0,340.0
998.0,327.0
999.0,322.0
1000.0,311.0
1001.0,324.0
1002.0,314.0
1003.0,328.0
1004.0,316.0
1005.0,320.0
1006.0,302.0
1007.0,318.0
1008.0,310.0
1009.0,314.0
1010.0,311.0
1011.0,306.0
1012.0,333.0
1013.0,304.0
1014.0,313.0
1015.0,323.0
1016.0,329.0
1017.0,313.0
1018.0,307.0
1019.0,306.0
1020.0,308.0
1021.0,297.0
1022.0,303.0
1023.0,320.0
