0.0,119.0
1.0,166.0
2.0,208.0
3.0,200.0
4.0,237.0
5.0,221.0
6.0,244.0
7.0,242.0
8.0,257.0
9.0,263.0
10.0,255.0
11.0,276.0
12.0,269.0
13.0,257.0
14.0,270.0
15.0,263.0
16.0,285.0
17.0,273.0
18.0,260.0
19.0,288.0
20.0,281.0
21.0,266.0
22.0,249.0
23.0,285.0
24.0,275.0
25.0,305.0
26.0,299.0
27.0,293.0
28.0,296.0
29.0,269.0
30.0,288.0
31.0,297.0
32.0,308.0
33.0,306.0
34.0,292.0
35.0,303.0
36.0,310.0
37.0,296.0
38.0,290.0
39.0,288.0
40.0,331.0
41.0,317.0
42.0,294.0
43.0,293.0
44.0,299.0
45.0,314.0
46.0,297.0
47.0,312.0
48.0,326.0
49.0,323.0
50.0,335.0
51.0,319.0
52.0,324.0
53.0,337.0
54.0,340.0
55.0,324.0
56.0,317.0
57.0,349.0
58.0,364.0
59.0,372.0
60.0,369.0
61.0,367.0
62.0,380.0
63.0,369.0
64.0,372.0
65.0,374.0
66.0,376.0
67.0,381.0
68.0,375.0
69.0,338.0
70.0,381.0
71.0,398.0
72.0,371.0
73.0,378.0
74.0,384.0
75.0,392.0
76.0,403.0
77.0,378.0
78.0,375.0
79.0,394.0
80.0,390.0
81.0,396.0
82.0,396.0
83.0,401.0
84.0,419.0
85.0,394.0
86.0,402.0
87.0,408.0
88.0,405.0
89.0,404.0
90.0,411.0
91.0,369.0
92.0,372.0
93.0,410.0
94.0,398.0
95.0,437.0
96.0,415.0
97.0,407.0
98.0,393.0
99.0,434.0
100.0,440.0
101.0,404.0
102.0,436.0
103.0,408.0
104.0,443.0
105.0,419.0
106.0,431.0
107.0,443.0
108.0,421.0
109.0,428.0
110.0,435.0
111.0,431.0
112.0,456.0
113.0,421.0
114.0,427.0
115.0,449.0
116.0,443.0
117.0,461.0
118.0,435.0
119.0,459.0
120.0,446.0
121.0,446.0
122.0,452.0
123.0,446.0
124.0,456.0
125.0,455.0
126.0,463.0
127.0,444.0
128.0,484.0
129.0,453.0
130.0,484.0
131.0,481.0
132.0,473.0
133.0,465.0
134.0,467.0
135.0,484.0
136.0,468.0
137.0,471.0
138.0,466.0
139.0,466.0
140.0,479.0
141.0,481.0
142.0,497.0
143.0,467.0
144.0,534.0
145.0,482.0
146.0,491.0
147.0,489.0
148.0,472.0
149.0,517.0
150.0,497.0
151.0,489.0
152.0,526.0
153.0,506.0
154.0,483.0
155.0,507.0
156.0,522.0
157.0,501.0
158.0,500.0
159.0,509.0
160.0,497.0
161.0,519.0
162.0,545.0
163.0,546.0
164.0,547.0
165.0,549.0
166.0,537.0
167.0,519.0
168.0,496.0
169.0,555.0
170.0,525.0
171.0,531.0
172.0,539.0
173.0,551.0
174.0,541.0
175.0,575.0
176.0,559.0
177.0,545.0
178.0,545.0
179.0,552.0
180.0,516.0
181.0,538.0
182.0,558.0
183.0,561.0
184.0,575.0
185.0,577.0
186.0,550.0
187.0,555.0
188.0,574.0
189.0,569.0
190.0,583.0
191.0,554.0
192.0,588.0
193.0,603.0
194.0,604.0
195.0,588.0
196.0,564.0
197.0,624.0
198.0,610.0
199.0,624.0
200.0,637.0
201.0,671.0
202.0,756.0
203.0,1102.0
204.0,2057.0
205.0,3760.0
206.0,4053.0
207.0,2342.0
208.0,906.0
209.0,685.0
210.0,630.0
211.0,602.0
212.0,600.0
213.0,590.0
214.0,610.0
215.0,586.0
216.0,626.0
217.0,621.0
218.0,623.0
219.0,601.0
220.0,602.0
221.0,629.0
222.0,656.0
223.0,616.0
224.0,615.0
225.0,639.0
226.0,618.0
227.0,619.0
228.0,620.0
229.0,623.0
230.0,615.0
231.0,652.0
232.0,661.0
233.0,626.0
234.0,644.0
235.0,644.0
236.0,646.0
237.0,640.0
238.0,653.0
239.0,632.0
240.0,639.0
241.0,640.0
242.0,654.0
243.0,650.0
244.0,643.0
245.0,627.0
246.0,646.0
247.0,654.0
248.0,652.0
249.0,654.0
250.0,682.0
251.0,671.0
252.0,663.0
253.0,725.0
254.0,847.0
255.0,946.0
256.0,884.0
257.0,737.0
258.0,695.0
259.0,681.0
260.0,684.0
261.0,689.0
262.0,673.0
263.0,665.0
264.0,666.0
265.0,704.0
266.0,678.0
267.0,674.0
268.0,700.0
269.0,719.0
270.0,707.0
271.0,704.0
272.0,733.0
273.0,749.0
274.0,744.0
275.0,743.0
276.0,718.0
277.0,698.0
278.0,720.0
279.0,695.0
280.0,685.0
281.0,708.0
282.0,702.0
283.0,718.0
284.0,745.0
285.0,774.0
286.0,789.0
287.0,799.0
288.0,736.0
289.0,700.0
290.0,720.0
291.0,731.0
292.0,717.0
293.0,699.0
294.0,716.0
295.0,717.0
296.0,710.0
297.0,727.0
298.0,725.0
299.0,734.0
300.0,730.0
301.0,711.0
302.0,729.0
303.0,700.0
304.0,713.0
305.0,754.0
306.0,736.0
307.0,751.0
308.0,731.0
309.0,716.0
310.0,718.0
311.0,739.0
312.0,757.0
313.0,730.0
314.0,719.0
315.0,734.0
316.0,721.0
317.0,753.0
318.0,740.0
319.0,723.0
320.0,754.0
321.0,729.0
322.0,765.0
323.0,744.0
324.0,716.0
325.0,771.0
326.0,759.0
327.0,753.0
328.0,739.0
329.0,746.0
330.0,786.0
331.0,742.0
332.0,766.0
333.0,774.0
334.0,767.0
335.0,754.0
336.0,769.0
337.0,763.0
338.0,737.0
339.0,771.0
340.0,759.0
341.0,744.0
342.0,729.0
343.0,770.0
344.0,777.0
345.0,802.0
346.0,797.0
347.0,762.0
348.0,791.0
349.0,767.0
350.0,794.0
351.0,770.0
352.0,791.0
353.0,782.0
354.0,795.0
355.0,788.0
356.0,800.0
357.0,783.0
358.0,778.0
359.0,755.0
360.0,765.0
361.0,781.0
362.0,800.0
363.0,774.0
364.0,806.0
365.0,778.0
366.0,802.0
367.0,747.0
368.0,800.0
369.0,797.0
370.0,782.0
371.0,816.0
372.0,784.0
373.0,798.0
374.0,787.0
375.0,808.0
376.0,796.0
377.0,783.0
378.0,790.0
379.0,761.0
380.0,810.0
381.0,796.0
382.0,801.0
383.0,799.0
384.0,793.0
385.0,791.0
386.0,813.0
387.0,822.0
388.0,801.0
389.0,804.0
390.0,814.0
391.0,788.0
392.0,832.0
393.0,823.0
394.0,830.0
395.0,806.0
396.0,819.0
397.0,828.0
398.0,797.0
399.0,774.0
400.0,825.0
401.0,852.0
402.0,794.0
403.0,848.0
404.0,816.0
405.0,843.0
406.0,812.0
407.0,822.0
408.0,796.0
409.0,854.0
410.0,807.0
411.0,807.0
412.0,811.0
413.0,828.0
414.0,801.0
415.0,792.0
416.0,834.0
417.0,813.0
418.0,833.0
419.0,801.0
420.0,843.0
421.0,844.0
422.0,832.0
423.0,857.0
424.0,805.0
425.0,816.0
426.0,805.0
427.0,804.0
428.0,826.0
429.0,839.0
430.0,833.0
431.0,833.0
432.0,798.0
433.0,823.0
434.0,821.0
435.0,804.0
436.0,790.0
437.0,838.0
438.0,824.0
439.0,809.0
440.0,845.0
441.0,837.0
442.0,811.0
443.0,830.0
444.0,805.0
445.0,847.0
446.0,841.0
447.0,847.0
448.0,843.0
449.0,808.0
450.0,815.0
451.0,832.0
452.0,805.0
453.0,824.0
454.0,825.0
455.0,823.0
456.0,840.0
457.0,825.0
458.0,803.0
459.0,837.0
460.0,839.0
461.0,846.0
462.0,854.0
463.0,830.0
464.0,816.0
465.0,824.0
466.0,817.0
467.0,845.0
468.0,804.0
469.0,856.0
470.0,824.0
471.0,823.0
472.0,809.0
473.0,795.0
474.0,800.0
475.0,819.0
476.0,803.0
477.0,798.0
478.0,788.0
479.0,797.0
480.0,822.0
481.0,811.0
482.0,838.0
483.0,832.0
484.0,820.0
485.0,832.0
486.0,844.0
487.0,804.0
488.0,832.0
489.0,843.0
490.0,826.0
491.0,804.0
492.0,792.0
493.0,804.0
494.0,794.0
495.0,801.0
496.0,814.0
497.0,835.0
498.0,806.0
499.0,754.0
500.0,819.0
501.0,865.0
502.0,837.0
503.0,849.0
504.0,837.0
505.0,894.0
506.0,888.0
507.0,861.0
508.0,852.0
509.0,841.0
510.0,814.0
511.0,823.0
512.0,817.0
513.0,792.0
514.0,799.0
515.0,849.0
516.0,790.0
517.0,775.0
518.0,801.0
519.0,841.0
520.0,788.0
521.0,824.0
522.0,817.0
523.0,800.0
524.0,840.0
525.0,818.0
526.0,830.0
527.0,791.0
528.0,800.0
529.0,822.0
530.0,809.0
531.0,802.0
532.0,790.0
533.0,791.0
534.0,791.0
535.0,777.0
536.0,814.0
537.0,788.0
538.0,820.0
539.0,814.0
540.0,814.0
541.0,781.0
542.0,771.0
543.0,847.0
544.0,797.0
545.0,805.0
546.0,800.0
547.0,799.0
548.0,760.0
549.0,805.0
550.0,768.0
551.0,797.0
552.0,807.0
553.0,789.0
554.0,777.0
555.0,817.0
556.0,810.0
557.0,803.0
558.0,790.0
559.0,793.0
560.0,812.0
561.0,763.0
562.0,799.0
563.0,770.0
564.0,764.0
565.0,811.0
566.0,769.0
567.0,785.0
568.0,798.0
569.0,775.0
570.0,765.0
571.0,784.0
572.0,760.0
573.0,819.0
574.0,795.0
575.0,770.0
576.0,794.0
577.0,778.0
578.0,768.0
579.0,768.0
580.0,780.0
581.0,773.0
582.0,795.0
583.0,748.0
584.0,806.0
585.0,756.0
586.0,767.0
587.0,785.0
588.0,778.0
589.0,737.0
590.0,714.0
591.0,768.0
592.0,782.0
593.0,743.0
594.0,777.0
595.0,781.0
596.0,793.0
597.0,779.0
598.0,764.0
599.0,784.0
600.0,781.0
601.0,762.0
602.0,723.0
603.0,747.0
604.0,741.0
605.0,734.0
606.0,733.0
607.0,742.0
608.0,760.0
609.0,721.0
610.0,731.0
611.0,756.0
612.0,765.0
613.0,731.0
614.0,719.0
615.0,722.0
616.0,727.0
617.0,749.0
618.0,728.0
619.0,742.0
620.0,731.0
621.0,704.0
622.0,715.0
623.0,705.0
624.0,721.0
625.0,702.0
626.0,740.0
627.0,706.0
628.0,736.0
629.0,726.0
630.0,725.0
631.0,730.0
632.0,728.0
633.0,738.0
634.0,708.0
635.0,694.0
636.0,744.0
637.0,692.0
638.0,709.0
639.0,718.0
640.0,705.0
641.0,734.0
642.0,695.0
643.0,703.0
644.0,712.0
645.0,683.0
646.0,711.0
647.0,697.0
648.0,697.0
649.0,707.0
650.0,683.0
651.0,668.0
652.0,708.0
653.0,681.0
654.0,704.0
655.0,700.0
656.0,685.0
657.0,705.0
658.0,698.0
659.0,704.0
660.0,678.0
661.0,678.0
662.0,665.0
663.0,656.0
664.0,684.0
665.0,690.0
666.0,702.0
667.0,682.0
668.0,668.0
669.0,682.0
670.0,663.0
671.0,666.0
672.0,663.0
673.0,655.0
674.0,663.0
675.0,698.0
676.0,657.0
677.0,646.0
678.0,664.0
679.0,637.0
680.0,642.0
681.0,670.0
682.0,644.0
683.0,638.0
684.0,637.0
685.0,646.0
686.0,659.0
687.0,663.0
688.0,653.0
689.0,652.0
690.0,650.0
691.0,665.0
692.0,642.0
693.0,637.0
694.0,643.0
695.0,651.0
696.0,649.0
697.0,617.0
698.0,645.0
699.0,630.0
700.0,617.0
701.0,589.0
702.0,617.0
703.0,625.0
704.0,619.0
705.0,608.0
706.0,644.0
707.0,636.0
708.0,605.0
709.0,612.0
710.0,615.0
711.0,625.0
712.0,622.0
713.0,621.0
714.0,609.0
715.0,612.0
716.0,599.0
717.0,607.0
718.0,609.0
719.0,591.0
720.0,595.0
721.0,592.0
722.0,618.0
723.0,630.0
724.0,580.0
725.0,584.0
726.0,632.0
727.0,618.0
728.0,623.0
729.0,702.0
730.0,933.0
731.0,1764.0
732.0,3485.0
733.0,3289.0
734.0,1481.0
735.0,673.0
736.0,614.0
737.0,591.0
738.0,578.0
739.0,585.0
740.0,587.0
741.0,568.0
742.0,575.0
743.0,563.0
744.0,555.0
745.0,539.0
746.0,559.0
747.0,560.0
748.0,571.0
749.0,540.0
750.0,551.0
751.0,564.0
752.0,530.0
753.0,535.0
754.0,525.0
755.0,547.0
756.0,552.0
757.0,539.0
758.0,551.0
759.0,544.0
760.0,550.0
761.0,515.0
762.0,547.0
763.0,517.0
764.0,538.0
765.0,515.0
766.0,494.0
767.0,505.0
768.0,496.0
769.0,512.0
770.0,524.0
771.0,514.0
772.0,518.0
773.0,498.0
774.0,534.0
775.0,510.0
776.0,504.0
777.0,480.0
778.0,498.0
779.0,521.0
780.0,515.0
781.0,489.0
782.0,505.0
783.0,481.0
784.0,490.0
785.0,524.0
786.0,478.0
787.0,483.0
788.0,500.0
789.0,473.0
790.0,490.0
791.0,486.0
792.0,510.0
793.0,505.0
794.0,480.0
795.0,517.0
796.0,468.0
797.0,461.0
798.0,476.0
799.0,496.0
800.0,483.0
801.0,489.0
802.0,479.0
803.0,484.0
804.0,493.0
805.0,478.0
806.0,486.0
807.0,535.0
808.0,527.0
809.0,564.0
810.0,651.0
811.0,1098.0
812.0,2506.0
813.0,5129.0
814.0,5170.0
815.0,2146.0
816.0,699.0
817.0,537.0
818.0,492.0
819.0,472.0
820.0,447.0
821.0,439.0
822.0,425.0
823.0,428.0
824.0,454.0
825.0,450.0
826.0,434.0
827.0,438.0
828.0,441.0
829.0,418.0
830.0,419.0
831.0,453.0
832.0,438.0
833.0,437.0
834.0,406.0
835.0,412.0
836.0,412.0
837.0,402.0
838.0,426.0
839.0,410.0
840.0,426.0
841.0,411.0
842.0,399.0
843.0,416.0
844.0,429.0
845.0,432.0
846.0,373.0
847.0,412.0
848.0,397.0
849.0,401.0
850.0,381.0
851.0,396.0
852.0,399.0
853.0,390.0
854.0,389.0
855.0,379.0
856.0,406.0
857.0,393.0
858.0,368.0
859.0,402.0
860.0,376.0
861.0,382.0
862.0,372.0
863.0,401.0
864.0,382.0
865.0,391.0
866.0,390.0
867.0,384.0
868.0,373.0
869.0,381.0
870.0,391.0
871.0,380.0
872.0,372.0
873.0,368.0
874.0,373.0
875.0,368.0
876.0,363.0
877.0,373.0
878.0,362.0
879.0,372.0
880.0,365.0
881.0,354.0
882.0,381.0
883.0,374.0
884.0,371.0
885.0,373.0
886.0,376.0
887.0,359.0
888.0,365.0
889.0,355.0
890.0,358.0
891.0,348.0
892.0,356.0
893.0,346.0
894.0,370.0
895.0,356.0
896.0,351.0
897.0,346.0
898.0,345.0
899.0,345.0
900.0,360.0
901.0,338.0
902.0,358.0
903.0,325.0
904.0,356.0
905.0,347.0
906.0,345.0
907.0,333.0
908.0,338.0
909.0,335.0
910.0,320.0
911.0,346.0
912.0,323.0
913.0,331.0
914.0,327.0
915.0,319.0
916.0,332.0
917.0,348.0
918.0,331.0
919.0,346.0
920.0,328.0
921.0,310.0
922.0,339.0
923.0,332.0
924.0,328.0
925.0,318.0
926.0,331.0
927.0,328.0
928.0,321.0
929.0,309.0
930.0,336.0
931.0,320.0
932.0,339.0
933.0,329.0
934.0,316.0
935.0,334.0
936.0,303.0
937.0,355.0
938.0,317.0
939.0,321.0
940.0,313.0
941.0,338.0
942.0,322.0
943.0,331.0
944.0,318.0
945.0,307.0
946.0,300.0
947.0,316.0
948.0,306.0
949.0,328.0
950.0,326.0
951.0,331.0
952.0,317.0
953.0,320.0
954.0,347.0
955.0,311.0
956.0,323.0
957.0,316.0
958.0,321.0
959.0,295.0
960.0,316.0
961.0,294.0
962.0,325.0
963.0,286.0
964.0,287.0
965.0,310.0
966.0,318.0
967.0,274.0
968.0,314.0
969.0,304.0
970.0,301.0
971.0,296.0
972.0,311.0
973.0,291.0
974.0,322.0
975.0,326.0
976.0,295.0
977.0,302.0
978.0,295.0
979.0,473.0
980.0,645.0
981.0,595.0
982.0,951.0
983.0,791.0
984.0,492.0
985.0,705.0
986.0,310.0
987.0,309.0
988.0,287.0
989.0,332.0
990.0,308.0
991.0,297.0
992.0,295.0
993.0,330.0
994.0,293.0
995.0,296.0
996.0,295.0
997.0,297.0
998.0,308.0
999.0,309.0
1000.0,291.0
1001.0,296.0
1002.0,289.0
1003.0,310.0
1004.0,287.0
1005.0,293.0
1006.0,316.0
1007.0,279.0
1008.0,296.0
1009.0,281.0
1010.0,313.0
1011.0,300.0
1012.0,291.0
1013.0,288.0
1014.0,294.0
1015.0,274.0
1016.0,294.0
1017.0,305.0
1018.0,289.0
1019.0,288.0
1020.0,311.0
1021.0,314.0
1022.0,301.0
1023.0,284.0
