0.0,164.0
1.0,200.0
2.0,220.0
3.0,239.0
4.0,250.0
5.0,265.0
6.0,274.0
7.0,268.0
8.0,282.0
9.0,278.0
10.0,278.0
11.0,304.0
12.0,312.0
13.0,288.0
14.0,316.0
15.0,312.0
16.0,275.0
17.0,323.0
18.0,327.0
19.0,290.0
20.0,323.0
21.0,305.0
22.0,308.0
23.0,350.0
24.0,328.0
25.0,333.0
26.0,308.0
27.0,323.0
28.0,322.0
29.0,321.0
30.0,338.0
31.0,318.0
32.0,329.0
33.0,328.0
34.0,328.0
35.0,338.0
36.0,341.0
37.0,343.0
38.0,357.0
39.0,350.0
40.0,338.0
41.0,349.0
42.0,348.0
43.0,327.0
44.0,368.0
45.0,345.0
46.0,374.0
47.0,338.0
48.0,368.0
49.0,367.0
50.0,376.0
51.0,366.0
52.0,384.0
53.0,358.0
54.0,364.0
55.0,382.0
56.0,386.0
57.0,393.0
58.0,408.0
59.0,390.0
60.0,413.0
61.0,422.0
62.0,402.0
63.0,412.0
64.0,413.0
65.0,425.0
66.0,444.0
67.0,437.0
68.0,435.0
69.0,430.0
70.0,419.0
71.0,433.0
72.0,433.0
73.0,427.0
74.0,429.0
75.0,427.0
76.0,407.0
77.0,450.0
78.0,468.0
79.0,449.0
80.0,428.0
81.0,443.0
82.0,436.0
83.0,450.0
84.0,450.0
85.0,427.0
86.0,447.0
87.0,446.0
88.0,433.0
89.0,450.0
90.0,445.0
91.0,476.0
92.0,461.0
93.0,452.0
94.0,442.0
95.0,468.0
96.0,491.0
97.0,451.0
98.0,469.0
99.0,486.0
100.0,481.0
101.0,449.0
102.0,474.0
103.0,450.0
104.0,467.0
105.0,467.0
106.0,483.0
107.0,486.0
108.0,493.0
109.0,463.0
110.0,509.0
111.0,484.0
112.0,489.0
113.0,468.0
114.0,504.0
115.0,492.0
116.0,491.0
117.0,528.0
118.0,517.0
119.0,491.0
120.0,489.0
121.0,506.0
122.0,524.0
123.0,507.0
124.0,507.0
125.0,489.0
126.0,511.0
127.0,500.0
128.0,501.0
129.0,504.0
130.0,506.0
131.0,501.0
132.0,517.0
133.0,484.0
134.0,528.0
135.0,491.0
136.0,508.0
137.0,504.0
138.0,495.0
139.0,537.0
140.0,522.0
141.0,510.0
142.0,535.0
143.0,519.0
144.0,522.0
145.0,516.0
146.0,542.0
147.0,539.0
148.0,556.0
149.0,542.0
150.0,525.0
151.0,545.0
152.0,546.0
153.0,551.0
154.0,539.0
155.0,547.0
156.0,530.0
157.0,542.0
158.0,571.0
159.0,589.0
160.0,625.0
161.0,733.0
162.0,974.0
163.0,1174.0
164.0,1054.0
165.0,729.0
166.0,623.0
167.0,536.0
168.0,519.0
169.0,538.0
170.0,573.0
171.0,569.0
172.0,567.0
173.0,558.0
174.0,535.0
175.0,570.0
176.0,546.0
177.0,543.0
178.0,568.0
179.0,575.0
180.0,580.0
181.0,579.0
182.0,584.0
183.0,570.0
184.0,572.0
185.0,580.0
186.0,586.0
187.0,559.0
188.0,577.0
189.0,560.0
190.0,569.0
191.0,585.0
192.0,580.0
193.0,587.0
194.0,594.0
195.0,573.0
196.0,578.0
197.0,560.0
198.0,565.0
199.0,584.0
200.0,585.0
201.0,569.0
202.0,612.0
203.0,587.0
204.0,568.0
205.0,616.0
206.0,586.0
207.0,574.0
208.0,597.0
209.0,614.0
210.0,573.0
211.0,596.0
212.0,600.0
213.0,601.0
214.0,601.0
215.0,588.0
216.0,582.0
217.0,597.0
218.0,579.0
219.0,609.0
220.0,636.0
221.0,610.0
222.0,597.0
223.0,578.0
224.0,627.0
225.0,567.0
226.0,608.0
227.0,606.0
228.0,622.0
229.0,655.0
230.0,672.0
231.0,670.0
232.0,667.0
233.0,651.0
234.0,644.0
235.0,705.0
236.0,704.0
237.0,715.0
238.0,655.0
239.0,632.0
240.0,632.0
241.0,607.0
242.0,606.0
243.0,613.0
244.0,611.0
245.0,627.0
246.0,625.0
247.0,651.0
248.0,655.0
249.0,636.0
250.0,630.0
251.0,622.0
252.0,637.0
253.0,631.0
254.0,652.0
255.0,641.0
256.0,603.0
257.0,652.0
258.0,607.0
259.0,631.0
260.0,596.0
261.0,664.0
262.0,610.0
263.0,630.0
264.0,649.0
265.0,648.0
266.0,613.0
267.0,663.0
268.0,704.0
269.0,769.0
270.0,817.0
271.0,770.0
272.0,692.0
273.0,668.0
274.0,611.0
275.0,648.0
276.0,640.0
277.0,649.0
278.0,633.0
279.0,642.0
280.0,641.0
281.0,663.0
282.0,652.0
283.0,644.0
284.0,657.0
285.0,645.0
286.0,645.0
287.0,631.0
288.0,631.0
289.0,658.0
290.0,646.0
291.0,666.0
292.0,670.0
293.0,652.0
294.0,675.0
295.0,659.0
296.0,665.0
297.0,653.0
298.0,643.0
299.0,685.0
300.0,671.0
301.0,639.0
302.0,667.0
303.0,679.0
304.0,693.0
305.0,686.0
306.0,677.0
307.0,655.0
308.0,686.0
309.0,680.0
310.0,666.0
311.0,696.0
312.0,664.0
313.0,681.0
314.0,691.0
315.0,675.0
316.0,682.0
317.0,665.0
318.0,686.0
319.0,690.0
320.0,692.0
321.0,699.0
322.0,746.0
323.0,835.0
324.0,893.0
325.0,941.0
326.0,813.0
327.0,740.0
328.0,733.0
329.0,712.0
330.0,733.0
331.0,743.0
332.0,750.0
333.0,849.0
334.0,1166.0
335.0,1675.0
336.0,1760.0
337.0,1239.0
338.0,808.0
339.0,736.0
340.0,722.0
341.0,681.0
342.0,742.0
343.0,691.0
344.0,717.0
345.0,708.0
346.0,684.0
347.0,688.0
348.0,700.0
349.0,705.0
350.0,692.0
351.0,690.0
352.0,709.0
353.0,713.0
354.0,698.0
355.0,687.0
356.0,732.0
357.0,711.0
358.0,696.0
359.0,714.0
360.0,691.0
361.0,704.0
362.0,695.0
363.0,690.0
364.0,688.0
365.0,705.0
366.0,682.0
367.0,701.0
368.0,679.0
369.0,703.0
370.0,688.0
371.0,706.0
372.0,718.0
373.0,699.0
374.0,709.0
375.0,708.0
376.0,712.0
377.0,702.0
378.0,684.0
379.0,731.0
380.0,696.0
381.0,711.0
382.0,703.0
383.0,706.0
384.0,712.0
385.0,698.0
386.0,712.0
387.0,704.0
388.0,731.0
389.0,731.0
390.0,746.0
391.0,707.0
392.0,730.0
393.0,716.0
394.0,719.0
395.0,725.0
396.0,724.0
397.0,717.0
398.0,710.0
399.0,725.0
400.0,708.0
401.0,731.0
402.0,723.0
403.0,721.0
404.0,728.0
405.0,751.0
406.0,710.0
407.0,714.0
408.0,757.0
409.0,740.0
410.0,734.0
411.0,764.0
412.0,721.0
413.0,726.0
414.0,724.0
415.0,741.0
416.0,740.0
417.0,741.0
418.0,744.0
419.0,744.0
420.0,742.0
421.0,741.0
422.0,741.0
423.0,741.0
424.0,749.0
425.0,733.0
426.0,758.0
427.0,728.0
428.0,720.0
429.0,741.0
430.0,728.0
431.0,766.0
432.0,737.0
433.0,739.0
434.0,746.0
435.0,733.0
436.0,720.0
437.0,774.0
438.0,758.0
439.0,714.0
440.0,757.0
441.0,736.0
442.0,719.0
443.0,753.0
444.0,742.0
445.0,762.0
446.0,736.0
447.0,751.0
448.0,759.0
449.0,752.0
450.0,736.0
451.0,755.0
452.0,728.0
453.0,754.0
454.0,744.0
455.0,736.0
456.0,735.0
457.0,746.0
458.0,739.0
459.0,746.0
460.0,752.0
461.0,773.0
462.0,758.0
463.0,734.0
464.0,758.0
465.0,751.0
466.0,739.0
467.0,763.0
468.0,793.0
469.0,754.0
470.0,740.0
471.0,749.0
472.0,733.0
473.0,763.0
474.0,772.0
475.0,753.0
476.0,756.0
477.0,766.0
478.0,783.0
479.0,753.0
480.0,754.0
481.0,786.0
482.0,742.0
483.0,759.0
484.0,758.0
485.0,775.0
486.0,762.0
487.0,783.0
488.0,776.0
489.0,759.0
490.0,770.0
491.0,782.0
492.0,751.0
493.0,764.0
494.0,758.0
495.0,740.0
496.0,755.0
497.0,764.0
498.0,760.0
499.0,789.0
500.0,754.0
501.0,730.0
502.0,760.0
503.0,759.0
504.0,766.0
505.0,767.0
506.0,746.0
507.0,797.0
508.0,744.0
509.0,785.0
510.0,797.0
511.0,793.0
512.0,801.0
513.0,822.0
514.0,798.0
515.0,830.0
516.0,890.0
517.0,972.0
518.0,1240.0
519.0,1990.0
520.0,3533.0
521.0,4234.0
522.0,2722.0
523.0,1187.0
524.0,879.0
525.0,893.0
526.0,1055.0
527.0,1213.0
528.0,1067.0
529.0,893.0
530.0,808.0
531.0,797.0
532.0,775.0
533.0,763.0
534.0,754.0
535.0,748.0
536.0,756.0
537.0,761.0
538.0,753.0
539.0,757.0
540.0,743.0
541.0,737.0
542.0,794.0
543.0,754.0
544.0,744.0
545.0,751.0
546.0,794.0
547.0,752.0
548.0,758.0
549.0,800.0
550.0,742.0
551.0,739.0
552.0,772.0
553.0,732.0
554.0,755.0
555.0,719.0
556.0,742.0
557.0,760.0
558.0,768.0
559.0,773.0
560.0,733.0
561.0,726.0
562.0,756.0
563.0,730.0
564.0,739.0
565.0,753.0
566.0,765.0
567.0,736.0
568.0,776.0
569.0,720.0
570.0,755.0
571.0,750.0
572.0,740.0
573.0,743.0
574.0,733.0
575.0,759.0
576.0,728.0
577.0,719.0
578.0,744.0
579.0,744.0
580.0,742.0
581.0,758.0
582.0,762.0
583.0,739.0
584.0,727.0
585.0,731.0
586.0,730.0
587.0,701.0
588.0,721.0
589.0,717.0
590.0,720.0
591.0,737.0
592.0,742.0
593.0,750.0
594.0,731.0
595.0,747.0
596.0,737.0
597.0,723.0
598.0,724.0
599.0,719.0
600.0,737.0
601.0,717.0
602.0,693.0
603.0,711.0
604.0,720.0
605.0,727.0
606.0,702.0
607.0,689.0
608.0,746.0
609.0,723.0
610.0,710.0
611.0,730.0
612.0,723.0
613.0,710.0
614.0,711.0
615.0,717.0
616.0,717.0
617.0,682.0
618.0,701.0
619.0,748.0
620.0,740.0
621.0,766.0
622.0,706.0
623.0,706.0
624.0,697.0
625.0,718.0
626.0,691.0
627.0,720.0
628.0,690.0
629.0,683.0
630.0,685.0
631.0,709.0
632.0,724.0
633.0,694.0
634.0,721.0
635.0,677.0
636.0,712.0
637.0,725.0
638.0,707.0
639.0,724.0
640.0,663.0
641.0,702.0
642.0,686.0
643.0,708.0
644.0,704.0
645.0,695.0
646.0,694.0
647.0,680.0
648.0,711.0
649.0,706.0
650.0,701.0
651.0,674.0
652.0,710.0
653.0,693.0
654.0,678.0
655.0,672.0
656.0,673.0
657.0,704.0
658.0,668.0
659.0,698.0
660.0,699.0
661.0,681.0
662.0,708.0
663.0,682.0
664.0,693.0
665.0,670.0
666.0,694.0
667.0,687.0
668.0,668.0
669.0,712.0
670.0,728.0
671.0,770.0
672.0,811.0
673.0,784.0
674.0,691.0
675.0,666.0
676.0,688.0
677.0,684.0
678.0,661.0
679.0,687.0
680.0,659.0
681.0,668.0
682.0,661.0
683.0,670.0
684.0,692.0
685.0,665.0
686.0,656.0
687.0,666.0
688.0,627.0
689.0,652.0
690.0,668.0
691.0,671.0
692.0,656.0
693.0,660.0
694.0,655.0
695.0,638.0
696.0,658.0
697.0,643.0
698.0,632.0
699.0,665.0
700.0,650.0
701.0,652.0
702.0,635.0
703.0,650.0
704.0,671.0
705.0,618.0
706.0,647.0
707.0,628.0
708.0,621.0
709.0,626.0
710.0,622.0
711.0,633.0
712.0,633.0
713.0,617.0
714.0,623.0
715.0,604.0
716.0,610.0
717.0,655.0
718.0,635.0
719.0,610.0
720.0,607.0
721.0,630.0
722.0,614.0
723.0,615.0
724.0,614.0
725.0,619.0
726.0,590.0
727.0,649.0
728.0,614.0
729.0,622.0
730.0,622.0
731.0,602.0
732.0,619.0
733.0,638.0
734.0,631.0
735.0,667.0
736.0,773.0
737.0,807.0
738.0,778.0
739.0,645.0
740.0,624.0
741.0,596.0
742.0,608.0
743.0,600.0
744.0,606.0
745.0,578.0
746.0,610.0
747.0,588.0
748.0,589.0
749.0,591.0
750.0,595.0
751.0,583.0
752.0,607.0
753.0,583.0
754.0,610.0
755.0,578.0
756.0,588.0
757.0,592.0
758.0,584.0
759.0,586.0
760.0,562.0
761.0,574.0
762.0,598.0
763.0,564.0
764.0,567.0
765.0,549.0
766.0,606.0
767.0,545.0
768.0,585.0
769.0,570.0
770.0,572.0
771.0,543.0
772.0,560.0
773.0,570.0
774.0,548.0
775.0,545.0
776.0,535.0
777.0,595.0
778.0,549.0
779.0,594.0
780.0,538.0
781.0,540.0
782.0,533.0
783.0,551.0
784.0,547.0
785.0,569.0
786.0,541.0
787.0,550.0
788.0,515.0
789.0,559.0
790.0,570.0
791.0,520.0
792.0,573.0
793.0,556.0
794.0,563.0
795.0,616.0
796.0,715.0
797.0,927.0
798.0,960.0
799.0,816.0
800.0,724.0
801.0,618.0
802.0,557.0
803.0,516.0
804.0,539.0
805.0,535.0
806.0,529.0
807.0,517.0
808.0,521.0
809.0,511.0
810.0,503.0
811.0,549.0
812.0,526.0
813.0,526.0
814.0,538.0
815.0,527.0
816.0,530.0
817.0,512.0
818.0,521.0
819.0,523.0
820.0,505.0
821.0,515.0
822.0,518.0
823.0,500.0
824.0,514.0
825.0,524.0
826.0,518.0
827.0,502.0
828.0,501.0
829.0,483.0
830.0,536.0
831.0,540.0
832.0,555.0
833.0,566.0
834.0,524.0
835.0,501.0
836.0,514.0
837.0,505.0
838.0,528.0
839.0,554.0
840.0,641.0
841.0,901.0
842.0,1071.0
843.0,821.0
844.0,549.0
845.0,507.0
846.0,475.0
847.0,476.0
848.0,474.0
849.0,479.0
850.0,499.0
851.0,482.0
852.0,452.0
853.0,475.0
854.0,452.0
855.0,472.0
856.0,474.0
857.0,487.0
858.0,500.0
859.0,443.0
860.0,453.0
861.0,485.0
862.0,486.0
863.0,462.0
864.0,454.0
865.0,440.0
866.0,471.0
867.0,444.0
868.0,456.0
869.0,476.0
870.0,465.0
871.0,453.0
872.0,458.0
873.0,448.0
874.0,455.0
875.0,441.0
876.0,449.0
877.0,459.0
878.0,462.0
879.0,406.0
880.0,437.0
881.0,431.0
882.0,412.0
883.0,469.0
884.0,454.0
885.0,411.0
886.0,419.0
887.0,437.0
888.0,425.0
889.0,444.0
890.0,429.0
891.0,410.0
892.0,436.0
893.0,425.0
894.0,413.0
895.0,437.0
896.0,422.0
897.0,423.0
898.0,431.0
899.0,423.0
900.0,413.0
901.0,415.0
902.0,428.0
903.0,410.0
904.0,417.0
905.0,411.0
906.0,425.0
907.0,410.0
908.0,429.0
909.0,418.0
910.0,422.0
911.0,406.0
912.0,409.0
913.0,403.0
914.0,415.0
915.0,405.0
916.0,404.0
917.0,392.0
918.0,402.0
919.0,431.0
920.0,403.0
921.0,433.0
922.0,415.0
923.0,385.0
924.0,397.0
925.0,392.0
926.0,402.0
927.0,398.0
928.0,404.0
929.0,400.0
930.0,392.0
931.0,391.0
932.0,401.0
933.0,377.0
934.0,370.0
935.0,365.0
936.0,375.0
937.0,392.0
938.0,396.0
939.0,384.0
940.0,378.0
941.0,384.0
942.0,404.0
943.0,372.0
944.0,400.0
945.0,396.0
946.0,377.0
947.0,367.0
948.0,379.0
949.0,387.0
950.0,407.0
951.0,409.0
952.0,362.0
953.0,377.0
954.0,386.0
955.0,373.0
956.0,363.0
957.0,372.0
958.0,368.0
959.0,372.0
960.0,348.0
961.0,355.0
962.0,358.0
963.0,405.0
964.0,386.0
965.0,430.0
966.0,448.0
967.0,509.0
968.0,448.0
969.0,359.0
970.0,381.0
971.0,358.0
972.0,354.0
973.0,366.0
974.0,361.0
975.0,365.0
976.0,367.0
977.0,366.0
978.0,351.0
979.0,360.0
980.0,333.0
981.0,333.0
982.0,360.0
983.0,362.0
984.0,344.0
985.0,332.0
986.0,340.0
987.0,368.0
988.0,345.0
989.0,339.0
990.0,341.0
991.0,349.0
992.0,338.0
993.0,334.0
994.0,331.0
995.0,348.0
996.0,334.0
997.0,352.0
998.0,345.0
999.0,320.0
1000.0,328.0
1001.0,312.0
1002.0,310.0
1003.0,319.0
1004.0,347.0
1005.0,324.0
1006.0,360.0
1007.0,326.0
1008.0,337.0
1009.0,347.0
1010.0,366.0
1011.0,424.0
1012.0,702.0
1013.0,1031.0
1014.0,815.0
1015.0,449.0
1016.0,376.0
1017.0,347.0
1018.0,345.0
1019.0,318.0
1020.0,352.0
1021.0,319.0
1022.0,321.0
1023.0,364.0
