0.0,129.0
1.0,177.0
2.0,207.0
3.0,225.0
4.0,221.0
5.0,241.0
6.0,295.0
7.0,269.0
8.0,296.0
9.0,301.0
10.0,279.0
11.0,285.0
12.0,291.0
13.0,306.0
14.0,288.0
15.0,304.0
16.0,277.0
17.0,314.0
18.0,313.0
19.0,299.0
20.0,299.0
21.0,313.0
22.0,307.0
23.0,320.0
24.0,313.0
25.0,343.0
26.0,311.0
27.0,315.0
28.0,325.0
29.0,334.0
30.0,337.0
31.0,307.0
32.0,350.0
33.0,318.0
34.0,365.0
35.0,323.0
36.0,338.0
37.0,329.0
38.0,353.0
39.0,361.0
40.0,341.0
41.0,354.0
42.0,367.0
43.0,345.0
44.0,359.0
45.0,368.0
46.0,356.0
47.0,357.0
48.0,353.0
49.0,376.0
50.0,369.0
51.0,370.0
52.0,377.0
53.0,404.0
54.0,407.0
55.0,382.0
56.0,404.0
57.0,410.0
58.0,424.0
59.0,411.0
60.0,426.0
61.0,421.0
62.0,420.0
63.0,407.0
64.0,428.0
65.0,411.0
66.0,424.0
67.0,421.0
68.0,413.0
69.0,426.0
70.0,437.0
71.0,427.0
72.0,416.0
73.0,433.0
74.0,420.0
75.0,458.0
76.0,435.0
77.0,458.0
78.0,458.0
79.0,440.0
80.0,454.0
81.0,443.0
82.0,457.0
83.0,440.0
84.0,443.0
85.0,454.0
86.0,461.0
87.0,461.0
88.0,478.0
89.0,455.0
90.0,470.0
91.0,443.0
92.0,478.0
93.0,469.0
94.0,468.0
95.0,482.0
96.0,474.0
97.0,435.0
98.0,458.0
99.0,484.0
100.0,470.0
101.0,488.0
102.0,482.0
103.0,484.0
104.0,482.0
105.0,483.0
106.0,472.0
107.0,498.0
108.0,486.0
109.0,491.0
110.0,480.0
111.0,513.0
112.0,483.0
113.0,516.0
114.0,467.0
115.0,513.0
116.0,500.0
117.0,501.0
118.0,492.0
119.0,496.0
120.0,505.0
121.0,509.0
122.0,508.0
123.0,503.0
124.0,529.0
125.0,513.0
126.0,537.0
127.0,539.0
128.0,537.0
129.0,526.0
130.0,517.0
131.0,507.0
132.0,534.0
133.0,510.0
134.0,500.0
135.0,533.0
136.0,516.0
137.0,551.0
138.0,536.0
139.0,508.0
140.0,539.0
141.0,529.0
142.0,550.0
143.0,545.0
144.0,566.0
145.0,555.0
146.0,557.0
147.0,540.0
148.0,571.0
149.0,561.0
150.0,548.0
151.0,538.0
152.0,553.0
153.0,552.0
154.0,559.0
155.0,597.0
156.0,572.0
157.0,578.0
158.0,593.0
159.0,717.0
160.0,908.0
161.0,1127.0
162.0,1183.0
163.0,901.0
164.0,646.0
165.0,618.0
166.0,568.0
167.0,558.0
168.0,585.0
169.0,572.0
170.0,552.0
171.0,582.0
172.0,586.0
173.0,571.0
174.0,563.0
175.0,583.0
176.0,568.0
177.0,567.0
178.0,575.0
179.0,591.0
180.0,576.0
181.0,578.0
182.0,579.0
183.0,578.0
184.0,594.0
185.0,576.0
186.0,597.0
187.0,603.0
188.0,606.0
189.0,612.0
190.0,586.0
191.0,600.0
192.0,580.0
193.0,590.0
194.0,603.0
195.0,593.0
196.0,596.0
197.0,596.0
198.0,585.0
199.0,592.0
200.0,604.0
201.0,612.0
202.0,614.0
203.0,596.0
204.0,602.0
205.0,594.0
206.0,594.0
207.0,627.0
208.0,610.0
209.0,599.0
210.0,610.0
211.0,608.0
212.0,624.0
213.0,637.0
214.0,618.0
215.0,631.0
216.0,620.0
217.0,631.0
218.0,608.0
219.0,608.0
220.0,608.0
221.0,621.0
222.0,630.0
223.0,591.0
224.0,624.0
225.0,643.0
226.0,653.0
227.0,660.0
228.0,690.0
229.0,675.0
230.0,699.0
231.0,656.0
232.0,649.0
233.0,707.0
234.0,730.0
235.0,728.0
236.0,681.0
237.0,645.0
238.0,648.0
239.0,639.0
240.0,669.0
241.0,647.0
242.0,634.0
243.0,673.0
244.0,639.0
245.0,639.0
246.0,669.0
247.0,675.0
248.0,653.0
249.0,650.0
250.0,688.0
251.0,645.0
252.0,654.0
253.0,652.0
254.0,653.0
255.0,657.0
256.0,688.0
257.0,675.0
258.0,668.0
259.0,649.0
260.0,643.0
261.0,689.0
262.0,657.0
263.0,658.0
264.0,703.0
265.0,697.0
266.0,687.0
267.0,743.0
268.0,852.0
269.0,887.0
270.0,804.0
271.0,702.0
272.0,655.0
273.0,687.0
274.0,687.0
275.0,671.0
276.0,695.0
277.0,651.0
278.0,696.0
279.0,692.0
280.0,681.0
281.0,700.0
282.0,690.0
283.0,680.0
284.0,697.0
285.0,678.0
286.0,669.0
287.0,676.0
288.0,725.0
289.0,700.0
290.0,648.0
291.0,691.0
292.0,695.0
293.0,706.0
294.0,689.0
295.0,684.0
296.0,666.0
297.0,691.0
298.0,676.0
299.0,719.0
300.0,699.0
301.0,705.0
302.0,693.0
303.0,724.0
304.0,692.0
305.0,709.0
306.0,700.0
307.0,718.0
308.0,694.0
309.0,712.0
310.0,717.0
311.0,731.0
312.0,695.0
313.0,709.0
314.0,721.0
315.0,735.0
316.0,702.0
317.0,694.0
318.0,766.0
319.0,734.0
320.0,773.0
321.0,824.0
322.0,912.0
323.0,998.0
324.0,913.0
325.0,778.0
326.0,754.0
327.0,759.0
328.0,733.0
329.0,765.0
330.0,800.0
331.0,876.0
332.0,1064.0
333.0,1503.0
334.0,1920.0
335.0,1604.0
336.0,984.0
337.0,804.0
338.0,748.0
339.0,751.0
340.0,733.0
341.0,735.0
342.0,743.0
343.0,703.0
344.0,752.0
345.0,741.0
346.0,761.0
347.0,719.0
348.0,726.0
349.0,759.0
350.0,730.0
351.0,744.0
352.0,730.0
353.0,728.0
354.0,756.0
355.0,748.0
356.0,782.0
357.0,716.0
358.0,760.0
359.0,723.0
360.0,756.0
361.0,726.0
362.0,726.0
363.0,774.0
364.0,761.0
365.0,735.0
366.0,738.0
367.0,744.0
368.0,747.0
369.0,751.0
370.0,753.0
371.0,754.0
372.0,734.0
373.0,779.0
374.0,783.0
375.0,751.0
376.0,755.0
377.0,776.0
378.0,744.0
379.0,742.0
380.0,731.0
381.0,791.0
382.0,728.0
383.0,778.0
384.0,777.0
385.0,769.0
386.0,766.0
387.0,781.0
388.0,736.0
389.0,786.0
390.0,762.0
391.0,772.0
392.0,782.0
393.0,747.0
394.0,756.0
395.0,752.0
396.0,784.0
397.0,793.0
398.0,759.0
399.0,777.0
400.0,788.0
401.0,747.0
402.0,777.0
403.0,773.0
404.0,782.0
405.0,793.0
406.0,744.0
407.0,788.0
408.0,778.0
409.0,821.0
410.0,780.0
411.0,805.0
412.0,800.0
413.0,758.0
414.0,788.0
415.0,793.0
416.0,787.0
417.0,772.0
418.0,768.0
419.0,756.0
420.0,791.0
421.0,789.0
422.0,789.0
423.0,779.0
424.0,778.0
425.0,774.0
426.0,765.0
427.0,766.0
428.0,807.0
429.0,792.0
430.0,799.0
431.0,790.0
432.0,764.0
433.0,777.0
434.0,788.0
435.0,793.0
436.0,793.0
437.0,786.0
438.0,802.0
439.0,761.0
440.0,800.0
441.0,765.0
442.0,780.0
443.0,796.0
444.0,787.0
445.0,784.0
446.0,817.0
447.0,804.0
448.0,824.0
449.0,845.0
450.0,821.0
451.0,776.0
452.0,793.0
453.0,786.0
454.0,774.0
455.0,781.0
456.0,810.0
457.0,812.0
458.0,814.0
459.0,818.0
460.0,775.0
461.0,809.0
462.0,774.0
463.0,791.0
464.0,769.0
465.0,775.0
466.0,785.0
467.0,795.0
468.0,815.0
469.0,799.0
470.0,809.0
471.0,770.0
472.0,834.0
473.0,806.0
474.0,813.0
475.0,841.0
476.0,826.0
477.0,825.0
478.0,790.0
479.0,784.0
480.0,801.0
481.0,806.0
482.0,806.0
483.0,826.0
484.0,805.0
485.0,801.0
486.0,783.0
487.0,800.0
488.0,815.0
489.0,795.0
490.0,821.0
491.0,810.0
492.0,778.0
493.0,801.0
494.0,833.0
495.0,783.0
496.0,813.0
497.0,810.0
498.0,785.0
499.0,799.0
500.0,808.0
501.0,811.0
502.0,828.0
503.0,830.0
504.0,858.0
505.0,850.0
506.0,831.0
507.0,810.0
508.0,834.0
509.0,849.0
510.0,832.0
511.0,832.0
512.0,886.0
513.0,879.0
514.0,884.0
515.0,1011.0
516.0,1173.0
517.0,1829.0
518.0,3136.0
519.0,4605.0
520.0,3990.0
521.0,1914.0
522.0,1014.0
523.0,979.0
524.0,1063.0
525.0,1257.0
526.0,1231.0
527.0,1055.0
528.0,912.0
529.0,851.0
530.0,845.0
531.0,818.0
532.0,771.0
533.0,829.0
534.0,817.0
535.0,798.0
536.0,820.0
537.0,787.0
538.0,835.0
539.0,791.0
540.0,822.0
541.0,841.0
542.0,784.0
543.0,808.0
544.0,788.0
545.0,793.0
546.0,830.0
547.0,821.0
548.0,827.0
549.0,820.0
550.0,796.0
551.0,818.0
552.0,802.0
553.0,783.0
554.0,799.0
555.0,795.0
556.0,800.0
557.0,778.0
558.0,807.0
559.0,779.0
560.0,802.0
561.0,793.0
562.0,795.0
563.0,795.0
564.0,778.0
565.0,810.0
566.0,801.0
567.0,777.0
568.0,802.0
569.0,796.0
570.0,799.0
571.0,807.0
572.0,781.0
573.0,797.0
574.0,802.0
575.0,785.0
576.0,790.0
577.0,787.0
578.0,802.0
579.0,797.0
580.0,799.0
581.0,771.0
582.0,805.0
583.0,791.0
584.0,803.0
585.0,756.0
586.0,809.0
587.0,796.0
588.0,770.0
589.0,766.0
590.0,784.0
591.0,810.0
592.0,773.0
593.0,775.0
594.0,787.0
595.0,783.0
596.0,768.0
597.0,788.0
598.0,783.0
599.0,765.0
600.0,798.0
601.0,813.0
602.0,758.0
603.0,776.0
604.0,784.0
605.0,779.0
606.0,767.0
607.0,773.0
608.0,787.0
609.0,775.0
610.0,751.0
611.0,755.0
612.0,767.0
613.0,774.0
614.0,757.0
615.0,769.0
616.0,779.0
617.0,798.0
618.0,778.0
619.0,777.0
620.0,779.0
621.0,773.0
622.0,763.0
623.0,751.0
624.0,777.0
625.0,752.0
626.0,770.0
627.0,755.0
628.0,700.0
629.0,777.0
630.0,769.0
631.0,771.0
632.0,746.0
633.0,760.0
634.0,748.0
635.0,779.0
636.0,776.0
637.0,782.0
638.0,748.0
639.0,740.0
640.0,740.0
641.0,754.0
642.0,712.0
643.0,743.0
644.0,738.0
645.0,770.0
646.0,761.0
647.0,733.0
648.0,766.0
649.0,728.0
650.0,732.0
651.0,720.0
652.0,718.0
653.0,730.0
654.0,721.0
655.0,732.0
656.0,719.0
657.0,698.0
658.0,705.0
659.0,741.0
660.0,726.0
661.0,707.0
662.0,695.0
663.0,716.0
664.0,722.0
665.0,734.0
666.0,743.0
667.0,735.0
668.0,770.0
669.0,778.0
670.0,847.0
671.0,850.0
672.0,775.0
673.0,736.0
674.0,742.0
675.0,734.0
676.0,730.0
677.0,704.0
678.0,706.0
679.0,714.0
680.0,730.0
681.0,719.0
682.0,708.0
683.0,697.0
684.0,711.0
685.0,703.0
686.0,721.0
687.0,682.0
688.0,718.0
689.0,711.0
690.0,691.0
691.0,708.0
692.0,708.0
693.0,685.0
694.0,700.0
695.0,689.0
696.0,708.0
697.0,689.0
698.0,665.0
699.0,699.0
700.0,686.0
701.0,701.0
702.0,690.0
703.0,704.0
704.0,680.0
705.0,685.0
706.0,671.0
707.0,701.0
708.0,667.0
709.0,663.0
710.0,686.0
711.0,654.0
712.0,691.0
713.0,666.0
714.0,670.0
715.0,690.0
716.0,694.0
717.0,692.0
718.0,692.0
719.0,674.0
720.0,714.0
721.0,668.0
722.0,689.0
723.0,660.0
724.0,659.0
725.0,671.0
726.0,659.0
727.0,684.0
728.0,669.0
729.0,663.0
730.0,665.0
731.0,656.0
732.0,687.0
733.0,702.0
734.0,758.0
735.0,855.0
736.0,842.0
737.0,728.0
738.0,650.0
739.0,700.0
740.0,627.0
741.0,634.0
742.0,620.0
743.0,662.0
744.0,641.0
745.0,645.0
746.0,648.0
747.0,632.0
748.0,630.0
749.0,623.0
750.0,633.0
751.0,639.0
752.0,637.0
753.0,627.0
754.0,620.0
755.0,609.0
756.0,603.0
757.0,621.0
758.0,647.0
759.0,636.0
760.0,597.0
761.0,627.0
762.0,624.0
763.0,629.0
764.0,613.0
765.0,610.0
766.0,609.0
767.0,599.0
768.0,617.0
769.0,611.0
770.0,583.0
771.0,591.0
772.0,608.0
773.0,594.0
774.0,611.0
775.0,602.0
776.0,589.0
777.0,587.0
778.0,610.0
779.0,599.0
780.0,590.0
781.0,579.0
782.0,568.0
783.0,600.0
784.0,564.0
785.0,586.0
786.0,583.0
787.0,591.0
788.0,611.0
789.0,604.0
790.0,608.0
791.0,581.0
792.0,610.0
793.0,648.0
794.0,718.0
795.0,873.0
796.0,1027.0
797.0,1013.0
798.0,875.0
799.0,697.0
800.0,631.0
801.0,563.0
802.0,567.0
803.0,563.0
804.0,596.0
805.0,544.0
806.0,557.0
807.0,579.0
808.0,528.0
809.0,566.0
810.0,575.0
811.0,574.0
812.0,565.0
813.0,556.0
814.0,553.0
815.0,544.0
816.0,566.0
817.0,534.0
818.0,551.0
819.0,551.0
820.0,516.0
821.0,529.0
822.0,529.0
823.0,539.0
824.0,537.0
825.0,538.0
826.0,533.0
827.0,527.0
828.0,547.0
829.0,573.0
830.0,604.0
831.0,608.0
832.0,550.0
833.0,546.0
834.0,539.0
835.0,535.0
836.0,563.0
837.0,581.0
838.0,659.0
839.0,843.0
840.0,1093.0
841.0,1040.0
842.0,727.0
843.0,569.0
844.0,500.0
845.0,515.0
846.0,515.0
847.0,490.0
848.0,520.0
849.0,483.0
850.0,487.0
851.0,495.0
852.0,505.0
853.0,524.0
854.0,507.0
855.0,487.0
856.0,480.0
857.0,488.0
858.0,504.0
859.0,489.0
860.0,493.0
861.0,494.0
862.0,487.0
863.0,473.0
864.0,478.0
865.0,476.0
866.0,503.0
867.0,462.0
868.0,445.0
869.0,489.0
870.0,513.0
871.0,482.0
872.0,457.0
873.0,464.0
874.0,470.0
875.0,465.0
876.0,462.0
877.0,454.0
878.0,469.0
879.0,466.0
880.0,470.0
881.0,473.0
882.0,435.0
883.0,457.0
884.0,487.0
885.0,467.0
886.0,464.0
887.0,456.0
888.0,453.0
889.0,445.0
890.0,450.0
891.0,454.0
892.0,439.0
893.0,449.0
894.0,461.0
895.0,458.0
896.0,466.0
897.0,460.0
898.0,449.0
899.0,448.0
900.0,456.0
901.0,425.0
902.0,437.0
903.0,443.0
904.0,428.0
905.0,441.0
906.0,423.0
907.0,436.0
908.0,438.0
909.0,419.0
910.0,411.0
911.0,437.0
912.0,429.0
913.0,443.0
914.0,404.0
915.0,423.0
916.0,427.0
917.0,426.0
918.0,427.0
919.0,408.0
920.0,429.0
921.0,423.0
922.0,388.0
923.0,429.0
924.0,422.0
925.0,439.0
926.0,407.0
927.0,415.0
928.0,394.0
929.0,433.0
930.0,426.0
931.0,397.0
932.0,418.0
933.0,405.0
934.0,406.0
935.0,397.0
936.0,409.0
937.0,420.0
938.0,387.0
939.0,417.0
940.0,389.0
941.0,395.0
942.0,385.0
943.0,400.0
944.0,388.0
945.0,406.0
946.0,399.0
947.0,394.0
948.0,396.0
949.0,397.0
950.0,388.0
951.0,393.0
952.0,393.0
953.0,401.0
954.0,366.0
955.0,392.0
956.0,378.0
957.0,387.0
958.0,394.0
959.0,389.0
960.0,385.0
961.0,375.0
962.0,419.0
963.0,396.0
964.0,444.0
965.0,538.0
966.0,506.0
967.0,419.0
968.0,371.0
969.0,384.0
970.0,352.0
971.0,389.0
972.0,369.0
973.0,376.0
974.0,380.0
975.0,379.0
976.0,353.0
977.0,364.0
978.0,374.0
979.0,338.0
980.0,358.0
981.0,340.0
982.0,360.0
983.0,345.0
984.0,354.0
985.0,351.0
986.0,360.0
987.0,343.0
988.0,350.0
989.0,363.0
990.0,347.0
991.0,368.0
992.0,344.0
993.0,365.0
994.0,347.0
995.0,345.0
996.0,351.0
997.0,324.0
998.0,343.0
999.0,324.0
1000.0,358.0
1001.0,332.0
1002.0,352.0
1003.0,351.0
1004.0,310.0
1005.0,362.0
1006.0,331.0
1007.0,378.0
1008.0,377.0
1009.0,415.0
1010.0,596.0
1011.0,1024.0
1012.0,1118.0
1013.0,692.0
1014.0,406.0
1015.0,358.0
1016.0,351.0
1017.0,327.0
1018.0,339.0
1019.0,342.0
1020.0,336.0
1021.0,361.0
1022.0,397.0
1023.0,387.0
