0.0,139.0
1.0,172.0
2.0,190.0
3.0,217.0
4.0,216.0
5.0,244.0
6.0,216.0
7.0,231.0
8.0,258.0
9.0,243.0
10.0,248.0
11.0,230.0
12.0,233.0
13.0,244.0
14.0,241.0
15.0,250.0
16.0,256.0
17.0,241.0
18.0,260.0
19.0,264.0
20.0,251.0
21.0,231.0
22.0,257.0
23.0,235.0
24.0,273.0
25.0,275.0
26.0,264.0
27.0,283.0
28.0,267.0
29.0,255.0
30.0,277.0
31.0,269.0
32.0,261.0
33.0,281.0
34.0,273.0
35.0,272.0
36.0,261.0
37.0,276.0
38.0,274.0
39.0,276.0
40.0,264.0
41.0,263.0
42.0,271.0
43.0,273.0
44.0,298.0
45.0,291.0
46.0,302.0
47.0,280.0
48.0,277.0
49.0,291.0
50.0,272.0
51.0,315.0
52.0,300.0
53.0,331.0
54.0,318.0
55.0,353.0
56.0,350.0
57.0,345.0
58.0,321.0
59.0,348.0
60.0,327.0
61.0,338.0
62.0,347.0
63.0,330.0
64.0,345.0
65.0,337.0
66.0,353.0
67.0,341.0
68.0,345.0
69.0,350.0
70.0,341.0
71.0,349.0
72.0,359.0
73.0,350.0
74.0,360.0
75.0,371.0
76.0,370.0
77.0,360.0
78.0,345.0
79.0,369.0
80.0,368.0
81.0,368.0
82.0,370.0
83.0,361.0
84.0,378.0
85.0,350.0
86.0,351.0
87.0,373.0
88.0,369.0
89.0,383.0
90.0,346.0
91.0,367.0
92.0,372.0
93.0,390.0
94.0,369.0
95.0,375.0
96.0,386.0
97.0,392.0
98.0,360.0
99.0,396.0
100.0,365.0
101.0,388.0
102.0,401.0
103.0,385.0
104.0,388.0
105.0,399.0
106.0,389.0
107.0,394.0
108.0,354.0
109.0,395.0
110.0,390.0
111.0,377.0
112.0,414.0
113.0,398.0
114.0,414.0
115.0,423.0
116.0,400.0
117.0,430.0
118.0,406.0
119.0,403.0
120.0,417.0
121.0,422.0
122.0,423.0
123.0,392.0
124.0,424.0
125.0,424.0
126.0,425.0
127.0,435.0
128.0,409.0
129.0,422.0
130.0,407.0
131.0,407.0
132.0,428.0
133.0,411.0
134.0,436.0
135.0,414.0
136.0,422.0
137.0,437.0
138.0,448.0
139.0,459.0
140.0,437.0
141.0,430.0
142.0,426.0
143.0,463.0
144.0,432.0
145.0,444.0
146.0,431.0
147.0,458.0
148.0,459.0
149.0,438.0
150.0,440.0
151.0,464.0
152.0,444.0
153.0,461.0
154.0,449.0
155.0,457.0
156.0,457.0
157.0,466.0
158.0,466.0
159.0,457.0
160.0,455.0
161.0,498.0
162.0,473.0
163.0,471.0
164.0,436.0
165.0,468.0
166.0,466.0
167.0,472.0
168.0,470.0
169.0,486.0
170.0,462.0
171.0,474.0
172.0,469.0
173.0,481.0
174.0,470.0
175.0,518.0
176.0,505.0
177.0,512.0
178.0,480.0
179.0,510.0
180.0,509.0
181.0,497.0
182.0,495.0
183.0,509.0
184.0,502.0
185.0,476.0
186.0,489.0
187.0,470.0
188.0,506.0
189.0,488.0
190.0,485.0
191.0,528.0
192.0,519.0
193.0,490.0
194.0,526.0
195.0,519.0
196.0,498.0
197.0,495.0
198.0,497.0
199.0,540.0
200.0,529.0
201.0,496.0
202.0,519.0
203.0,510.0
204.0,518.0
205.0,509.0
206.0,512.0
207.0,532.0
208.0,509.0
209.0,529.0
210.0,539.0
211.0,518.0
212.0,547.0
213.0,520.0
214.0,553.0
215.0,534.0
216.0,529.0
217.0,540.0
218.0,511.0
219.0,550.0
220.0,522.0
221.0,549.0
222.0,516.0
223.0,548.0
224.0,538.0
225.0,564.0
226.0,551.0
227.0,532.0
228.0,551.0
229.0,549.0
230.0,588.0
231.0,556.0
232.0,563.0
233.0,542.0
234.0,576.0
235.0,564.0
236.0,574.0
237.0,560.0
238.0,580.0
239.0,586.0
240.0,570.0
241.0,561.0
242.0,577.0
243.0,564.0
244.0,570.0
245.0,578.0
246.0,588.0
247.0,598.0
248.0,614.0
249.0,625.0
250.0,733.0
251.0,927.0
252.0,1129.0
253.0,958.0
254.0,711.0
255.0,598.0
256.0,604.0
257.0,602.0
258.0,576.0
259.0,607.0
260.0,587.0
261.0,601.0
262.0,621.0
263.0,624.0
264.0,603.0
265.0,625.0
266.0,609.0
267.0,618.0
268.0,599.0
269.0,614.0
270.0,613.0
271.0,634.0
272.0,634.0
273.0,638.0
274.0,593.0
275.0,621.0
276.0,643.0
277.0,631.0
278.0,629.0
279.0,614.0
280.0,627.0
281.0,610.0
282.0,640.0
283.0,648.0
284.0,603.0
285.0,605.0
286.0,646.0
287.0,636.0
288.0,653.0
289.0,643.0
290.0,649.0
291.0,638.0
292.0,638.0
293.0,715.0
294.0,1274.0
295.0,932.0
296.0,627.0
297.0,668.0
298.0,654.0
299.0,666.0
300.0,666.0
301.0,675.0
302.0,678.0
303.0,684.0
304.0,658.0
305.0,637.0
306.0,679.0
307.0,688.0
308.0,670.0
309.0,686.0
310.0,655.0
311.0,673.0
312.0,679.0
313.0,660.0
314.0,678.0
315.0,692.0
316.0,641.0
317.0,686.0
318.0,682.0
319.0,672.0
320.0,685.0
321.0,694.0
322.0,685.0
323.0,692.0
324.0,702.0
325.0,688.0
326.0,703.0
327.0,693.0
328.0,659.0
329.0,706.0
330.0,705.0
331.0,681.0
332.0,699.0
333.0,682.0
334.0,716.0
335.0,692.0
336.0,704.0
337.0,691.0
338.0,720.0
339.0,705.0
340.0,699.0
341.0,714.0
342.0,728.0
343.0,703.0
344.0,706.0
345.0,697.0
346.0,710.0
347.0,736.0
348.0,729.0
349.0,723.0
350.0,718.0
351.0,723.0
352.0,727.0
353.0,718.0
354.0,688.0
355.0,723.0
356.0,746.0
357.0,730.0
358.0,728.0
359.0,727.0
360.0,749.0
361.0,747.0
362.0,780.0
363.0,766.0
364.0,736.0
365.0,746.0
366.0,771.0
367.0,777.0
368.0,748.0
369.0,740.0
370.0,744.0
371.0,744.0
372.0,784.0
373.0,764.0
374.0,773.0
375.0,778.0
376.0,751.0
377.0,774.0
378.0,787.0
379.0,772.0
380.0,806.0
381.0,779.0
382.0,810.0
383.0,838.0
384.0,794.0
385.0,824.0
386.0,838.0
387.0,849.0
388.0,886.0
389.0,994.0
390.0,1233.0
391.0,2136.0
392.0,4684.0
393.0,9298.0
394.0,10202.0
395.0,5325.0
396.0,1527.0
397.0,933.0
398.0,886.0
399.0,851.0
400.0,871.0
401.0,833.0
402.0,814.0
403.0,814.0
404.0,784.0
405.0,800.0
406.0,813.0
407.0,798.0
408.0,812.0
409.0,799.0
410.0,820.0
411.0,823.0
412.0,814.0
413.0,803.0
414.0,787.0
415.0,797.0
416.0,806.0
417.0,838.0
418.0,789.0
419.0,810.0
420.0,812.0
421.0,827.0
422.0,807.0
423.0,802.0
424.0,804.0
425.0,846.0
426.0,806.0
427.0,828.0
428.0,804.0
429.0,832.0
430.0,820.0
431.0,807.0
432.0,814.0
433.0,819.0
434.0,808.0
435.0,814.0
436.0,834.0
437.0,844.0
438.0,834.0
439.0,835.0
440.0,838.0
441.0,826.0
442.0,849.0
443.0,848.0
444.0,836.0
445.0,846.0
446.0,849.0
447.0,842.0
448.0,854.0
449.0,858.0
450.0,855.0
451.0,870.0
452.0,865.0
453.0,899.0
454.0,898.0
455.0,901.0
456.0,874.0
457.0,903.0
458.0,890.0
459.0,955.0
460.0,973.0
461.0,1006.0
462.0,1027.0
463.0,1065.0
464.0,1407.0
465.0,2323.0
466.0,5129.0
467.0,10454.0
468.0,12106.0
469.0,6480.0
470.0,1881.0
471.0,1156.0
472.0,1093.0
473.0,1090.0
474.0,1075.0
475.0,1178.0
476.0,1310.0
477.0,1778.0
478.0,3370.0
479.0,8448.0
480.0,21250.0
481.0,31274.0
482.0,21861.0
483.0,6168.0
484.0,1692.0
485.0,1182.0
486.0,1074.0
487.0,965.0
488.0,970.0
489.0,899.0
490.0,882.0
491.0,907.0
492.0,899.0
493.0,890.0
494.0,850.0
495.0,860.0
496.0,852.0
497.0,827.0
498.0,834.0
499.0,847.0
500.0,850.0
501.0,816.0
502.0,841.0
503.0,834.0
504.0,803.0
505.0,829.0
506.0,837.0
507.0,796.0
508.0,790.0
509.0,821.0
510.0,839.0
511.0,808.0
512.0,781.0
513.0,830.0
514.0,823.0
515.0,807.0
516.0,809.0
517.0,814.0
518.0,806.0
519.0,791.0
520.0,818.0
521.0,829.0
522.0,805.0
523.0,811.0
524.0,801.0
525.0,788.0
526.0,799.0
527.0,769.0
528.0,795.0
529.0,772.0
530.0,779.0
531.0,799.0
532.0,795.0
533.0,803.0
534.0,771.0
535.0,773.0
536.0,790.0
537.0,783.0
538.0,763.0
539.0,746.0
540.0,779.0
541.0,753.0
542.0,773.0
543.0,788.0
544.0,774.0
545.0,759.0
546.0,749.0
547.0,764.0
548.0,764.0
549.0,753.0
550.0,774.0
551.0,776.0
552.0,756.0
553.0,760.0
554.0,745.0
555.0,759.0
556.0,734.0
557.0,738.0
558.0,744.0
559.0,769.0
560.0,735.0
561.0,747.0
562.0,745.0
563.0,783.0
564.0,743.0
565.0,751.0
566.0,753.0
567.0,733.0
568.0,737.0
569.0,738.0
570.0,748.0
571.0,759.0
572.0,723.0
573.0,747.0
574.0,740.0
575.0,738.0
576.0,724.0
577.0,735.0
578.0,719.0
579.0,735.0
580.0,701.0
581.0,722.0
582.0,714.0
583.0,731.0
584.0,714.0
585.0,704.0
586.0,740.0
587.0,707.0
588.0,722.0
589.0,706.0
590.0,722.0
591.0,719.0
592.0,709.0
593.0,723.0
594.0,707.0
595.0,720.0
596.0,695.0
597.0,702.0
598.0,669.0
599.0,702.0
600.0,707.0
601.0,725.0
602.0,676.0
603.0,706.0
604.0,700.0
605.0,685.0
606.0,677.0
607.0,694.0
608.0,678.0
609.0,711.0
610.0,702.0
611.0,665.0
612.0,686.0
613.0,697.0
614.0,675.0
615.0,667.0
616.0,676.0
617.0,678.0
618.0,675.0
619.0,677.0
620.0,680.0
621.0,691.0
622.0,681.0
623.0,697.0
624.0,670.0
625.0,677.0
626.0,668.0
627.0,671.0
628.0,667.0
629.0,661.0
630.0,673.0
631.0,681.0
632.0,668.0
633.0,645.0
634.0,656.0
635.0,681.0
636.0,660.0
637.0,668.0
638.0,670.0
639.0,657.0
640.0,686.0
641.0,670.0
642.0,650.0
643.0,676.0
644.0,646.0
645.0,647.0
646.0,637.0
647.0,664.0
648.0,622.0
649.0,668.0
650.0,638.0
651.0,648.0
652.0,614.0
653.0,668.0
654.0,652.0
655.0,657.0
656.0,632.0
657.0,659.0
658.0,632.0
659.0,645.0
660.0,631.0
661.0,661.0
662.0,647.0
663.0,620.0
664.0,632.0
665.0,633.0
666.0,627.0
667.0,625.0
668.0,631.0
669.0,609.0
670.0,624.0
671.0,614.0
672.0,633.0
673.0,600.0
674.0,610.0
675.0,627.0
676.0,619.0
677.0,609.0
678.0,601.0
679.0,591.0
680.0,595.0
681.0,600.0
682.0,616.0
683.0,618.0
684.0,595.0
685.0,622.0
686.0,592.0
687.0,612.0
688.0,607.0
689.0,618.0
690.0,584.0
691.0,606.0
692.0,633.0
693.0,612.0
694.0,582.0
695.0,597.0
696.0,589.0
697.0,595.0
698.0,586.0
699.0,627.0
700.0,606.0
701.0,598.0
702.0,585.0
703.0,584.0
704.0,624.0
705.0,574.0
706.0,592.0
707.0,591.0
708.0,580.0
709.0,595.0
710.0,587.0
711.0,604.0
712.0,585.0
713.0,604.0
714.0,594.0
715.0,602.0
716.0,589.0
717.0,600.0
718.0,593.0
719.0,603.0
720.0,643.0
721.0,601.0
722.0,653.0
723.0,677.0
724.0,704.0
725.0,759.0
726.0,944.0
727.0,1611.0
728.0,4166.0
729.0,10856.0
730.0,16063.0
731.0,9693.0
732.0,2089.0
733.0,698.0
734.0,610.0
735.0,574.0
736.0,557.0
737.0,578.0
738.0,523.0
739.0,562.0
740.0,543.0
741.0,548.0
742.0,511.0
743.0,529.0
744.0,536.0
745.0,535.0
746.0,532.0
747.0,528.0
748.0,535.0
749.0,521.0
750.0,531.0
751.0,540.0
752.0,510.0
753.0,508.0
754.0,522.0
755.0,507.0
756.0,501.0
757.0,513.0
758.0,526.0
759.0,509.0
760.0,488.0
761.0,496.0
762.0,478.0
763.0,496.0
764.0,484.0
765.0,488.0
766.0,495.0
767.0,488.0
768.0,456.0
769.0,473.0
770.0,504.0
771.0,478.0
772.0,465.0
773.0,488.0
774.0,484.0
775.0,491.0
776.0,489.0
777.0,490.0
778.0,483.0
779.0,470.0
780.0,463.0
781.0,470.0
782.0,435.0
783.0,486.0
784.0,458.0
785.0,471.0
786.0,444.0
787.0,458.0
788.0,464.0
789.0,445.0
790.0,442.0
791.0,447.0
792.0,476.0
793.0,432.0
794.0,452.0
795.0,457.0
796.0,412.0
797.0,439.0
798.0,459.0
799.0,427.0
800.0,429.0
801.0,434.0
802.0,432.0
803.0,434.0
804.0,420.0
805.0,412.0
806.0,419.0
807.0,413.0
808.0,437.0
809.0,436.0
810.0,439.0
811.0,408.0
812.0,415.0
813.0,398.0
814.0,416.0
815.0,405.0
816.0,432.0
817.0,429.0
818.0,393.0
819.0,406.0
820.0,406.0
821.0,401.0
822.0,417.0
823.0,417.0
824.0,395.0
825.0,390.0
826.0,384.0
827.0,392.0
828.0,394.0
829.0,403.0
830.0,402.0
831.0,405.0
832.0,404.0
833.0,402.0
834.0,390.0
835.0,397.0
836.0,392.0
837.0,397.0
838.0,401.0
839.0,371.0
840.0,374.0
841.0,395.0
842.0,381.0
843.0,379.0
844.0,378.0
845.0,392.0
846.0,381.0
847.0,387.0
848.0,375.0
849.0,377.0
850.0,363.0
851.0,390.0
852.0,364.0
853.0,371.0
854.0,373.0
855.0,372.0
856.0,358.0
857.0,359.0
858.0,374.0
859.0,361.0
860.0,352.0
861.0,366.0
862.0,385.0
863.0,380.0
864.0,349.0
865.0,349.0
866.0,361.0
867.0,362.0
868.0,362.0
869.0,380.0
870.0,351.0
871.0,358.0
872.0,366.0
873.0,361.0
874.0,325.0
875.0,361.0
876.0,369.0
877.0,365.0
878.0,334.0
879.0,357.0
880.0,338.0
881.0,343.0
882.0,337.0
883.0,338.0
884.0,354.0
885.0,359.0
886.0,330.0
887.0,341.0
888.0,314.0
889.0,344.0
890.0,343.0
891.0,339.0
892.0,348.0
893.0,333.0
894.0,339.0
895.0,319.0
896.0,354.0
897.0,325.0
898.0,345.0
899.0,346.0
900.0,333.0
901.0,367.0
902.0,343.0
903.0,316.0
904.0,330.0
905.0,333.0
906.0,312.0
907.0,352.0
908.0,327.0
909.0,338.0
910.0,324.0
911.0,351.0
912.0,342.0
913.0,341.0
914.0,336.0
915.0,351.0
916.0,308.0
917.0,300.0
918.0,339.0
919.0,342.0
920.0,316.0
921.0,336.0
922.0,329.0
923.0,326.0
924.0,330.0
925.0,336.0
926.0,329.0
927.0,348.0
928.0,330.0
929.0,317.0
930.0,315.0
931.0,343.0
932.0,441.0
933.0,721.0
934.0,1319.0
935.0,1304.0
936.0,652.0
937.0,360.0
938.0,329.0
939.0,350.0
940.0,326.0
941.0,332.0
942.0,314.0
943.0,310.0
944.0,338.0
945.0,314.0
946.0,307.0
947.0,309.0
948.0,322.0
949.0,302.0
950.0,325.0
951.0,310.0
952.0,327.0
953.0,335.0
954.0,308.0
955.0,328.0
956.0,335.0
957.0,304.0
958.0,291.0
959.0,312.0
960.0,316.0
961.0,319.0
962.0,302.0
963.0,323.0
964.0,338.0
965.0,322.0
966.0,313.0
967.0,308.0
968.0,309.0
969.0,331.0
970.0,307.0
971.0,292.0
972.0,302.0
973.0,321.0
974.0,303.0
975.0,312.0
976.0,329.0
977.0,376.0
978.0,386.0
979.0,332.0
980.0,303.0
981.0,309.0
982.0,313.0
983.0,307.0
984.0,302.0
985.0,320.0
986.0,323.0
987.0,321.0
988.0,310.0
989.0,321.0
990.0,314.0
991.0,301.0
992.0,308.0
993.0,290.0
994.0,297.0
995.0,312.0
996.0,336.0
997.0,298.0
998.0,305.0
999.0,312.0
1000.0,300.0
1001.0,298.0
1002.0,298.0
1003.0,324.0
1004.0,297.0
1005.0,314.0
1006.0,313.0
1007.0,317.0
1008.0,319.0
1009.0,309.0
1010.0,310.0
1011.0,322.0
1012.0,302.0
1013.0,314.0
1014.0,309.0
1015.0,315.0
1016.0,310.0
1017.0,315.0
1018.0,303.0
1019.0,296.0
1020.0,316.0
1021.0,294.0
1022.0,302.0
1023.0,298.0
