0.0,127.0
1.0,158.0
2.0,164.0
3.0,216.0
4.0,236.0
5.0,235.0
6.0,233.0
7.0,245.0
8.0,254.0
9.0,230.0
10.0,233.0
11.0,251.0
12.0,237.0
13.0,251.0
14.0,235.0
15.0,251.0
16.0,271.0
17.0,256.0
18.0,252.0
19.0,247.0
20.0,250.0
21.0,253.0
22.0,249.0
23.0,264.0
24.0,268.0
25.0,253.0
26.0,270.0
27.0,266.0
28.0,263.0
29.0,245.0
30.0,255.0
31.0,266.0
32.0,263.0
33.0,249.0
34.0,270.0
35.0,266.0
36.0,266.0
37.0,278.0
38.0,262.0
39.0,280.0
40.0,253.0
41.0,265.0
42.0,304.0
43.0,268.0
44.0,302.0
45.0,271.0
46.0,293.0
47.0,284.0
48.0,316.0
49.0,311.0
50.0,313.0
51.0,317.0
52.0,338.0
53.0,315.0
54.0,304.0
55.0,329.0
56.0,313.0
57.0,342.0
58.0,331.0
59.0,335.0
60.0,340.0
61.0,330.0
62.0,317.0
63.0,320.0
64.0,334.0
65.0,347.0
66.0,312.0
67.0,318.0
68.0,352.0
69.0,344.0
70.0,309.0
71.0,356.0
72.0,330.0
73.0,330.0
74.0,360.0
75.0,364.0
76.0,339.0
77.0,328.0
78.0,362.0
79.0,326.0
80.0,358.0
81.0,372.0
82.0,337.0
83.0,374.0
84.0,350.0
85.0,337.0
86.0,365.0
87.0,340.0
88.0,361.0
89.0,366.0
90.0,356.0
91.0,371.0
92.0,350.0
93.0,342.0
94.0,364.0
95.0,372.0
96.0,350.0
97.0,396.0
98.0,368.0
99.0,392.0
100.0,394.0
101.0,373.0
102.0,369.0
103.0,344.0
104.0,383.0
105.0,370.0
106.0,394.0
107.0,386.0
108.0,382.0
109.0,393.0
110.0,390.0
111.0,390.0
112.0,396.0
113.0,404.0
114.0,394.0
115.0,386.0
116.0,394.0
117.0,409.0
118.0,386.0
119.0,402.0
120.0,389.0
121.0,399.0
122.0,383.0
123.0,386.0
124.0,407.0
125.0,416.0
126.0,394.0
127.0,387.0
128.0,411.0
129.0,418.0
130.0,416.0
131.0,428.0
132.0,421.0
133.0,407.0
134.0,408.0
135.0,415.0
136.0,432.0
137.0,427.0
138.0,406.0
139.0,432.0
140.0,421.0
141.0,425.0
142.0,442.0
143.0,436.0
144.0,414.0
145.0,447.0
146.0,422.0
147.0,429.0
148.0,424.0
149.0,441.0
150.0,443.0
151.0,448.0
152.0,444.0
153.0,441.0
154.0,430.0
155.0,431.0
156.0,438.0
157.0,449.0
158.0,454.0
159.0,462.0
160.0,454.0
161.0,463.0
162.0,455.0
163.0,479.0
164.0,457.0
165.0,463.0
166.0,471.0
167.0,495.0
168.0,458.0
169.0,482.0
170.0,470.0
171.0,473.0
172.0,506.0
173.0,475.0
174.0,493.0
175.0,476.0
176.0,461.0
177.0,495.0
178.0,493.0
179.0,514.0
180.0,505.0
181.0,508.0
182.0,482.0
183.0,494.0
184.0,490.0
185.0,498.0
186.0,510.0
187.0,543.0
188.0,523.0
189.0,535.0
190.0,520.0
191.0,566.0
192.0,560.0
193.0,621.0
194.0,625.0
195.0,712.0
196.0,897.0
197.0,1577.0
198.0,3860.0
199.0,9098.0
200.0,13400.0
201.0,9712.0
202.0,2746.0
203.0,775.0
204.0,585.0
205.0,573.0
206.0,563.0
207.0,579.0
208.0,538.0
209.0,532.0
210.0,560.0
211.0,547.0
212.0,511.0
213.0,558.0
214.0,550.0
215.0,557.0
216.0,545.0
217.0,559.0
218.0,558.0
219.0,534.0
220.0,553.0
221.0,550.0
222.0,549.0
223.0,556.0
224.0,555.0
225.0,520.0
226.0,550.0
227.0,568.0
228.0,539.0
229.0,561.0
230.0,529.0
231.0,550.0
232.0,554.0
233.0,562.0
234.0,565.0
235.0,565.0
236.0,541.0
237.0,586.0
238.0,548.0
239.0,570.0
240.0,560.0
241.0,545.0
242.0,576.0
243.0,541.0
244.0,559.0
245.0,558.0
246.0,582.0
247.0,599.0
248.0,558.0
249.0,556.0
250.0,563.0
251.0,580.0
252.0,568.0
253.0,573.0
254.0,578.0
255.0,582.0
256.0,584.0
257.0,558.0
258.0,581.0
259.0,578.0
260.0,585.0
261.0,592.0
262.0,576.0
263.0,569.0
264.0,576.0
265.0,605.0
266.0,571.0
267.0,599.0
268.0,551.0
269.0,579.0
270.0,600.0
271.0,609.0
272.0,616.0
273.0,575.0
274.0,604.0
275.0,606.0
276.0,603.0
277.0,618.0
278.0,606.0
279.0,633.0
280.0,604.0
281.0,592.0
282.0,617.0
283.0,622.0
284.0,633.0
285.0,580.0
286.0,603.0
287.0,587.0
288.0,621.0
289.0,618.0
290.0,604.0
291.0,648.0
292.0,617.0
293.0,635.0
294.0,614.0
295.0,625.0
296.0,639.0
297.0,625.0
298.0,632.0
299.0,644.0
300.0,645.0
301.0,635.0
302.0,632.0
303.0,613.0
304.0,614.0
305.0,635.0
306.0,629.0
307.0,639.0
308.0,649.0
309.0,630.0
310.0,631.0
311.0,641.0
312.0,638.0
313.0,660.0
314.0,656.0
315.0,643.0
316.0,673.0
317.0,658.0
318.0,673.0
319.0,645.0
320.0,682.0
321.0,660.0
322.0,669.0
323.0,709.0
324.0,649.0
325.0,663.0
326.0,666.0
327.0,665.0
328.0,661.0
329.0,646.0
330.0,676.0
331.0,663.0
332.0,665.0
333.0,663.0
334.0,665.0
335.0,686.0
336.0,673.0
337.0,693.0
338.0,662.0
339.0,671.0
340.0,687.0
341.0,678.0
342.0,678.0
343.0,678.0
344.0,700.0
345.0,696.0
346.0,673.0
347.0,711.0
348.0,705.0
349.0,676.0
350.0,703.0
351.0,695.0
352.0,681.0
353.0,666.0
354.0,716.0
355.0,719.0
356.0,728.0
357.0,736.0
358.0,717.0
359.0,701.0
360.0,730.0
361.0,728.0
362.0,740.0
363.0,718.0
364.0,740.0
365.0,713.0
366.0,720.0
367.0,701.0
368.0,707.0
369.0,730.0
370.0,721.0
371.0,703.0
372.0,716.0
373.0,733.0
374.0,732.0
375.0,723.0
376.0,762.0
377.0,729.0
378.0,746.0
379.0,777.0
380.0,770.0
381.0,760.0
382.0,743.0
383.0,774.0
384.0,760.0
385.0,771.0
386.0,781.0
387.0,783.0
388.0,782.0
389.0,800.0
390.0,804.0
391.0,774.0
392.0,810.0
393.0,793.0
394.0,796.0
395.0,866.0
396.0,787.0
397.0,832.0
398.0,816.0
399.0,841.0
400.0,857.0
401.0,859.0
402.0,865.0
403.0,893.0
404.0,906.0
405.0,922.0
406.0,958.0
407.0,1001.0
408.0,1060.0
409.0,1104.0
410.0,1264.0
411.0,1391.0
412.0,1954.0
413.0,4046.0
414.0,10970.0
415.0,28495.0
416.0,42823.0
417.0,30486.0
418.0,7134.0
419.0,1416.0
420.0,1092.0
421.0,1008.0
422.0,955.0
423.0,917.0
424.0,873.0
425.0,909.0
426.0,871.0
427.0,885.0
428.0,904.0
429.0,892.0
430.0,878.0
431.0,854.0
432.0,881.0
433.0,899.0
434.0,868.0
435.0,857.0
436.0,847.0
437.0,870.0
438.0,878.0
439.0,865.0
440.0,887.0
441.0,841.0
442.0,852.0
443.0,875.0
444.0,849.0
445.0,864.0
446.0,882.0
447.0,911.0
448.0,881.0
449.0,917.0
450.0,909.0
451.0,928.0
452.0,948.0
453.0,957.0
454.0,1026.0
455.0,1129.0
456.0,1213.0
457.0,1505.0
458.0,2724.0
459.0,6663.0
460.0,17653.0
461.0,26996.0
462.0,19278.0
463.0,4814.0
464.0,1269.0
465.0,995.0
466.0,952.0
467.0,952.0
468.0,902.0
469.0,880.0
470.0,868.0
471.0,882.0
472.0,838.0
473.0,877.0
474.0,863.0
475.0,879.0
476.0,877.0
477.0,842.0
478.0,878.0
479.0,866.0
480.0,882.0
481.0,835.0
482.0,870.0
483.0,855.0
484.0,894.0
485.0,857.0
486.0,861.0
487.0,857.0
488.0,829.0
489.0,880.0
490.0,866.0
491.0,858.0
492.0,856.0
493.0,866.0
494.0,894.0
495.0,880.0
496.0,864.0
497.0,858.0
498.0,904.0
499.0,884.0
500.0,889.0
501.0,892.0
502.0,934.0
503.0,951.0
504.0,941.0
505.0,979.0
506.0,1015.0
507.0,1062.0
508.0,1141.0
509.0,1305.0
510.0,1827.0
511.0,3618.0
512.0,9820.0
513.0,23678.0
514.0,32495.0
515.0,20290.0
516.0,4906.0
517.0,1520.0
518.0,1123.0
519.0,1008.0
520.0,946.0
521.0,895.0
522.0,879.0
523.0,853.0
524.0,848.0
525.0,801.0
526.0,819.0
527.0,812.0
528.0,807.0
529.0,777.0
530.0,813.0
531.0,815.0
532.0,776.0
533.0,760.0
534.0,789.0
535.0,774.0
536.0,746.0
537.0,765.0
538.0,748.0
539.0,754.0
540.0,729.0
541.0,737.0
542.0,759.0
543.0,756.0
544.0,735.0
545.0,759.0
546.0,761.0
547.0,766.0
548.0,720.0
549.0,750.0
550.0,740.0
551.0,744.0
552.0,746.0
553.0,783.0
554.0,713.0
555.0,726.0
556.0,724.0
557.0,732.0
558.0,729.0
559.0,717.0
560.0,707.0
561.0,754.0
562.0,732.0
563.0,734.0
564.0,717.0
565.0,721.0
566.0,748.0
567.0,715.0
568.0,746.0
569.0,726.0
570.0,779.0
571.0,790.0
572.0,821.0
573.0,1060.0
574.0,1882.0
575.0,4068.0
576.0,5720.0
577.0,3808.0
578.0,1286.0
579.0,763.0
580.0,705.0
581.0,711.0
582.0,666.0
583.0,686.0
584.0,673.0
585.0,687.0
586.0,680.0
587.0,671.0
588.0,678.0
589.0,681.0
590.0,684.0
591.0,675.0
592.0,669.0
593.0,682.0
594.0,674.0
595.0,695.0
596.0,656.0
597.0,658.0
598.0,640.0
599.0,641.0
600.0,639.0
601.0,677.0
602.0,653.0
603.0,627.0
604.0,661.0
605.0,681.0
606.0,670.0
607.0,648.0
608.0,665.0
609.0,628.0
610.0,626.0
611.0,669.0
612.0,653.0
613.0,623.0
614.0,655.0
615.0,605.0
616.0,614.0
617.0,657.0
618.0,638.0
619.0,631.0
620.0,655.0
621.0,637.0
622.0,625.0
623.0,638.0
624.0,620.0
625.0,635.0
626.0,636.0
627.0,606.0
628.0,611.0
629.0,633.0
630.0,632.0
631.0,609.0
632.0,622.0
633.0,628.0
634.0,624.0
635.0,623.0
636.0,595.0
637.0,606.0
638.0,622.0
639.0,611.0
640.0,634.0
641.0,611.0
642.0,646.0
643.0,602.0
644.0,611.0
645.0,611.0
646.0,604.0
647.0,606.0
648.0,609.0
649.0,608.0
650.0,613.0
651.0,595.0
652.0,588.0
653.0,600.0
654.0,602.0
655.0,591.0
656.0,594.0
657.0,620.0
658.0,597.0
659.0,598.0
660.0,565.0
661.0,575.0
662.0,615.0
663.0,611.0
664.0,577.0
665.0,575.0
666.0,609.0
667.0,590.0
668.0,601.0
669.0,594.0
670.0,582.0
671.0,590.0
672.0,563.0
673.0,593.0
674.0,558.0
675.0,606.0
676.0,559.0
677.0,562.0
678.0,565.0
679.0,573.0
680.0,593.0
681.0,556.0
682.0,574.0
683.0,565.0
684.0,575.0
685.0,583.0
686.0,541.0
687.0,568.0
688.0,563.0
689.0,573.0
690.0,546.0
691.0,574.0
692.0,562.0
693.0,550.0
694.0,555.0
695.0,538.0
696.0,524.0
697.0,515.0
698.0,570.0
699.0,548.0
700.0,566.0
701.0,550.0
702.0,551.0
703.0,548.0
704.0,536.0
705.0,541.0
706.0,549.0
707.0,542.0
708.0,539.0
709.0,561.0
710.0,554.0
711.0,559.0
712.0,545.0
713.0,533.0
714.0,562.0
715.0,537.0
716.0,505.0
717.0,538.0
718.0,514.0
719.0,539.0
720.0,527.0
721.0,526.0
722.0,531.0
723.0,547.0
724.0,533.0
725.0,538.0
726.0,530.0
727.0,520.0
728.0,534.0
729.0,526.0
730.0,500.0
731.0,538.0
732.0,509.0
733.0,525.0
734.0,502.0
735.0,535.0
736.0,500.0
737.0,496.0
738.0,523.0
739.0,518.0
740.0,511.0
741.0,510.0
742.0,493.0
743.0,498.0
744.0,502.0
745.0,488.0
746.0,513.0
747.0,516.0
748.0,487.0
749.0,504.0
750.0,490.0
751.0,485.0
752.0,471.0
753.0,482.0
754.0,480.0
755.0,453.0
756.0,478.0
757.0,479.0
758.0,474.0
759.0,483.0
760.0,457.0
761.0,471.0
762.0,459.0
763.0,443.0
764.0,489.0
765.0,450.0
766.0,497.0
767.0,470.0
768.0,484.0
769.0,484.0
770.0,442.0
771.0,450.0
772.0,430.0
773.0,455.0
774.0,444.0
775.0,445.0
776.0,451.0
777.0,471.0
778.0,455.0
779.0,469.0
780.0,440.0
781.0,449.0
782.0,468.0
783.0,420.0
784.0,414.0
785.0,447.0
786.0,423.0
787.0,417.0
788.0,454.0
789.0,422.0
790.0,412.0
791.0,431.0
792.0,404.0
793.0,433.0
794.0,438.0
795.0,431.0
796.0,419.0
797.0,423.0
798.0,428.0
799.0,403.0
800.0,425.0
801.0,407.0
802.0,421.0
803.0,407.0
804.0,408.0
805.0,419.0
806.0,416.0
807.0,409.0
808.0,403.0
809.0,400.0
810.0,413.0
811.0,398.0
812.0,413.0
813.0,390.0
814.0,391.0
815.0,417.0
816.0,398.0
817.0,414.0
818.0,401.0
819.0,385.0
820.0,392.0
821.0,377.0
822.0,381.0
823.0,390.0
824.0,420.0
825.0,387.0
826.0,371.0
827.0,380.0
828.0,390.0
829.0,392.0
830.0,414.0
831.0,382.0
832.0,380.0
833.0,376.0
834.0,404.0
835.0,383.0
836.0,373.0
837.0,369.0
838.0,378.0
839.0,371.0
840.0,371.0
841.0,363.0
842.0,367.0
843.0,360.0
844.0,383.0
845.0,364.0
846.0,380.0
847.0,373.0
848.0,365.0
849.0,358.0
850.0,368.0
851.0,369.0
852.0,353.0
853.0,366.0
854.0,365.0
855.0,358.0
856.0,362.0
857.0,373.0
858.0,349.0
859.0,360.0
860.0,337.0
861.0,348.0
862.0,368.0
863.0,350.0
864.0,366.0
865.0,347.0
866.0,349.0
867.0,355.0
868.0,364.0
869.0,343.0
870.0,333.0
871.0,357.0
872.0,356.0
873.0,353.0
874.0,353.0
875.0,358.0
876.0,319.0
877.0,366.0
878.0,346.0
879.0,335.0
880.0,348.0
881.0,347.0
882.0,351.0
883.0,344.0
884.0,318.0
885.0,360.0
886.0,330.0
887.0,349.0
888.0,338.0
889.0,344.0
890.0,348.0
891.0,357.0
892.0,330.0
893.0,340.0
894.0,341.0
895.0,337.0
896.0,325.0
897.0,323.0
898.0,309.0
899.0,342.0
900.0,334.0
901.0,352.0
902.0,324.0
903.0,327.0
904.0,340.0
905.0,327.0
906.0,333.0
907.0,336.0
908.0,327.0
909.0,327.0
910.0,318.0
911.0,334.0
912.0,315.0
913.0,326.0
914.0,348.0
915.0,340.0
916.0,332.0
917.0,335.0
918.0,336.0
919.0,321.0
920.0,332.0
921.0,327.0
922.0,346.0
923.0,312.0
924.0,342.0
925.0,346.0
926.0,327.0
927.0,346.0
928.0,347.0
929.0,319.0
930.0,342.0
931.0,336.0
932.0,321.0
933.0,319.0
934.0,331.0
935.0,316.0
936.0,311.0
937.0,327.0
938.0,345.0
939.0,318.0
940.0,346.0
941.0,322.0
942.0,324.0
943.0,337.0
944.0,332.0
945.0,339.0
946.0,320.0
947.0,327.0
948.0,322.0
949.0,329.0
950.0,327.0
951.0,360.0
952.0,479.0
953.0,867.0
954.0,1030.0
955.0,651.0
956.0,374.0
957.0,333.0
958.0,333.0
959.0,311.0
960.0,327.0
961.0,315.0
962.0,321.0
963.0,314.0
964.0,306.0
965.0,337.0
966.0,318.0
967.0,315.0
968.0,310.0
969.0,327.0
970.0,334.0
971.0,417.0
972.0,371.0
973.0,333.0
974.0,300.0
975.0,316.0
976.0,293.0
977.0,330.0
978.0,313.0
979.0,330.0
980.0,315.0
981.0,314.0
982.0,308.0
983.0,325.0
984.0,302.0
985.0,316.0
986.0,296.0
987.0,291.0
988.0,324.0
989.0,306.0
990.0,331.0
991.0,311.0
992.0,301.0
993.0,305.0
994.0,311.0
995.0,329.0
996.0,307.0
997.0,336.0
998.0,312.0
999.0,308.0
1000.0,323.0
1001.0,313.0
1002.0,302.0
1003.0,290.0
1004.0,309.0
1005.0,335.0
1006.0,330.0
1007.0,328.0
1008.0,303.0
1009.0,317.0
1010.0,317.0
1011.0,295.0
1012.0,310.0
1013.0,302.0
1014.0,317.0
1015.0,330.0
1016.0,305.0
1017.0,318.0
1018.0,312.0
1019.0,302.0
1020.0,317.0
1021.0,321.0
1022.0,311.0
1023.0,309.0
