0.0,630.0
1.0,963.0
2.0,942.0
3.0,936.0
4.0,997.0
5.0,964.0
6.0,980.0
7.0,1018.0
8.0,1019.0
9.0,1035.0
10.0,1036.0
11.0,1069.0
12.0,1078.0
13.0,1089.0
14.0,1088.0
15.0,1127.0
16.0,1133.0
17.0,1132.0
18.0,1140.0
19.0,1220.0
20.0,1191.0
21.0,1186.0
22.0,1204.0
23.0,1247.0
24.0,1214.0
25.0,1232.0
26.0,1231.0
27.0,1288.0
28.0,1303.0
29.0,1302.0
30.0,1297.0
31.0,1338.0
32.0,1362.0
33.0,1368.0
34.0,1368.0
35.0,1401.0
36.0,1420.0
37.0,1456.0
38.0,1460.0
39.0,1465.0
40.0,1475.0
41.0,1467.0
42.0,1513.0
43.0,1547.0
44.0,1531.0
45.0,1550.0
46.0,1529.0
47.0,1587.0
48.0,1604.0
49.0,1626.0
50.0,1632.0
51.0,1655.0
52.0,1675.0
53.0,1682.0
54.0,1719.0
55.0,1738.0
56.0,1749.0
57.0,1782.0
58.0,1775.0
59.0,1771.0
60.0,1823.0
61.0,1827.0
62.0,1862.0
63.0,1882.0
64.0,1859.0
65.0,1908.0
66.0,1913.0
67.0,1986.0
68.0,1970.0
69.0,1988.0
70.0,1970.0
71.0,2007.0
72.0,2005.0
73.0,2053.0
74.0,2135.0
75.0,2085.0
76.0,2147.0
77.0,2142.0
78.0,2185.0
79.0,2177.0
80.0,2183.0
81.0,2244.0
82.0,2207.0
83.0,2246.0
84.0,2278.0
85.0,2304.0
86.0,2329.0
87.0,2358.0
88.0,2366.0
89.0,2371.0
90.0,2378.0
91.0,2387.0
92.0,2424.0
93.0,2495.0
94.0,2474.0
95.0,2534.0
96.0,2500.0
97.0,2511.0
98.0,2558.0
99.0,2600.0
100.0,2665.0
101.0,2588.0
102.0,2636.0
103.0,2644.0
104.0,2674.0
105.0,2794.0
106.0,2756.0
107.0,2768.0
108.0,2834.0
109.0,2823.0
110.0,2834.0
111.0,2896.0
112.0,2814.0
113.0,2882.0
114.0,2888.0
115.0,2940.0
116.0,2929.0
117.0,2986.0
118.0,3052.0
119.0,2975.0
120.0,3074.0
121.0,3052.0
122.0,3101.0
123.0,3090.0
124.0,3142.0
125.0,3133.0
126.0,3207.0
127.0,3176.0
128.0,3211.0
129.0,3294.0
130.0,3286.0
131.0,3361.0
132.0,3279.0
133.0,3334.0
134.0,3381.0
135.0,3395.0
136.0,3404.0
137.0,3426.0
138.0,3527.0
139.0,3543.0
140.0,3538.0
141.0,3627.0
142.0,3608.0
143.0,3542.0
144.0,3588.0
145.0,3714.0
146.0,3684.0
147.0,3672.0
148.0,3733.0
149.0,3814.0
150.0,3781.0
151.0,3793.0
152.0,3800.0
153.0,3867.0
154.0,3878.0
155.0,3898.0
156.0,3849.0
157.0,3997.0
158.0,4034.0
159.0,3963.0
160.0,4078.0
161.0,4030.0
162.0,4046.0
163.0,4044.0
164.0,4123.0
165.0,4126.0
166.0,4189.0
167.0,4239.0
168.0,4271.0
169.0,4240.0
170.0,4295.0
171.0,4305.0
172.0,4402.0
173.0,4381.0
174.0,4404.0
175.0,4462.0
176.0,4439.0
177.0,4490.0
178.0,4492.0
179.0,4526.0
180.0,4594.0
181.0,4524.0
182.0,4632.0
183.0,4602.0
184.0,4736.0
185.0,4699.0
186.0,4684.0
187.0,4842.0
188.0,4717.0
189.0,4842.0
190.0,4840.0
191.0,4807.0
192.0,4935.0
193.0,4900.0
194.0,4942.0
195.0,4957.0
196.0,5001.0
197.0,5070.0
198.0,5045.0
199.0,5063.0
200.0,5146.0
201.0,5157.0
202.0,5151.0
203.0,5275.0
204.0,5278.0
205.0,5252.0
206.0,5304.0
207.0,5297.0
208.0,5373.0
209.0,5323.0
210.0,5406.0
211.0,5459.0
212.0,5425.0
213.0,5585.0
214.0,5502.0
215.0,5456.0
216.0,5616.0
217.0,5537.0
218.0,5610.0
219.0,5610.0
220.0,5721.0
221.0,5651.0
222.0,5726.0
223.0,5732.0
224.0,5732.0
225.0,5795.0
226.0,5850.0
227.0,5848.0
228.0,5892.0
229.0,5915.0
230.0,5872.0
231.0,6007.0
232.0,6010.0
233.0,5965.0
234.0,6092.0
235.0,6162.0
236.0,6034.0
237.0,6075.0
238.0,6137.0
239.0,6110.0
240.0,6235.0
241.0,6186.0
242.0,6286.0
243.0,6321.0
244.0,6295.0
245.0,6293.0
246.0,6371.0
247.0,6465.0
248.0,6438.0
249.0,6402.0
250.0,6379.0
251.0,6482.0
252.0,6549.0
253.0,6541.0
254.0,6482.0
255.0,6597.0
256.0,6618.0
257.0,6751.0
258.0,6633.0
259.0,6576.0
260.0,6740.0
261.0,6734.0
262.0,6794.0
263.0,6861.0
264.0,6640.0
265.0,6795.0
266.0,6905.0
267.0,6954.0
268.0,6972.0
269.0,6914.0
270.0,6836.0
271.0,6989.0
272.0,7070.0
273.0,7075.0
274.0,7076.0
275.0,7133.0
276.0,7083.0
277.0,7239.0
278.0,7026.0
279.0,7101.0
280.0,7244.0
281.0,7348.0
282.0,7196.0
283.0,7302.0
284.0,7342.0
285.0,7286.0
286.0,7399.0
287.0,7317.0
288.0,7410.0
289.0,7384.0
290.0,7429.0
291.0,7559.0
292.0,7543.0
293.0,7440.0
294.0,7555.0
295.0,7598.0
296.0,7659.0
297.0,7638.0
298.0,7627.0
299.0,7760.0
300.0,7727.0
301.0,7668.0
302.0,7739.0
303.0,7758.0
304.0,7736.0
305.0,7800.0
306.0,7922.0
307.0,7921.0
308.0,7863.0
309.0,7884.0
310.0,8000.0
311.0,7912.0
312.0,7914.0
313.0,8065.0
314.0,7983.0
315.0,8153.0
316.0,8051.0
317.0,8201.0
318.0,8044.0
319.0,8150.0
320.0,8122.0
321.0,8178.0
322.0,8055.0
323.0,8195.0
324.0,8246.0
325.0,8273.0
326.0,8353.0
327.0,8175.0
328.0,8327.0
329.0,8267.0
330.0,8404.0
331.0,8291.0
332.0,8389.0
333.0,8445.0
334.0,8471.0
335.0,8461.0
336.0,8426.0
337.0,8550.0
338.0,8573.0
339.0,8618.0
340.0,8590.0
341.0,8613.0
342.0,8562.0
343.0,8633.0
344.0,8691.0
345.0,8587.0
346.0,8748.0
347.0,8679.0
348.0,8788.0
349.0,8817.0
350.0,8780.0
351.0,8774.0
352.0,8804.0
353.0,8927.0
354.0,8909.0
355.0,8839.0
356.0,8824.0
357.0,8951.0
358.0,8922.0
359.0,8883.0
360.0,8952.0
361.0,8894.0
362.0,9054.0
363.0,8958.0
364.0,9023.0
365.0,8999.0
366.0,9009.0
367.0,9122.0
368.0,9082.0
369.0,9186.0
370.0,9066.0
371.0,9040.0
372.0,9097.0
373.0,9227.0
374.0,9139.0
375.0,9115.0
376.0,9204.0
377.0,9291.0
378.0,9267.0
379.0,9305.0
380.0,9259.0
381.0,9291.0
382.0,9391.0
383.0,9334.0
384.0,9429.0
385.0,9280.0
386.0,9352.0
387.0,9473.0
388.0,9411.0
389.0,9354.0
390.0,9402.0
391.0,9582.0
392.0,9494.0
393.0,9450.0
394.0,9481.0
395.0,9514.0
396.0,9511.0
397.0,9416.0
398.0,9520.0
399.0,9424.0
400.0,9615.0
401.0,9560.0
402.0,9491.0
403.0,9590.0
404.0,9650.0
405.0,9581.0
406.0,9698.0
407.0,9707.0
408.0,9643.0
409.0,9646.0
410.0,9580.0
411.0,9493.0
412.0,9715.0
413.0,9538.0
414.0,9589.0
415.0,9639.0
416.0,9724.0
417.0,9561.0
418.0,9742.0
419.0,9683.0
420.0,9719.0
421.0,9799.0
422.0,9780.0
423.0,9686.0
424.0,9621.0
425.0,9811.0
426.0,9763.0
427.0,9770.0
428.0,9797.0
429.0,9873.0
430.0,9808.0
431.0,9826.0
432.0,9695.0
433.0,9896.0
434.0,9847.0
435.0,9873.0
436.0,9895.0
437.0,9769.0
438.0,9923.0
439.0,9830.0
440.0,9956.0
441.0,9899.0
442.0,9818.0
443.0,9851.0
444.0,10075.0
445.0,9891.0
446.0,9997.0
447.0,9809.0
448.0,9873.0
449.0,9978.0
450.0,9888.0
451.0,9838.0
452.0,9905.0
453.0,9867.0
454.0,9928.0
455.0,9940.0
456.0,9853.0
457.0,9925.0
458.0,9968.0
459.0,9999.0
460.0,9851.0
461.0,9880.0
462.0,10007.0
463.0,9903.0
464.0,9971.0
465.0,9912.0
466.0,9944.0
467.0,9911.0
468.0,10001.0
469.0,9985.0
470.0,9893.0
471.0,9885.0
472.0,9970.0
473.0,9913.0
474.0,9870.0
475.0,9914.0
476.0,9975.0
477.0,10000.0
478.0,9979.0
479.0,9841.0
480.0,9971.0
481.0,9810.0
482.0,9914.0
483.0,10017.0
484.0,9925.0
485.0,9861.0
486.0,9912.0
487.0,9944.0
488.0,9746.0
489.0,9878.0
490.0,9947.0
491.0,9986.0
492.0,9794.0
493.0,9901.0
494.0,9989.0
495.0,10022.0
496.0,9905.0
497.0,9916.0
498.0,9899.0
499.0,9899.0
500.0,9985.0
501.0,9848.0
502.0,9954.0
503.0,9903.0
504.0,9836.0
505.0,10014.0
506.0,9924.0
507.0,9783.0
508.0,9920.0
509.0,9795.0
510.0,9984.0
511.0,9823.0
512.0,9813.0
513.0,9823.0
514.0,9804.0
515.0,9772.0
516.0,9927.0
517.0,9801.0
518.0,9875.0
519.0,9746.0
520.0,9776.0
521.0,9791.0
522.0,9784.0
523.0,9843.0
524.0,9782.0
525.0,9796.0
526.0,9764.0
527.0,9699.0
528.0,9752.0
529.0,9836.0
530.0,9671.0
531.0,9617.0
532.0,9751.0
533.0,9701.0
534.0,9784.0
535.0,9662.0
536.0,9602.0
537.0,9728.0
538.0,9796.0
539.0,9612.0
540.0,9613.0
541.0,9737.0
542.0,9514.0
543.0,9705.0
544.0,9700.0
545.0,9657.0
546.0,9593.0
547.0,9631.0
548.0,9622.0
549.0,9695.0
550.0,9515.0
551.0,9647.0
552.0,9601.0
553.0,9633.0
554.0,9525.0
555.0,9556.0
556.0,9509.0
557.0,9499.0
558.0,9494.0
559.0,9630.0
560.0,9440.0
561.0,9455.0
562.0,9468.0
563.0,9481.0
564.0,9433.0
565.0,9506.0
566.0,9412.0
567.0,9364.0
568.0,9298.0
569.0,9415.0
570.0,9387.0
571.0,9470.0
572.0,9304.0
573.0,9322.0
574.0,9263.0
575.0,9477.0
576.0,9282.0
577.0,9080.0
578.0,9330.0
579.0,9294.0
580.0,9275.0
581.0,9348.0
582.0,9217.0
583.0,9250.0
584.0,9251.0
585.0,9268.0
586.0,9235.0
587.0,9233.0
588.0,9139.0
589.0,9123.0
590.0,9233.0
591.0,9241.0
592.0,9092.0
593.0,9059.0
594.0,9193.0
595.0,9058.0
596.0,9113.0
597.0,8935.0
598.0,8998.0
599.0,8989.0
600.0,8992.0
601.0,9123.0
602.0,8961.0
603.0,8908.0
604.0,8908.0
605.0,8855.0
606.0,8934.0
607.0,8840.0
608.0,8907.0
609.0,8926.0
610.0,8780.0
611.0,8702.0
612.0,8846.0
613.0,8784.0
614.0,8711.0
615.0,8637.0
616.0,8681.0
617.0,8766.0
618.0,8626.0
619.0,8580.0
620.0,8618.0
621.0,8726.0
622.0,8697.0
623.0,8619.0
624.0,8497.0
625.0,8526.0
626.0,8448.0
627.0,8534.0
628.0,8520.0
629.0,8383.0
630.0,8488.0
631.0,8402.0
632.0,8476.0
633.0,8429.0
634.0,8361.0
635.0,8499.0
636.0,8339.0
637.0,8327.0
638.0,8396.0
639.0,8352.0
640.0,8332.0
641.0,8257.0
642.0,8218.0
643.0,8162.0
644.0,8118.0
645.0,8153.0
646.0,8244.0
647.0,7999.0
648.0,8152.0
649.0,7926.0
650.0,8145.0
651.0,7993.0
652.0,7908.0
653.0,7987.0
654.0,7967.0
655.0,8026.0
656.0,7819.0
657.0,7874.0
658.0,7831.0
659.0,7893.0
660.0,7789.0
661.0,7806.0
662.0,7741.0
663.0,7719.0
664.0,7767.0
665.0,7698.0
666.0,7673.0
667.0,7602.0
668.0,7713.0
669.0,7515.0
670.0,7588.0
671.0,7508.0
672.0,7502.0
673.0,7509.0
674.0,7455.0
675.0,7423.0
676.0,7530.0
677.0,7412.0
678.0,7302.0
679.0,7336.0
680.0,7358.0
681.0,7338.0
682.0,7290.0
683.0,7202.0
684.0,7137.0
685.0,7203.0
686.0,7261.0
687.0,7257.0
688.0,7178.0
689.0,7083.0
690.0,7148.0
691.0,7047.0
692.0,7015.0
693.0,7015.0
694.0,7007.0
695.0,6973.0
696.0,7001.0
697.0,6857.0
698.0,6886.0
699.0,6885.0
700.0,6801.0
701.0,6899.0
702.0,6805.0
703.0,6861.0
704.0,6675.0
705.0,6702.0
706.0,6640.0
707.0,6679.0
708.0,6645.0
709.0,6597.0
710.0,6525.0
711.0,6466.0
712.0,6586.0
713.0,6432.0
714.0,6483.0
715.0,6398.0
716.0,6367.0
717.0,6474.0
718.0,6330.0
719.0,6343.0
720.0,6307.0
721.0,6295.0
722.0,6219.0
723.0,6317.0
724.0,6191.0
725.0,6135.0
726.0,6106.0
727.0,6126.0
728.0,6138.0
729.0,6023.0
730.0,6085.0
731.0,6091.0
732.0,5998.0
733.0,5981.0
734.0,5943.0
735.0,5908.0
736.0,5864.0
737.0,5855.0
738.0,5876.0
739.0,5789.0
740.0,5775.0
741.0,5845.0
742.0,5737.0
743.0,5660.0
744.0,5700.0
745.0,5705.0
746.0,5610.0
747.0,5667.0
748.0,5542.0
749.0,5539.0
750.0,5610.0
751.0,5500.0
752.0,5445.0
753.0,5413.0
754.0,5424.0
755.0,5415.0
756.0,5287.0
757.0,5298.0
758.0,5328.0
759.0,5315.0
760.0,5299.0
761.0,5277.0
762.0,5246.0
763.0,5188.0
764.0,5161.0
765.0,5076.0
766.0,5022.0
767.0,5055.0
768.0,4982.0
769.0,4981.0
770.0,4950.0
771.0,4943.0
772.0,4962.0
773.0,4941.0
774.0,4940.0
775.0,4843.0
776.0,4788.0
777.0,4901.0
778.0,4825.0
779.0,5075.0
780.0,4909.0
781.0,4877.0
782.0,6366.0
783.0,5728.0
784.0,4641.0
785.0,4615.0
786.0,4581.0
787.0,4532.0
788.0,4490.0
789.0,4466.0
790.0,4430.0
791.0,4491.0
792.0,4395.0
793.0,4415.0
794.0,4452.0
795.0,4394.0
796.0,4374.0
797.0,4300.0
798.0,4243.0
799.0,4277.0
800.0,4183.0
801.0,4231.0
802.0,4229.0
803.0,4148.0
804.0,4153.0
805.0,4086.0
806.0,4073.0
807.0,3981.0
808.0,4027.0
809.0,3960.0
810.0,4007.0
811.0,3903.0
812.0,3986.0
813.0,3867.0
814.0,3892.0
815.0,3889.0
816.0,3823.0
817.0,3903.0
818.0,3762.0
819.0,3772.0
820.0,3744.0
821.0,3709.0
822.0,3669.0
823.0,3698.0
824.0,3600.0
825.0,3641.0
826.0,3595.0
827.0,3519.0
828.0,3573.0
829.0,3532.0
830.0,3535.0
831.0,3540.0
832.0,3484.0
833.0,3432.0
834.0,3404.0
835.0,3403.0
836.0,3394.0
837.0,3331.0
838.0,3347.0
839.0,3312.0
840.0,3267.0
841.0,3289.0
842.0,3225.0
843.0,3231.0
844.0,3175.0
845.0,3153.0
846.0,3111.0
847.0,3111.0
848.0,3103.0
849.0,3110.0
850.0,3069.0
851.0,3035.0
852.0,3002.0
853.0,2973.0
854.0,2995.0
855.0,2961.0
856.0,2901.0
857.0,2873.0
858.0,2860.0
859.0,2897.0
860.0,2796.0
861.0,2783.0
862.0,2793.0
863.0,2784.0
864.0,2733.0
865.0,2752.0
866.0,2711.0
867.0,2738.0
868.0,2680.0
869.0,2634.0
870.0,2630.0
871.0,2657.0
872.0,2573.0
873.0,2540.0
874.0,2576.0
875.0,2518.0
876.0,2534.0
877.0,2445.0
878.0,2417.0
879.0,2447.0
880.0,2375.0
881.0,2391.0
882.0,2397.0
883.0,2431.0
884.0,2378.0
885.0,2366.0
886.0,2312.0
887.0,2300.0
888.0,2248.0
889.0,2382.0
890.0,2225.0
891.0,2195.0
892.0,2212.0
893.0,2155.0
894.0,2115.0
895.0,2157.0
896.0,2104.0
897.0,2061.0
898.0,2039.0
899.0,2017.0
900.0,2064.0
901.0,2036.0
902.0,2018.0
903.0,2023.0
904.0,1996.0
905.0,1972.0
906.0,1954.0
907.0,1963.0
908.0,1885.0
909.0,1890.0
910.0,1916.0
911.0,1867.0
912.0,1864.0
913.0,1787.0
914.0,1808.0
915.0,1743.0
916.0,1763.0
917.0,1712.0
918.0,1711.0
919.0,1749.0
920.0,1748.0
921.0,1696.0
922.0,1682.0
923.0,1689.0
924.0,1642.0
925.0,1662.0
926.0,1578.0
927.0,1589.0
928.0,1566.0
929.0,1611.0
930.0,1547.0
931.0,1509.0
932.0,1502.0
933.0,1515.0
934.0,1501.0
935.0,1466.0
936.0,1444.0
937.0,1436.0
938.0,1424.0
939.0,1405.0
940.0,1406.0
941.0,1401.0
942.0,1367.0
943.0,1345.0
944.0,1319.0
945.0,1359.0
946.0,1329.0
947.0,1309.0
948.0,1282.0
949.0,1293.0
950.0,1291.0
951.0,1220.0
952.0,1246.0
953.0,1205.0
954.0,1197.0
955.0,1215.0
956.0,1196.0
957.0,1165.0
958.0,1172.0
959.0,1148.0
960.0,1156.0
961.0,1117.0
962.0,1119.0
963.0,1113.0
964.0,1067.0
965.0,1117.0
966.0,1039.0
967.0,1052.0
968.0,1046.0
969.0,1020.0
970.0,1020.0
971.0,1005.0
972.0,988.0
973.0,976.0
974.0,982.0
975.0,989.0
976.0,999.0
977.0,948.0
978.0,899.0
979.0,899.0
980.0,904.0
981.0,915.0
982.0,872.0
983.0,891.0
984.0,867.0
985.0,840.0
986.0,856.0
987.0,850.0
988.0,809.0
989.0,830.0
990.0,793.0
991.0,814.0
992.0,776.0
993.0,785.0
994.0,769.0
995.0,763.0
996.0,755.0
997.0,739.0
998.0,751.0
999.0,708.0
1000.0,728.0
1001.0,735.0
1002.0,686.0
1003.0,685.0
1004.0,706.0
1005.0,654.0
1006.0,659.0
1007.0,658.0
1008.0,663.0
1009.0,639.0
1010.0,653.0
1011.0,627.0
1012.0,638.0
1013.0,624.0
1014.0,617.0
1015.0,587.0
1016.0,603.0
1017.0,567.0
1018.0,605.0
1019.0,577.0
1020.0,568.0
1021.0,564.0
1022.0,548.0
1023.0,564.0
