0.0,111.0
1.0,137.0
2.0,157.0
3.0,190.0
4.0,183.0
5.0,212.0
6.0,206.0
7.0,195.0
8.0,209.0
9.0,209.0
10.0,215.0
11.0,208.0
12.0,200.0
13.0,214.0
14.0,220.0
15.0,216.0
16.0,210.0
17.0,211.0
18.0,226.0
19.0,240.0
20.0,225.0
21.0,224.0
22.0,239.0
23.0,214.0
24.0,236.0
25.0,225.0
26.0,222.0
27.0,220.0
28.0,226.0
29.0,219.0
30.0,222.0
31.0,212.0
32.0,230.0
33.0,235.0
34.0,222.0
35.0,258.0
36.0,221.0
37.0,250.0
38.0,243.0
39.0,256.0
40.0,273.0
41.0,288.0
42.0,261.0
43.0,287.0
44.0,253.0
45.0,299.0
46.0,278.0
47.0,288.0
48.0,264.0
49.0,263.0
50.0,279.0
51.0,283.0
52.0,257.0
53.0,302.0
54.0,280.0
55.0,293.0
56.0,280.0
57.0,272.0
58.0,293.0
59.0,291.0
60.0,310.0
61.0,308.0
62.0,289.0
63.0,284.0
64.0,290.0
65.0,280.0
66.0,284.0
67.0,310.0
68.0,300.0
69.0,289.0
70.0,280.0
71.0,294.0
72.0,281.0
73.0,302.0
74.0,294.0
75.0,312.0
76.0,315.0
77.0,295.0
78.0,327.0
79.0,308.0
80.0,315.0
81.0,311.0
82.0,313.0
83.0,286.0
84.0,295.0
85.0,312.0
86.0,296.0
87.0,307.0
88.0,333.0
89.0,312.0
90.0,341.0
91.0,284.0
92.0,326.0
93.0,332.0
94.0,296.0
95.0,315.0
96.0,302.0
97.0,318.0
98.0,323.0
99.0,345.0
100.0,329.0
101.0,315.0
102.0,340.0
103.0,330.0
104.0,357.0
105.0,353.0
106.0,337.0
107.0,347.0
108.0,345.0
109.0,338.0
110.0,338.0
111.0,341.0
112.0,362.0
113.0,352.0
114.0,349.0
115.0,358.0
116.0,369.0
117.0,354.0
118.0,350.0
119.0,379.0
120.0,363.0
121.0,353.0
122.0,338.0
123.0,343.0
124.0,376.0
125.0,357.0
126.0,374.0
127.0,361.0
128.0,352.0
129.0,371.0
130.0,398.0
131.0,357.0
132.0,372.0
133.0,374.0
134.0,385.0
135.0,376.0
136.0,385.0
137.0,384.0
138.0,370.0
139.0,378.0
140.0,396.0
141.0,378.0
142.0,399.0
143.0,397.0
144.0,381.0
145.0,403.0
146.0,395.0
147.0,403.0
148.0,394.0
149.0,408.0
150.0,423.0
151.0,415.0
152.0,433.0
153.0,405.0
154.0,395.0
155.0,423.0
156.0,427.0
157.0,407.0
158.0,423.0
159.0,430.0
160.0,432.0
161.0,407.0
162.0,433.0
163.0,413.0
164.0,428.0
165.0,410.0
166.0,423.0
167.0,435.0
168.0,430.0
169.0,405.0
170.0,448.0
171.0,442.0
172.0,461.0
173.0,396.0
174.0,422.0
175.0,431.0
176.0,449.0
177.0,441.0
178.0,427.0
179.0,448.0
180.0,450.0
181.0,451.0
182.0,446.0
183.0,454.0
184.0,455.0
185.0,429.0
186.0,430.0
187.0,448.0
188.0,441.0
189.0,469.0
190.0,433.0
191.0,458.0
192.0,439.0
193.0,447.0
194.0,487.0
195.0,461.0
196.0,468.0
197.0,479.0
198.0,485.0
199.0,458.0
200.0,456.0
201.0,475.0
202.0,498.0
203.0,486.0
204.0,485.0
205.0,472.0
206.0,480.0
207.0,441.0
208.0,474.0
209.0,516.0
210.0,477.0
211.0,488.0
212.0,478.0
213.0,489.0
214.0,500.0
215.0,483.0
216.0,484.0
217.0,500.0
218.0,534.0
219.0,513.0
220.0,504.0
221.0,497.0
222.0,479.0
223.0,503.0
224.0,500.0
225.0,484.0
226.0,489.0
227.0,505.0
228.0,486.0
229.0,503.0
230.0,522.0
231.0,509.0
232.0,509.0
233.0,517.0
234.0,491.0
235.0,512.0
236.0,523.0
237.0,523.0
238.0,517.0
239.0,533.0
240.0,511.0
241.0,534.0
242.0,518.0
243.0,533.0
244.0,539.0
245.0,529.0
246.0,531.0
247.0,538.0
248.0,546.0
249.0,524.0
250.0,524.0
251.0,546.0
252.0,552.0
253.0,553.0
254.0,557.0
255.0,541.0
256.0,536.0
257.0,543.0
258.0,547.0
259.0,537.0
260.0,569.0
261.0,568.0
262.0,578.0
263.0,572.0
264.0,566.0
265.0,573.0
266.0,562.0
267.0,574.0
268.0,536.0
269.0,548.0
270.0,561.0
271.0,572.0
272.0,586.0
273.0,562.0
274.0,581.0
275.0,571.0
276.0,564.0
277.0,598.0
278.0,596.0
279.0,561.0
280.0,592.0
281.0,571.0
282.0,567.0
283.0,605.0
284.0,598.0
285.0,603.0
286.0,597.0
287.0,592.0
288.0,614.0
289.0,596.0
290.0,605.0
291.0,605.0
292.0,628.0
293.0,616.0
294.0,619.0
295.0,594.0
296.0,616.0
297.0,615.0
298.0,610.0
299.0,588.0
300.0,598.0
301.0,611.0
302.0,617.0
303.0,626.0
304.0,607.0
305.0,621.0
306.0,642.0
307.0,617.0
308.0,619.0
309.0,633.0
310.0,624.0
311.0,628.0
312.0,604.0
313.0,614.0
314.0,647.0
315.0,640.0
316.0,634.0
317.0,634.0
318.0,644.0
319.0,638.0
320.0,656.0
321.0,624.0
322.0,660.0
323.0,636.0
324.0,631.0
325.0,654.0
326.0,648.0
327.0,647.0
328.0,636.0
329.0,621.0
330.0,652.0
331.0,670.0
332.0,658.0
333.0,677.0
334.0,649.0
335.0,683.0
336.0,694.0
337.0,634.0
338.0,667.0
339.0,683.0
340.0,652.0
341.0,641.0
342.0,670.0
343.0,680.0
344.0,681.0
345.0,661.0
346.0,675.0
347.0,686.0
348.0,682.0
349.0,673.0
350.0,658.0
351.0,662.0
352.0,663.0
353.0,691.0
354.0,675.0
355.0,684.0
356.0,708.0
357.0,698.0
358.0,683.0
359.0,718.0
360.0,694.0
361.0,711.0
362.0,694.0
363.0,709.0
364.0,703.0
365.0,700.0
366.0,676.0
367.0,688.0
368.0,705.0
369.0,727.0
370.0,692.0
371.0,705.0
372.0,698.0
373.0,694.0
374.0,691.0
375.0,681.0
376.0,706.0
377.0,701.0
378.0,705.0
379.0,707.0
380.0,710.0
381.0,715.0
382.0,690.0
383.0,713.0
384.0,725.0
385.0,723.0
386.0,706.0
387.0,725.0
388.0,723.0
389.0,705.0
390.0,696.0
391.0,740.0
392.0,717.0
393.0,749.0
394.0,687.0
395.0,712.0
396.0,704.0
397.0,754.0
398.0,746.0
399.0,728.0
400.0,732.0
401.0,706.0
402.0,757.0
403.0,706.0
404.0,731.0
405.0,721.0
406.0,725.0
407.0,726.0
408.0,714.0
409.0,725.0
410.0,739.0
411.0,722.0
412.0,731.0
413.0,700.0
414.0,739.0
415.0,718.0
416.0,713.0
417.0,729.0
418.0,715.0
419.0,720.0
420.0,726.0
421.0,745.0
422.0,730.0
423.0,709.0
424.0,718.0
425.0,743.0
426.0,728.0
427.0,730.0
428.0,733.0
429.0,727.0
430.0,746.0
431.0,757.0
432.0,730.0
433.0,746.0
434.0,769.0
435.0,776.0
436.0,763.0
437.0,728.0
438.0,733.0
439.0,751.0
440.0,726.0
441.0,739.0
442.0,742.0
443.0,762.0
444.0,734.0
445.0,736.0
446.0,763.0
447.0,739.0
448.0,771.0
449.0,737.0
450.0,753.0
451.0,742.0
452.0,733.0
453.0,721.0
454.0,721.0
455.0,757.0
456.0,743.0
457.0,752.0
458.0,736.0
459.0,743.0
460.0,755.0
461.0,747.0
462.0,759.0
463.0,758.0
464.0,762.0
465.0,748.0
466.0,746.0
467.0,745.0
468.0,720.0
469.0,758.0
470.0,713.0
471.0,736.0
472.0,748.0
473.0,702.0
474.0,729.0
475.0,747.0
476.0,720.0
477.0,757.0
478.0,743.0
479.0,729.0
480.0,740.0
481.0,729.0
482.0,741.0
483.0,731.0
484.0,746.0
485.0,754.0
486.0,732.0
487.0,746.0
488.0,748.0
489.0,742.0
490.0,737.0
491.0,742.0
492.0,747.0
493.0,766.0
494.0,737.0
495.0,744.0
496.0,738.0
497.0,754.0
498.0,741.0
499.0,719.0
500.0,737.0
501.0,735.0
502.0,737.0
503.0,748.0
504.0,714.0
505.0,696.0
506.0,755.0
507.0,733.0
508.0,741.0
509.0,750.0
510.0,739.0
511.0,731.0
512.0,709.0
513.0,724.0
514.0,733.0
515.0,713.0
516.0,739.0
517.0,732.0
518.0,719.0
519.0,722.0
520.0,718.0
521.0,712.0
522.0,735.0
523.0,721.0
524.0,740.0
525.0,762.0
526.0,685.0
527.0,734.0
528.0,740.0
529.0,734.0
530.0,713.0
531.0,733.0
532.0,736.0
533.0,718.0
534.0,703.0
535.0,732.0
536.0,744.0
537.0,707.0
538.0,717.0
539.0,699.0
540.0,714.0
541.0,738.0
542.0,712.0
543.0,707.0
544.0,722.0
545.0,697.0
546.0,691.0
547.0,716.0
548.0,706.0
549.0,689.0
550.0,715.0
551.0,719.0
552.0,739.0
553.0,678.0
554.0,722.0
555.0,719.0
556.0,702.0
557.0,721.0
558.0,711.0
559.0,722.0
560.0,668.0
561.0,697.0
562.0,708.0
563.0,729.0
564.0,701.0
565.0,689.0
566.0,703.0
567.0,685.0
568.0,710.0
569.0,668.0
570.0,693.0
571.0,713.0
572.0,664.0
573.0,685.0
574.0,684.0
575.0,688.0
576.0,709.0
577.0,678.0
578.0,671.0
579.0,676.0
580.0,703.0
581.0,693.0
582.0,677.0
583.0,685.0
584.0,656.0
585.0,681.0
586.0,686.0
587.0,684.0
588.0,668.0
589.0,707.0
590.0,679.0
591.0,687.0
592.0,667.0
593.0,705.0
594.0,659.0
595.0,689.0
596.0,677.0
597.0,656.0
598.0,652.0
599.0,679.0
600.0,663.0
601.0,665.0
602.0,672.0
603.0,665.0
604.0,636.0
605.0,653.0
606.0,659.0
607.0,670.0
608.0,657.0
609.0,665.0
610.0,646.0
611.0,623.0
612.0,633.0
613.0,669.0
614.0,666.0
615.0,655.0
616.0,612.0
617.0,661.0
618.0,651.0
619.0,639.0
620.0,645.0
621.0,644.0
622.0,654.0
623.0,636.0
624.0,659.0
625.0,641.0
626.0,655.0
627.0,675.0
628.0,631.0
629.0,625.0
630.0,611.0
631.0,623.0
632.0,631.0
633.0,629.0
634.0,617.0
635.0,639.0
636.0,619.0
637.0,610.0
638.0,613.0
639.0,612.0
640.0,603.0
641.0,591.0
642.0,633.0
643.0,575.0
644.0,597.0
645.0,588.0
646.0,620.0
647.0,598.0
648.0,593.0
649.0,616.0
650.0,592.0
651.0,579.0
652.0,586.0
653.0,594.0
654.0,634.0
655.0,590.0
656.0,599.0
657.0,581.0
658.0,598.0
659.0,575.0
660.0,602.0
661.0,569.0
662.0,573.0
663.0,576.0
664.0,583.0
665.0,567.0
666.0,575.0
667.0,603.0
668.0,596.0
669.0,586.0
670.0,569.0
671.0,578.0
672.0,560.0
673.0,583.0
674.0,591.0
675.0,550.0
676.0,560.0
677.0,547.0
678.0,535.0
679.0,540.0
680.0,573.0
681.0,566.0
682.0,571.0
683.0,551.0
684.0,558.0
685.0,527.0
686.0,561.0
687.0,557.0
688.0,534.0
689.0,529.0
690.0,533.0
691.0,550.0
692.0,521.0
693.0,571.0
694.0,542.0
695.0,526.0
696.0,525.0
697.0,544.0
698.0,537.0
699.0,511.0
700.0,529.0
701.0,531.0
702.0,522.0
703.0,515.0
704.0,528.0
705.0,518.0
706.0,513.0
707.0,517.0
708.0,513.0
709.0,524.0
710.0,493.0
711.0,505.0
712.0,511.0
713.0,501.0
714.0,499.0
715.0,501.0
716.0,487.0
717.0,502.0
718.0,510.0
719.0,497.0
720.0,501.0
721.0,505.0
722.0,500.0
723.0,509.0
724.0,487.0
725.0,503.0
726.0,484.0
727.0,534.0
728.0,503.0
729.0,474.0
730.0,477.0
731.0,477.0
732.0,492.0
733.0,467.0
734.0,485.0
735.0,486.0
736.0,479.0
737.0,461.0
738.0,455.0
739.0,462.0
740.0,473.0
741.0,473.0
742.0,475.0
743.0,459.0
744.0,504.0
745.0,456.0
746.0,456.0
747.0,466.0
748.0,456.0
749.0,463.0
750.0,470.0
751.0,463.0
752.0,476.0
753.0,460.0
754.0,476.0
755.0,446.0
756.0,465.0
757.0,454.0
758.0,455.0
759.0,431.0
760.0,427.0
761.0,432.0
762.0,450.0
763.0,451.0
764.0,438.0
765.0,425.0
766.0,429.0
767.0,420.0
768.0,406.0
769.0,434.0
770.0,422.0
771.0,436.0
772.0,419.0
773.0,427.0
774.0,406.0
775.0,425.0
776.0,429.0
777.0,415.0
778.0,421.0
779.0,420.0
780.0,424.0
781.0,405.0
782.0,430.0
783.0,412.0
784.0,399.0
785.0,405.0
786.0,395.0
787.0,403.0
788.0,383.0
789.0,401.0
790.0,430.0
791.0,399.0
792.0,429.0
793.0,405.0
794.0,409.0
795.0,406.0
796.0,401.0
797.0,402.0
798.0,389.0
799.0,410.0
800.0,384.0
801.0,382.0
802.0,369.0
803.0,384.0
804.0,383.0
805.0,368.0
806.0,399.0
807.0,371.0
808.0,412.0
809.0,368.0
810.0,388.0
811.0,402.0
812.0,373.0
813.0,375.0
814.0,400.0
815.0,382.0
816.0,361.0
817.0,359.0
818.0,396.0
819.0,397.0
820.0,374.0
821.0,383.0
822.0,332.0
823.0,372.0
824.0,384.0
825.0,355.0
826.0,385.0
827.0,385.0
828.0,359.0
829.0,373.0
830.0,372.0
831.0,364.0
832.0,357.0
833.0,368.0
834.0,378.0
835.0,371.0
836.0,373.0
837.0,366.0
838.0,354.0
839.0,352.0
840.0,340.0
841.0,351.0
842.0,355.0
843.0,342.0
844.0,344.0
845.0,371.0
846.0,360.0
847.0,352.0
848.0,329.0
849.0,366.0
850.0,354.0
851.0,342.0
852.0,323.0
853.0,339.0
854.0,362.0
855.0,364.0
856.0,352.0
857.0,350.0
858.0,310.0
859.0,341.0
860.0,371.0
861.0,338.0
862.0,336.0
863.0,342.0
864.0,326.0
865.0,339.0
866.0,342.0
867.0,319.0
868.0,305.0
869.0,336.0
870.0,351.0
871.0,317.0
872.0,333.0
873.0,339.0
874.0,335.0
875.0,349.0
876.0,317.0
877.0,339.0
878.0,332.0
879.0,337.0
880.0,328.0
881.0,330.0
882.0,349.0
883.0,322.0
884.0,334.0
885.0,349.0
886.0,320.0
887.0,317.0
888.0,324.0
889.0,330.0
890.0,341.0
891.0,307.0
892.0,320.0
893.0,327.0
894.0,319.0
895.0,297.0
896.0,318.0
897.0,314.0
898.0,311.0
899.0,316.0
900.0,332.0
901.0,342.0
902.0,328.0
903.0,347.0
904.0,313.0
905.0,323.0
906.0,304.0
907.0,325.0
908.0,319.0
909.0,297.0
910.0,328.0
911.0,337.0
912.0,309.0
913.0,297.0
914.0,306.0
915.0,294.0
916.0,303.0
917.0,292.0
918.0,306.0
919.0,303.0
920.0,283.0
921.0,295.0
922.0,296.0
923.0,296.0
924.0,322.0
925.0,305.0
926.0,375.0
927.0,304.0
928.0,290.0
929.0,322.0
930.0,313.0
931.0,313.0
932.0,317.0
933.0,302.0
934.0,288.0
935.0,284.0
936.0,291.0
937.0,300.0
938.0,312.0
939.0,306.0
940.0,305.0
941.0,303.0
942.0,309.0
943.0,298.0
944.0,295.0
945.0,313.0
946.0,296.0
947.0,322.0
948.0,293.0
949.0,308.0
950.0,304.0
951.0,315.0
952.0,312.0
953.0,306.0
954.0,304.0
955.0,299.0
956.0,324.0
957.0,322.0
958.0,275.0
959.0,312.0
960.0,318.0
961.0,295.0
962.0,311.0
963.0,297.0
964.0,303.0
965.0,276.0
966.0,313.0
967.0,316.0
968.0,300.0
969.0,303.0
970.0,325.0
971.0,302.0
972.0,313.0
973.0,293.0
974.0,296.0
975.0,294.0
976.0,315.0
977.0,304.0
978.0,304.0
979.0,297.0
980.0,314.0
981.0,303.0
982.0,305.0
983.0,298.0
984.0,304.0
985.0,300.0
986.0,282.0
987.0,302.0
988.0,300.0
989.0,307.0
990.0,298.0
991.0,313.0
992.0,308.0
993.0,288.0
994.0,304.0
995.0,348.0
996.0,293.0
997.0,331.0
998.0,279.0
999.0,307.0
1000.0,303.0
1001.0,281.0
1002.0,299.0
1003.0,282.0
1004.0,295.0
1005.0,324.0
1006.0,298.0
1007.0,298.0
1008.0,290.0
1009.0,284.0
1010.0,302.0
1011.0,315.0
1012.0,302.0
1013.0,287.0
1014.0,311.0
1015.0,309.0
1016.0,304.0
1017.0,305.0
1018.0,315.0
1019.0,331.0
1020.0,309.0
1021.0,291.0
1022.0,290.0
1023.0,298.0
