0.0,79.0
1.0,110.0
2.0,142.0
3.0,177.0
4.0,187.0
5.0,191.0
6.0,197.0
7.0,211.0
8.0,192.0
9.0,197.0
10.0,214.0
11.0,212.0
12.0,209.0
13.0,194.0
14.0,203.0
15.0,201.0
16.0,214.0
17.0,208.0
18.0,207.0
19.0,212.0
20.0,232.0
21.0,220.0
22.0,207.0
23.0,226.0
24.0,223.0
25.0,207.0
26.0,223.0
27.0,207.0
28.0,229.0
29.0,242.0
30.0,216.0
31.0,229.0
32.0,235.0
33.0,262.0
34.0,250.0
35.0,256.0
36.0,257.0
37.0,245.0
38.0,262.0
39.0,244.0
40.0,268.0
41.0,244.0
42.0,259.0
43.0,255.0
44.0,285.0
45.0,254.0
46.0,276.0
47.0,280.0
48.0,256.0
49.0,276.0
50.0,272.0
51.0,271.0
52.0,283.0
53.0,266.0
54.0,270.0
55.0,246.0
56.0,255.0
57.0,272.0
58.0,273.0
59.0,264.0
60.0,274.0
61.0,254.0
62.0,275.0
63.0,274.0
64.0,260.0
65.0,271.0
66.0,281.0
67.0,291.0
68.0,294.0
69.0,300.0
70.0,283.0
71.0,288.0
72.0,266.0
73.0,284.0
74.0,283.0
75.0,264.0
76.0,277.0
77.0,281.0
78.0,268.0
79.0,264.0
80.0,288.0
81.0,282.0
82.0,302.0
83.0,282.0
84.0,288.0
85.0,266.0
86.0,285.0
87.0,289.0
88.0,282.0
89.0,269.0
90.0,270.0
91.0,270.0
92.0,305.0
93.0,304.0
94.0,295.0
95.0,285.0
96.0,296.0
97.0,272.0
98.0,304.0
99.0,284.0
100.0,309.0
101.0,289.0
102.0,298.0
103.0,309.0
104.0,301.0
105.0,313.0
106.0,308.0
107.0,286.0
108.0,299.0
109.0,337.0
110.0,313.0
111.0,298.0
112.0,302.0
113.0,311.0
114.0,297.0
115.0,298.0
116.0,306.0
117.0,323.0
118.0,302.0
119.0,315.0
120.0,303.0
121.0,336.0
122.0,317.0
123.0,307.0
124.0,323.0
125.0,328.0
126.0,337.0
127.0,339.0
128.0,310.0
129.0,306.0
130.0,331.0
131.0,346.0
132.0,330.0
133.0,331.0
134.0,337.0
135.0,331.0
136.0,327.0
137.0,340.0
138.0,322.0
139.0,329.0
140.0,358.0
141.0,348.0
142.0,344.0
143.0,320.0
144.0,353.0
145.0,351.0
146.0,318.0
147.0,318.0
148.0,327.0
149.0,348.0
150.0,342.0
151.0,361.0
152.0,361.0
153.0,365.0
154.0,355.0
155.0,346.0
156.0,360.0
157.0,363.0
158.0,366.0
159.0,353.0
160.0,366.0
161.0,368.0
162.0,346.0
163.0,361.0
164.0,359.0
165.0,352.0
166.0,359.0
167.0,368.0
168.0,370.0
169.0,374.0
170.0,345.0
171.0,371.0
172.0,379.0
173.0,381.0
174.0,365.0
175.0,359.0
176.0,384.0
177.0,370.0
178.0,364.0
179.0,373.0
180.0,356.0
181.0,370.0
182.0,387.0
183.0,398.0
184.0,387.0
185.0,379.0
186.0,376.0
187.0,395.0
188.0,366.0
189.0,363.0
190.0,398.0
191.0,379.0
192.0,387.0
193.0,390.0
194.0,380.0
195.0,405.0
196.0,400.0
197.0,368.0
198.0,378.0
199.0,404.0
200.0,410.0
201.0,384.0
202.0,399.0
203.0,391.0
204.0,419.0
205.0,386.0
206.0,428.0
207.0,398.0
208.0,403.0
209.0,408.0
210.0,396.0
211.0,407.0
212.0,422.0
213.0,408.0
214.0,393.0
215.0,436.0
216.0,418.0
217.0,420.0
218.0,407.0
219.0,403.0
220.0,404.0
221.0,421.0
222.0,404.0
223.0,410.0
224.0,409.0
225.0,421.0
226.0,417.0
227.0,434.0
228.0,425.0
229.0,429.0
230.0,428.0
231.0,420.0
232.0,427.0
233.0,415.0
234.0,427.0
235.0,429.0
236.0,428.0
237.0,448.0
238.0,441.0
239.0,416.0
240.0,432.0
241.0,433.0
242.0,417.0
243.0,438.0
244.0,431.0
245.0,465.0
246.0,449.0
247.0,437.0
248.0,408.0
249.0,445.0
250.0,452.0
251.0,431.0
252.0,462.0
253.0,438.0
254.0,436.0
255.0,437.0
256.0,460.0
257.0,458.0
258.0,447.0
259.0,450.0
260.0,468.0
261.0,439.0
262.0,451.0
263.0,481.0
264.0,458.0
265.0,470.0
266.0,466.0
267.0,469.0
268.0,460.0
269.0,460.0
270.0,472.0
271.0,472.0
272.0,474.0
273.0,460.0
274.0,474.0
275.0,481.0
276.0,458.0
277.0,458.0
278.0,468.0
279.0,460.0
280.0,475.0
281.0,484.0
282.0,485.0
283.0,446.0
284.0,475.0
285.0,463.0
286.0,479.0
287.0,468.0
288.0,473.0
289.0,494.0
290.0,457.0
291.0,495.0
292.0,479.0
293.0,472.0
294.0,481.0
295.0,472.0
296.0,517.0
297.0,493.0
298.0,515.0
299.0,519.0
300.0,461.0
301.0,487.0
302.0,497.0
303.0,492.0
304.0,512.0
305.0,494.0
306.0,486.0
307.0,525.0
308.0,510.0
309.0,490.0
310.0,500.0
311.0,510.0
312.0,538.0
313.0,507.0
314.0,526.0
315.0,491.0
316.0,513.0
317.0,514.0
318.0,509.0
319.0,502.0
320.0,476.0
321.0,491.0
322.0,509.0
323.0,490.0
324.0,505.0
325.0,510.0
326.0,515.0
327.0,503.0
328.0,513.0
329.0,512.0
330.0,508.0
331.0,509.0
332.0,486.0
333.0,515.0
334.0,520.0
335.0,514.0
336.0,537.0
337.0,493.0
338.0,536.0
339.0,531.0
340.0,530.0
341.0,503.0
342.0,548.0
343.0,539.0
344.0,516.0
345.0,556.0
346.0,537.0
347.0,520.0
348.0,522.0
349.0,520.0
350.0,541.0
351.0,525.0
352.0,534.0
353.0,555.0
354.0,534.0
355.0,544.0
356.0,527.0
357.0,543.0
358.0,570.0
359.0,515.0
360.0,546.0
361.0,543.0
362.0,519.0
363.0,542.0
364.0,524.0
365.0,550.0
366.0,554.0
367.0,564.0
368.0,551.0
369.0,520.0
370.0,534.0
371.0,548.0
372.0,553.0
373.0,561.0
374.0,542.0
375.0,553.0
376.0,543.0
377.0,539.0
378.0,547.0
379.0,547.0
380.0,547.0
381.0,530.0
382.0,548.0
383.0,538.0
384.0,556.0
385.0,545.0
386.0,553.0
387.0,521.0
388.0,563.0
389.0,549.0
390.0,550.0
391.0,531.0
392.0,550.0
393.0,542.0
394.0,544.0
395.0,561.0
396.0,582.0
397.0,555.0
398.0,555.0
399.0,586.0
400.0,563.0
401.0,586.0
402.0,550.0
403.0,570.0
404.0,547.0
405.0,557.0
406.0,580.0
407.0,574.0
408.0,581.0
409.0,569.0
410.0,587.0
411.0,572.0
412.0,566.0
413.0,590.0
414.0,543.0
415.0,557.0
416.0,563.0
417.0,546.0
418.0,572.0
419.0,556.0
420.0,551.0
421.0,557.0
422.0,556.0
423.0,568.0
424.0,580.0
425.0,573.0
426.0,555.0
427.0,554.0
428.0,558.0
429.0,559.0
430.0,559.0
431.0,552.0
432.0,569.0
433.0,551.0
434.0,559.0
435.0,572.0
436.0,560.0
437.0,521.0
438.0,551.0
439.0,570.0
440.0,565.0
441.0,579.0
442.0,554.0
443.0,554.0
444.0,587.0
445.0,517.0
446.0,574.0
447.0,569.0
448.0,573.0
449.0,566.0
450.0,577.0
451.0,595.0
452.0,565.0
453.0,552.0
454.0,575.0
455.0,582.0
456.0,551.0
457.0,569.0
458.0,573.0
459.0,581.0
460.0,590.0
461.0,546.0
462.0,604.0
463.0,575.0
464.0,537.0
465.0,578.0
466.0,568.0
467.0,580.0
468.0,567.0
469.0,563.0
470.0,563.0
471.0,576.0
472.0,549.0
473.0,565.0
474.0,575.0
475.0,556.0
476.0,551.0
477.0,567.0
478.0,558.0
479.0,577.0
480.0,563.0
481.0,575.0
482.0,579.0
483.0,564.0
484.0,551.0
485.0,574.0
486.0,564.0
487.0,538.0
488.0,564.0
489.0,551.0
490.0,578.0
491.0,593.0
492.0,572.0
493.0,563.0
494.0,551.0
495.0,573.0
496.0,566.0
497.0,571.0
498.0,576.0
499.0,566.0
500.0,551.0
501.0,569.0
502.0,576.0
503.0,564.0
504.0,540.0
505.0,564.0
506.0,595.0
507.0,566.0
508.0,571.0
509.0,560.0
510.0,568.0
511.0,563.0
512.0,560.0
513.0,556.0
514.0,557.0
515.0,552.0
516.0,554.0
517.0,538.0
518.0,557.0
519.0,576.0
520.0,551.0
521.0,561.0
522.0,547.0
523.0,575.0
524.0,574.0
525.0,562.0
526.0,545.0
527.0,563.0
528.0,518.0
529.0,571.0
530.0,565.0
531.0,528.0
532.0,539.0
533.0,541.0
534.0,548.0
535.0,544.0
536.0,548.0
537.0,527.0
538.0,545.0
539.0,547.0
540.0,534.0
541.0,533.0
542.0,542.0
543.0,563.0
544.0,554.0
545.0,570.0
546.0,543.0
547.0,529.0
548.0,546.0
549.0,554.0
550.0,521.0
551.0,567.0
552.0,520.0
553.0,541.0
554.0,538.0
555.0,541.0
556.0,529.0
557.0,554.0
558.0,532.0
559.0,551.0
560.0,541.0
561.0,550.0
562.0,506.0
563.0,526.0
564.0,525.0
565.0,542.0
566.0,511.0
567.0,514.0
568.0,533.0
569.0,528.0
570.0,519.0
571.0,512.0
572.0,533.0
573.0,517.0
574.0,516.0
575.0,528.0
576.0,519.0
577.0,505.0
578.0,529.0
579.0,531.0
580.0,520.0
581.0,524.0
582.0,508.0
583.0,506.0
584.0,521.0
585.0,505.0
586.0,541.0
587.0,498.0
588.0,498.0
589.0,513.0
590.0,537.0
591.0,485.0
592.0,516.0
593.0,523.0
594.0,513.0
595.0,513.0
596.0,494.0
597.0,544.0
598.0,534.0
599.0,497.0
600.0,500.0
601.0,517.0
602.0,496.0
603.0,519.0
604.0,509.0
605.0,512.0
606.0,507.0
607.0,503.0
608.0,510.0
609.0,523.0
610.0,516.0
611.0,520.0
612.0,502.0
613.0,501.0
614.0,507.0
615.0,485.0
616.0,473.0
617.0,487.0
618.0,526.0
619.0,491.0
620.0,477.0
621.0,473.0
622.0,488.0
623.0,481.0
624.0,494.0
625.0,486.0
626.0,473.0
627.0,473.0
628.0,489.0
629.0,482.0
630.0,492.0
631.0,494.0
632.0,469.0
633.0,462.0
634.0,451.0
635.0,500.0
636.0,499.0
637.0,489.0
638.0,482.0
639.0,499.0
640.0,481.0
641.0,495.0
642.0,475.0
643.0,478.0
644.0,472.0
645.0,476.0
646.0,460.0
647.0,486.0
648.0,463.0
649.0,489.0
650.0,470.0
651.0,463.0
652.0,468.0
653.0,453.0
654.0,478.0
655.0,471.0
656.0,472.0
657.0,466.0
658.0,464.0
659.0,474.0
660.0,480.0
661.0,461.0
662.0,474.0
663.0,454.0
664.0,452.0
665.0,461.0
666.0,477.0
667.0,461.0
668.0,438.0
669.0,444.0
670.0,459.0
671.0,474.0
672.0,454.0
673.0,450.0
674.0,464.0
675.0,462.0
676.0,457.0
677.0,468.0
678.0,451.0
679.0,454.0
680.0,433.0
681.0,442.0
682.0,433.0
683.0,453.0
684.0,450.0
685.0,432.0
686.0,428.0
687.0,461.0
688.0,458.0
689.0,457.0
690.0,458.0
691.0,438.0
692.0,439.0
693.0,425.0
694.0,425.0
695.0,425.0
696.0,465.0
697.0,438.0
698.0,433.0
699.0,428.0
700.0,454.0
701.0,433.0
702.0,411.0
703.0,406.0
704.0,418.0
705.0,414.0
706.0,433.0
707.0,445.0
708.0,412.0
709.0,410.0
710.0,428.0
711.0,396.0
712.0,412.0
713.0,414.0
714.0,414.0
715.0,395.0
716.0,446.0
717.0,426.0
718.0,411.0
719.0,414.0
720.0,402.0
721.0,406.0
722.0,422.0
723.0,420.0
724.0,410.0
725.0,377.0
726.0,414.0
727.0,395.0
728.0,418.0
729.0,391.0
730.0,409.0
731.0,409.0
732.0,398.0
733.0,417.0
734.0,397.0
735.0,413.0
736.0,385.0
737.0,403.0
738.0,388.0
739.0,399.0
740.0,417.0
741.0,392.0
742.0,381.0
743.0,388.0
744.0,400.0
745.0,403.0
746.0,383.0
747.0,374.0
748.0,415.0
749.0,387.0
750.0,375.0
751.0,406.0
752.0,401.0
753.0,395.0
754.0,373.0
755.0,381.0
756.0,390.0
757.0,378.0
758.0,368.0
759.0,373.0
760.0,360.0
761.0,371.0
762.0,377.0
763.0,366.0
764.0,384.0
765.0,365.0
766.0,369.0
767.0,386.0
768.0,388.0
769.0,364.0
770.0,392.0
771.0,357.0
772.0,387.0
773.0,364.0
774.0,355.0
775.0,351.0
776.0,333.0
777.0,353.0
778.0,351.0
779.0,346.0
780.0,360.0
781.0,348.0
782.0,355.0
783.0,368.0
784.0,350.0
785.0,353.0
786.0,365.0
787.0,349.0
788.0,362.0
789.0,340.0
790.0,350.0
791.0,341.0
792.0,356.0
793.0,331.0
794.0,340.0
795.0,338.0
796.0,335.0
797.0,340.0
798.0,341.0
799.0,354.0
800.0,338.0
801.0,368.0
802.0,335.0
803.0,367.0
804.0,314.0
805.0,332.0
806.0,339.0
807.0,338.0
808.0,331.0
809.0,340.0
810.0,347.0
811.0,342.0
812.0,340.0
813.0,331.0
814.0,327.0
815.0,334.0
816.0,325.0
817.0,329.0
818.0,330.0
819.0,337.0
820.0,333.0
821.0,325.0
822.0,311.0
823.0,364.0
824.0,327.0
825.0,335.0
826.0,337.0
827.0,332.0
828.0,344.0
829.0,320.0
830.0,316.0
831.0,325.0
832.0,347.0
833.0,326.0
834.0,337.0
835.0,348.0
836.0,317.0
837.0,322.0
838.0,315.0
839.0,321.0
840.0,322.0
841.0,326.0
842.0,318.0
843.0,310.0
844.0,292.0
845.0,303.0
846.0,302.0
847.0,307.0
848.0,311.0
849.0,299.0
850.0,296.0
851.0,314.0
852.0,313.0
853.0,307.0
854.0,312.0
855.0,285.0
856.0,322.0
857.0,321.0
858.0,321.0
859.0,307.0
860.0,325.0
861.0,335.0
862.0,302.0
863.0,306.0
864.0,317.0
865.0,308.0
866.0,300.0
867.0,323.0
868.0,315.0
869.0,315.0
870.0,293.0
871.0,298.0
872.0,279.0
873.0,315.0
874.0,303.0
875.0,294.0
876.0,294.0
877.0,317.0
878.0,313.0
879.0,324.0
880.0,299.0
881.0,312.0
882.0,313.0
883.0,310.0
884.0,302.0
885.0,276.0
886.0,315.0
887.0,295.0
888.0,305.0
889.0,316.0
890.0,295.0
891.0,303.0
892.0,302.0
893.0,321.0
894.0,310.0
895.0,291.0
896.0,319.0
897.0,309.0
898.0,293.0
899.0,303.0
900.0,292.0
901.0,291.0
902.0,302.0
903.0,318.0
904.0,312.0
905.0,302.0
906.0,300.0
907.0,288.0
908.0,284.0
909.0,297.0
910.0,292.0
911.0,284.0
912.0,294.0
913.0,316.0
914.0,281.0
915.0,299.0
916.0,292.0
917.0,283.0
918.0,273.0
919.0,305.0
920.0,286.0
921.0,283.0
922.0,281.0
923.0,302.0
924.0,280.0
925.0,286.0
926.0,276.0
927.0,285.0
928.0,294.0
929.0,290.0
930.0,286.0
931.0,286.0
932.0,291.0
933.0,278.0
934.0,290.0
935.0,291.0
936.0,292.0
937.0,286.0
938.0,290.0
939.0,275.0
940.0,291.0
941.0,303.0
942.0,300.0
943.0,284.0
944.0,299.0
945.0,281.0
946.0,284.0
947.0,286.0
948.0,273.0
949.0,476.0
950.0,337.0
951.0,296.0
952.0,282.0
953.0,276.0
954.0,289.0
955.0,287.0
956.0,285.0
957.0,278.0
958.0,298.0
959.0,297.0
960.0,271.0
961.0,289.0
962.0,290.0
963.0,290.0
964.0,283.0
965.0,286.0
966.0,273.0
967.0,277.0
968.0,286.0
969.0,280.0
970.0,296.0
971.0,295.0
972.0,297.0
973.0,274.0
974.0,292.0
975.0,285.0
976.0,276.0
977.0,291.0
978.0,280.0
979.0,291.0
980.0,308.0
981.0,283.0
982.0,262.0
983.0,294.0
984.0,273.0
985.0,285.0
986.0,283.0
987.0,268.0
988.0,263.0
989.0,293.0
990.0,285.0
991.0,286.0
992.0,297.0
993.0,293.0
994.0,262.0
995.0,289.0
996.0,263.0
997.0,289.0
998.0,286.0
999.0,280.0
1000.0,280.0
1001.0,294.0
1002.0,271.0
1003.0,283.0
1004.0,281.0
1005.0,283.0
1006.0,262.0
1007.0,279.0
1008.0,285.0
1009.0,297.0
1010.0,288.0
1011.0,291.0
1012.0,274.0
1013.0,309.0
1014.0,277.0
1015.0,281.0
1016.0,290.0
1017.0,281.0
1018.0,285.0
1019.0,267.0
1020.0,281.0
1021.0,277.0
1022.0,282.0
1023.0,282.0
