0.0,110.0
1.0,134.0
2.0,158.0
3.0,160.0
4.0,191.0
5.0,184.0
6.0,226.0
7.0,218.0
8.0,205.0
9.0,197.0
10.0,203.0
11.0,215.0
12.0,225.0
13.0,221.0
14.0,190.0
15.0,237.0
16.0,223.0
17.0,218.0
18.0,250.0
19.0,238.0
20.0,225.0
21.0,217.0
22.0,232.0
23.0,233.0
24.0,221.0
25.0,250.0
26.0,225.0
27.0,199.0
28.0,216.0
29.0,232.0
30.0,233.0
31.0,226.0
32.0,243.0
33.0,245.0
34.0,261.0
35.0,264.0
36.0,232.0
37.0,240.0
38.0,274.0
39.0,268.0
40.0,250.0
41.0,266.0
42.0,255.0
43.0,282.0
44.0,277.0
45.0,296.0
46.0,280.0
47.0,294.0
48.0,305.0
49.0,276.0
50.0,278.0
51.0,317.0
52.0,300.0
53.0,299.0
54.0,311.0
55.0,302.0
56.0,315.0
57.0,319.0
58.0,305.0
59.0,326.0
60.0,310.0
61.0,312.0
62.0,320.0
63.0,319.0
64.0,310.0
65.0,321.0
66.0,322.0
67.0,338.0
68.0,318.0
69.0,314.0
70.0,316.0
71.0,319.0
72.0,335.0
73.0,324.0
74.0,340.0
75.0,336.0
76.0,355.0
77.0,331.0
78.0,339.0
79.0,333.0
80.0,358.0
81.0,344.0
82.0,328.0
83.0,353.0
84.0,355.0
85.0,356.0
86.0,353.0
87.0,361.0
88.0,366.0
89.0,371.0
90.0,370.0
91.0,369.0
92.0,350.0
93.0,384.0
94.0,349.0
95.0,359.0
96.0,363.0
97.0,356.0
98.0,379.0
99.0,392.0
100.0,375.0
101.0,366.0
102.0,382.0
103.0,414.0
104.0,383.0
105.0,395.0
106.0,393.0
107.0,400.0
108.0,383.0
109.0,400.0
110.0,411.0
111.0,402.0
112.0,403.0
113.0,398.0
114.0,402.0
115.0,412.0
116.0,406.0
117.0,419.0
118.0,417.0
119.0,412.0
120.0,407.0
121.0,429.0
122.0,408.0
123.0,419.0
124.0,394.0
125.0,431.0
126.0,446.0
127.0,428.0
128.0,437.0
129.0,425.0
130.0,433.0
131.0,397.0
132.0,431.0
133.0,444.0
134.0,415.0
135.0,457.0
136.0,452.0
137.0,429.0
138.0,443.0
139.0,452.0
140.0,462.0
141.0,447.0
142.0,470.0
143.0,441.0
144.0,453.0
145.0,474.0
146.0,494.0
147.0,464.0
148.0,447.0
149.0,495.0
150.0,472.0
151.0,478.0
152.0,465.0
153.0,482.0
154.0,482.0
155.0,507.0
156.0,491.0
157.0,506.0
158.0,489.0
159.0,482.0
160.0,490.0
161.0,489.0
162.0,507.0
163.0,510.0
164.0,510.0
165.0,491.0
166.0,524.0
167.0,534.0
168.0,483.0
169.0,522.0
170.0,496.0
171.0,543.0
172.0,519.0
173.0,527.0
174.0,539.0
175.0,539.0
176.0,512.0
177.0,515.0
178.0,515.0
179.0,535.0
180.0,540.0
181.0,527.0
182.0,552.0
183.0,550.0
184.0,560.0
185.0,531.0
186.0,540.0
187.0,533.0
188.0,555.0
189.0,548.0
190.0,576.0
191.0,562.0
192.0,548.0
193.0,560.0
194.0,586.0
195.0,582.0
196.0,576.0
197.0,547.0
198.0,578.0
199.0,559.0
200.0,579.0
201.0,595.0
202.0,580.0
203.0,596.0
204.0,599.0
205.0,613.0
206.0,587.0
207.0,581.0
208.0,578.0
209.0,593.0
210.0,578.0
211.0,589.0
212.0,569.0
213.0,630.0
214.0,598.0
215.0,587.0
216.0,591.0
217.0,618.0
218.0,628.0
219.0,596.0
220.0,656.0
221.0,610.0
222.0,602.0
223.0,652.0
224.0,633.0
225.0,633.0
226.0,650.0
227.0,649.0
228.0,628.0
229.0,653.0
230.0,640.0
231.0,658.0
232.0,655.0
233.0,656.0
234.0,642.0
235.0,675.0
236.0,656.0
237.0,625.0
238.0,640.0
239.0,678.0
240.0,642.0
241.0,647.0
242.0,675.0
243.0,653.0
244.0,704.0
245.0,670.0
246.0,702.0
247.0,682.0
248.0,677.0
249.0,699.0
250.0,715.0
251.0,673.0
252.0,666.0
253.0,678.0
254.0,692.0
255.0,709.0
256.0,696.0
257.0,708.0
258.0,693.0
259.0,717.0
260.0,685.0
261.0,725.0
262.0,732.0
263.0,726.0
264.0,716.0
265.0,729.0
266.0,736.0
267.0,741.0
268.0,744.0
269.0,708.0
270.0,704.0
271.0,743.0
272.0,692.0
273.0,719.0
274.0,722.0
275.0,749.0
276.0,753.0
277.0,751.0
278.0,743.0
279.0,751.0
280.0,741.0
281.0,742.0
282.0,740.0
283.0,773.0
284.0,731.0
285.0,743.0
286.0,758.0
287.0,761.0
288.0,765.0
289.0,764.0
290.0,783.0
291.0,743.0
292.0,776.0
293.0,756.0
294.0,774.0
295.0,773.0
296.0,771.0
297.0,792.0
298.0,778.0
299.0,783.0
300.0,776.0
301.0,803.0
302.0,817.0
303.0,782.0
304.0,802.0
305.0,806.0
306.0,801.0
307.0,792.0
308.0,797.0
309.0,829.0
310.0,798.0
311.0,795.0
312.0,834.0
313.0,793.0
314.0,819.0
315.0,831.0
316.0,809.0
317.0,829.0
318.0,805.0
319.0,825.0
320.0,815.0
321.0,837.0
322.0,803.0
323.0,821.0
324.0,866.0
325.0,823.0
326.0,844.0
327.0,843.0
328.0,856.0
329.0,872.0
330.0,847.0
331.0,850.0
332.0,844.0
333.0,839.0
334.0,850.0
335.0,854.0
336.0,858.0
337.0,856.0
338.0,840.0
339.0,874.0
340.0,859.0
341.0,893.0
342.0,854.0
343.0,877.0
344.0,872.0
345.0,890.0
346.0,861.0
347.0,849.0
348.0,875.0
349.0,931.0
350.0,875.0
351.0,867.0
352.0,887.0
353.0,923.0
354.0,883.0
355.0,864.0
356.0,896.0
357.0,899.0
358.0,919.0
359.0,891.0
360.0,896.0
361.0,895.0
362.0,930.0
363.0,889.0
364.0,908.0
365.0,896.0
366.0,937.0
367.0,930.0
368.0,904.0
369.0,919.0
370.0,912.0
371.0,929.0
372.0,928.0
373.0,935.0
374.0,926.0
375.0,924.0
376.0,896.0
377.0,928.0
378.0,908.0
379.0,915.0
380.0,914.0
381.0,904.0
382.0,940.0
383.0,907.0
384.0,902.0
385.0,960.0
386.0,889.0
387.0,929.0
388.0,944.0
389.0,949.0
390.0,924.0
391.0,947.0
392.0,937.0
393.0,936.0
394.0,973.0
395.0,940.0
396.0,948.0
397.0,931.0
398.0,969.0
399.0,938.0
400.0,972.0
401.0,945.0
402.0,956.0
403.0,972.0
404.0,936.0
405.0,923.0
406.0,962.0
407.0,975.0
408.0,957.0
409.0,955.0
410.0,967.0
411.0,949.0
412.0,973.0
413.0,966.0
414.0,949.0
415.0,988.0
416.0,973.0
417.0,958.0
418.0,971.0
419.0,972.0
420.0,959.0
421.0,1019.0
422.0,979.0
423.0,966.0
424.0,984.0
425.0,1010.0
426.0,964.0
427.0,974.0
428.0,954.0
429.0,979.0
430.0,975.0
431.0,977.0
432.0,972.0
433.0,976.0
434.0,985.0
435.0,965.0
436.0,967.0
437.0,969.0
438.0,995.0
439.0,1008.0
440.0,977.0
441.0,984.0
442.0,968.0
443.0,977.0
444.0,984.0
445.0,986.0
446.0,985.0
447.0,995.0
448.0,996.0
449.0,965.0
450.0,983.0
451.0,1000.0
452.0,969.0
453.0,978.0
454.0,982.0
455.0,985.0
456.0,975.0
457.0,1011.0
458.0,965.0
459.0,1010.0
460.0,1018.0
461.0,978.0
462.0,995.0
463.0,1000.0
464.0,989.0
465.0,969.0
466.0,985.0
467.0,1028.0
468.0,986.0
469.0,986.0
470.0,968.0
471.0,979.0
472.0,958.0
473.0,993.0
474.0,986.0
475.0,997.0
476.0,1008.0
477.0,992.0
478.0,979.0
479.0,999.0
480.0,982.0
481.0,978.0
482.0,966.0
483.0,1011.0
484.0,993.0
485.0,978.0
486.0,969.0
487.0,972.0
488.0,981.0
489.0,994.0
490.0,962.0
491.0,964.0
492.0,977.0
493.0,971.0
494.0,956.0
495.0,966.0
496.0,978.0
497.0,964.0
498.0,988.0
499.0,980.0
500.0,952.0
501.0,945.0
502.0,917.0
503.0,948.0
504.0,953.0
505.0,977.0
506.0,946.0
507.0,971.0
508.0,975.0
509.0,970.0
510.0,950.0
511.0,989.0
512.0,983.0
513.0,954.0
514.0,985.0
515.0,986.0
516.0,956.0
517.0,968.0
518.0,942.0
519.0,976.0
520.0,959.0
521.0,975.0
522.0,958.0
523.0,953.0
524.0,990.0
525.0,976.0
526.0,960.0
527.0,963.0
528.0,968.0
529.0,925.0
530.0,930.0
531.0,968.0
532.0,966.0
533.0,933.0
534.0,948.0
535.0,948.0
536.0,979.0
537.0,941.0
538.0,953.0
539.0,899.0
540.0,909.0
541.0,937.0
542.0,922.0
543.0,925.0
544.0,900.0
545.0,941.0
546.0,938.0
547.0,935.0
548.0,891.0
549.0,907.0
550.0,935.0
551.0,954.0
552.0,929.0
553.0,921.0
554.0,924.0
555.0,898.0
556.0,928.0
557.0,933.0
558.0,925.0
559.0,928.0
560.0,928.0
561.0,928.0
562.0,926.0
563.0,904.0
564.0,891.0
565.0,914.0
566.0,910.0
567.0,888.0
568.0,930.0
569.0,928.0
570.0,903.0
571.0,905.0
572.0,911.0
573.0,866.0
574.0,914.0
575.0,882.0
576.0,923.0
577.0,890.0
578.0,913.0
579.0,872.0
580.0,915.0
581.0,873.0
582.0,889.0
583.0,859.0
584.0,867.0
585.0,886.0
586.0,889.0
587.0,865.0
588.0,867.0
589.0,876.0
590.0,842.0
591.0,871.0
592.0,884.0
593.0,875.0
594.0,888.0
595.0,904.0
596.0,855.0
597.0,864.0
598.0,883.0
599.0,882.0
600.0,843.0
601.0,843.0
602.0,864.0
603.0,853.0
604.0,847.0
605.0,843.0
606.0,841.0
607.0,873.0
608.0,859.0
609.0,859.0
610.0,841.0
611.0,856.0
612.0,864.0
613.0,833.0
614.0,807.0
615.0,836.0
616.0,840.0
617.0,806.0
618.0,834.0
619.0,835.0
620.0,826.0
621.0,821.0
622.0,801.0
623.0,797.0
624.0,810.0
625.0,805.0
626.0,797.0
627.0,779.0
628.0,789.0
629.0,804.0
630.0,787.0
631.0,789.0
632.0,803.0
633.0,801.0
634.0,771.0
635.0,802.0
636.0,796.0
637.0,770.0
638.0,767.0
639.0,773.0
640.0,771.0
641.0,789.0
642.0,790.0
643.0,761.0
644.0,782.0
645.0,794.0
646.0,762.0
647.0,751.0
648.0,781.0
649.0,789.0
650.0,771.0
651.0,774.0
652.0,751.0
653.0,748.0
654.0,756.0
655.0,760.0
656.0,757.0
657.0,755.0
658.0,764.0
659.0,739.0
660.0,744.0
661.0,743.0
662.0,742.0
663.0,728.0
664.0,743.0
665.0,733.0
666.0,731.0
667.0,703.0
668.0,722.0
669.0,745.0
670.0,715.0
671.0,734.0
672.0,712.0
673.0,746.0
674.0,736.0
675.0,716.0
676.0,723.0
677.0,679.0
678.0,719.0
679.0,703.0
680.0,707.0
681.0,701.0
682.0,679.0
683.0,695.0
684.0,682.0
685.0,664.0
686.0,685.0
687.0,681.0
688.0,688.0
689.0,667.0
690.0,668.0
691.0,679.0
692.0,671.0
693.0,664.0
694.0,657.0
695.0,674.0
696.0,687.0
697.0,655.0
698.0,668.0
699.0,657.0
700.0,665.0
701.0,665.0
702.0,666.0
703.0,657.0
704.0,668.0
705.0,655.0
706.0,651.0
707.0,644.0
708.0,631.0
709.0,624.0
710.0,640.0
711.0,639.0
712.0,636.0
713.0,647.0
714.0,639.0
715.0,636.0
716.0,626.0
717.0,627.0
718.0,628.0
719.0,628.0
720.0,628.0
721.0,616.0
722.0,604.0
723.0,621.0
724.0,617.0
725.0,599.0
726.0,600.0
727.0,594.0
728.0,596.0
729.0,589.0
730.0,591.0
731.0,598.0
732.0,595.0
733.0,574.0
734.0,591.0
735.0,598.0
736.0,581.0
737.0,566.0
738.0,585.0
739.0,559.0
740.0,568.0
741.0,545.0
742.0,581.0
743.0,578.0
744.0,574.0
745.0,545.0
746.0,561.0
747.0,542.0
748.0,544.0
749.0,529.0
750.0,538.0
751.0,526.0
752.0,532.0
753.0,556.0
754.0,546.0
755.0,522.0
756.0,530.0
757.0,545.0
758.0,522.0
759.0,543.0
760.0,522.0
761.0,513.0
762.0,545.0
763.0,528.0
764.0,490.0
765.0,534.0
766.0,520.0
767.0,521.0
768.0,517.0
769.0,514.0
770.0,486.0
771.0,473.0
772.0,475.0
773.0,480.0
774.0,479.0
775.0,492.0
776.0,463.0
777.0,510.0
778.0,484.0
779.0,493.0
780.0,478.0
781.0,502.0
782.0,495.0
783.0,444.0
784.0,478.0
785.0,496.0
786.0,455.0
787.0,451.0
788.0,468.0
789.0,459.0
790.0,455.0
791.0,480.0
792.0,475.0
793.0,466.0
794.0,460.0
795.0,463.0
796.0,443.0
797.0,458.0
798.0,427.0
799.0,452.0
800.0,450.0
801.0,448.0
802.0,428.0
803.0,441.0
804.0,419.0
805.0,433.0
806.0,418.0
807.0,451.0
808.0,418.0
809.0,415.0
810.0,412.0
811.0,457.0
812.0,434.0
813.0,457.0
814.0,398.0
815.0,417.0
816.0,451.0
817.0,424.0
818.0,416.0
819.0,412.0
820.0,418.0
821.0,436.0
822.0,428.0
823.0,431.0
824.0,407.0
825.0,411.0
826.0,404.0
827.0,394.0
828.0,397.0
829.0,414.0
830.0,389.0
831.0,394.0
832.0,413.0
833.0,418.0
834.0,407.0
835.0,371.0
836.0,375.0
837.0,379.0
838.0,366.0
839.0,401.0
840.0,372.0
841.0,375.0
842.0,370.0
843.0,384.0
844.0,373.0
845.0,360.0
846.0,386.0
847.0,381.0
848.0,388.0
849.0,353.0
850.0,387.0
851.0,394.0
852.0,350.0
853.0,372.0
854.0,347.0
855.0,348.0
856.0,377.0
857.0,374.0
858.0,351.0
859.0,371.0
860.0,356.0
861.0,360.0
862.0,345.0
863.0,344.0
864.0,356.0
865.0,357.0
866.0,354.0
867.0,336.0
868.0,355.0
869.0,354.0
870.0,373.0
871.0,349.0
872.0,329.0
873.0,354.0
874.0,335.0
875.0,341.0
876.0,355.0
877.0,336.0
878.0,330.0
879.0,349.0
880.0,340.0
881.0,346.0
882.0,328.0
883.0,355.0
884.0,323.0
885.0,324.0
886.0,341.0
887.0,338.0
888.0,330.0
889.0,326.0
890.0,339.0
891.0,318.0
892.0,330.0
893.0,332.0
894.0,335.0
895.0,329.0
896.0,327.0
897.0,309.0
898.0,333.0
899.0,341.0
900.0,336.0
901.0,314.0
902.0,337.0
903.0,322.0
904.0,322.0
905.0,334.0
906.0,345.0
907.0,329.0
908.0,317.0
909.0,307.0
910.0,322.0
911.0,329.0
912.0,322.0
913.0,305.0
914.0,321.0
915.0,313.0
916.0,317.0
917.0,320.0
918.0,312.0
919.0,310.0
920.0,315.0
921.0,308.0
922.0,293.0
923.0,303.0
924.0,322.0
925.0,310.0
926.0,304.0
927.0,308.0
928.0,307.0
929.0,299.0
930.0,308.0
931.0,305.0
932.0,295.0
933.0,297.0
934.0,301.0
935.0,317.0
936.0,294.0
937.0,294.0
938.0,310.0
939.0,297.0
940.0,327.0
941.0,297.0
942.0,293.0
943.0,309.0
944.0,321.0
945.0,316.0
946.0,319.0
947.0,294.0
948.0,296.0
949.0,318.0
950.0,305.0
951.0,296.0
952.0,353.0
953.0,315.0
954.0,307.0
955.0,314.0
956.0,286.0
957.0,274.0
958.0,288.0
959.0,298.0
960.0,267.0
961.0,283.0
962.0,315.0
963.0,275.0
964.0,301.0
965.0,298.0
966.0,303.0
967.0,299.0
968.0,272.0
969.0,286.0
970.0,306.0
971.0,275.0
972.0,293.0
973.0,286.0
974.0,284.0
975.0,275.0
976.0,292.0
977.0,284.0
978.0,290.0
979.0,279.0
980.0,281.0
981.0,306.0
982.0,298.0
983.0,272.0
984.0,300.0
985.0,301.0
986.0,281.0
987.0,298.0
988.0,284.0
989.0,284.0
990.0,283.0
991.0,285.0
992.0,310.0
993.0,282.0
994.0,283.0
995.0,298.0
996.0,292.0
997.0,299.0
998.0,293.0
999.0,285.0
1000.0,282.0
1001.0,300.0
1002.0,299.0
1003.0,308.0
1004.0,297.0
1005.0,283.0
1006.0,292.0
1007.0,299.0
1008.0,284.0
1009.0,291.0
1010.0,285.0
1011.0,300.0
1012.0,277.0
1013.0,299.0
1014.0,280.0
1015.0,306.0
1016.0,287.0
1017.0,270.0
1018.0,287.0
1019.0,274.0
1020.0,270.0
1021.0,291.0
1022.0,296.0
1023.0,304.0
