0.0,379.0
1.0,523.0
2.0,575.0
3.0,602.0
4.0,643.0
5.0,681.0
6.0,721.0
7.0,741.0
8.0,773.0
9.0,852.0
10.0,865.0
11.0,941.0
12.0,961.0
13.0,998.0
14.0,1040.0
15.0,822.0
16.0,901.0
17.0,926.0
18.0,984.0
19.0,983.0
20.0,1068.0
21.0,1077.0
22.0,1158.0
23.0,1210.0
24.0,1250.0
25.0,1343.0
26.0,1378.0
27.0,1408.0
28.0,1480.0
29.0,1178.0
30.0,1215.0
31.0,1328.0
32.0,1373.0
33.0,1411.0
34.0,1500.0
35.0,1552.0
36.0,1585.0
37.0,1641.0
38.0,1702.0
39.0,1758.0
40.0,1851.0
41.0,1913.0
42.0,1952.0
43.0,1617.0
44.0,1695.0
45.0,1706.0
46.0,1859.0
47.0,1918.0
48.0,1961.0
49.0,2065.0
50.0,2173.0
51.0,2239.0
52.0,2281.0
53.0,2322.0
54.0,2446.0
55.0,2510.0
56.0,2582.0
57.0,2648.0
58.0,2258.0
59.0,2336.0
60.0,2417.0
61.0,2470.0
62.0,2599.0
63.0,2714.0
64.0,2724.0
65.0,2844.0
66.0,2910.0
67.0,3018.0
68.0,3031.0
69.0,3223.0
70.0,3241.0
71.0,3310.0
72.0,2873.0
73.0,2955.0
74.0,3080.0
75.0,3189.0
76.0,3255.0
77.0,3350.0
78.0,3426.0
79.0,3532.0
80.0,3586.0
81.0,3714.0
82.0,3908.0
83.0,3830.0
84.0,3989.0
85.0,4056.0
86.0,3556.0
87.0,3718.0
88.0,3829.0
89.0,3872.0
90.0,4006.0
91.0,4144.0
92.0,4225.0
93.0,4299.0
94.0,4404.0
95.0,4486.0
96.0,4541.0
97.0,4621.0
98.0,4725.0
99.0,4848.0
100.0,4364.0
101.0,4465.0
102.0,4640.0
103.0,4824.0
104.0,4869.0
105.0,4906.0
106.0,5071.0
107.0,5177.0
108.0,5259.0
109.0,5400.0
110.0,5488.0
111.0,5528.0
112.0,5472.0
113.0,5684.0
114.0,5664.0
115.0,5394.0
116.0,5549.0
117.0,5634.0
118.0,5658.0
119.0,5695.0
120.0,5866.0
121.0,5960.0
122.0,6158.0
123.0,6200.0
124.0,6252.0
125.0,6307.0
126.0,6418.0
127.0,6610.0
128.0,6580.0
129.0,6121.0
130.0,6389.0
131.0,6508.0
132.0,6662.0
133.0,6721.0
134.0,6764.0
135.0,6873.0
136.0,6959.0
137.0,7127.0
138.0,7142.0
139.0,7319.0
140.0,7352.0
141.0,7353.0
142.0,7454.0
143.0,7059.0
144.0,7217.0
145.0,7509.0
146.0,7512.0
147.0,7588.0
148.0,7737.0
149.0,7712.0
150.0,7923.0
151.0,8077.0
152.0,8035.0
153.0,8039.0
154.0,8146.0
155.0,8215.0
156.0,8452.0
157.0,8452.0
158.0,8071.0
159.0,8225.0
160.0,8406.0
161.0,8475.0
162.0,8740.0
163.0,8714.0
164.0,8657.0
165.0,8859.0
166.0,8945.0
167.0,8965.0
168.0,9151.0
169.0,9084.0
170.0,9131.0
171.0,9281.0
172.0,9031.0
173.0,9163.0
174.0,9396.0
175.0,9268.0
176.0,9418.0
177.0,9650.0
178.0,9706.0
179.0,9630.0
180.0,9852.0
181.0,9806.0
182.0,9979.0
183.0,10082.0
184.0,10025.0
185.0,10249.0
186.0,10018.0
187.0,10079.0
188.0,10175.0
189.0,10312.0
190.0,10578.0
191.0,10474.0
192.0,10534.0
193.0,10561.0
194.0,10733.0
195.0,10838.0
196.0,10886.0
197.0,10916.0
198.0,10909.0
199.0,10977.0
200.0,10887.0
201.0,11179.0
202.0,11195.0
203.0,11363.0
204.0,11260.0
205.0,11370.0
206.0,11485.0
207.0,11521.0
208.0,11727.0
209.0,11825.0
210.0,11693.0
211.0,11836.0
212.0,11853.0
213.0,12142.0
214.0,12151.0
215.0,11931.0
216.0,12060.0
217.0,12157.0
218.0,12185.0
219.0,12368.0
220.0,12352.0
221.0,12363.0
222.0,12478.0
223.0,12545.0
224.0,12705.0
225.0,12830.0
226.0,12813.0
227.0,12812.0
228.0,12734.0
229.0,12763.0
230.0,13006.0
231.0,13047.0
232.0,12951.0
233.0,12951.0
234.0,13173.0
235.0,13179.0
236.0,13449.0
237.0,13162.0
238.0,13360.0
239.0,13368.0
240.0,13422.0
241.0,13531.0
242.0,13689.0
243.0,13317.0
244.0,13587.0
245.0,13603.0
246.0,13791.0
247.0,13851.0
248.0,13797.0
249.0,13747.0
250.0,13822.0
251.0,13873.0
252.0,13896.0
253.0,14047.0
254.0,14069.0
255.0,14149.0
256.0,13996.0
257.0,14269.0
258.0,14203.0
259.0,14266.0
260.0,14231.0
261.0,14257.0
262.0,14308.0
263.0,14344.0
264.0,14531.0
265.0,14487.0
266.0,14576.0
267.0,14383.0
268.0,14600.0
269.0,14672.0
270.0,14838.0
271.0,14639.0
272.0,14701.0
273.0,14587.0
274.0,14752.0
275.0,14977.0
276.0,15053.0
277.0,14857.0
278.0,14948.0
279.0,14821.0
280.0,15050.0
281.0,15030.0
282.0,15076.0
283.0,15097.0
284.0,14908.0
285.0,15219.0
286.0,15311.0
287.0,15302.0
288.0,15334.0
289.0,15194.0
290.0,15185.0
291.0,15410.0
292.0,15394.0
293.0,15276.0
294.0,15421.0
295.0,15317.0
296.0,15427.0
297.0,15517.0
298.0,15632.0
299.0,15519.0
300.0,15367.0
301.0,15549.0
302.0,15642.0
303.0,15651.0
304.0,15769.0
305.0,15674.0
306.0,15685.0
307.0,15604.0
308.0,15958.0
309.0,15867.0
310.0,15942.0
311.0,16043.0
312.0,15770.0
313.0,15992.0
314.0,16094.0
315.0,16279.0
316.0,15939.0
317.0,16012.0
318.0,16099.0
319.0,16268.0
320.0,16271.0
321.0,16241.0
322.0,16264.0
323.0,16261.0
324.0,16143.0
325.0,16401.0
326.0,16398.0
327.0,16359.0
328.0,16312.0
329.0,16334.0
330.0,16277.0
331.0,16508.0
332.0,16538.0
333.0,16484.0
334.0,16296.0
335.0,16568.0
336.0,16362.0
337.0,16764.0
338.0,16588.0
339.0,16569.0
340.0,16505.0
341.0,16546.0
342.0,16909.0
343.0,16828.0
344.0,16795.0
345.0,16727.0
346.0,16654.0
347.0,16767.0
348.0,16753.0
349.0,16976.0
350.0,16876.0
351.0,16863.0
352.0,16807.0
353.0,16739.0
354.0,17142.0
355.0,17162.0
356.0,16829.0
357.0,16899.0
358.0,17169.0
359.0,17156.0
360.0,17044.0
361.0,17271.0
362.0,16946.0
363.0,17001.0
364.0,17215.0
365.0,17456.0
366.0,17323.0
367.0,17061.0
368.0,17229.0
369.0,17256.0
370.0,17339.0
371.0,17498.0
372.0,17204.0
373.0,17255.0
374.0,17445.0
375.0,17425.0
376.0,17459.0
377.0,17291.0
378.0,17514.0
379.0,17281.0
380.0,17361.0
381.0,17581.0
382.0,17698.0
383.0,17431.0
384.0,17632.0
385.0,17593.0
386.0,17698.0
387.0,17863.0
388.0,17630.0
389.0,17614.0
390.0,17498.0
391.0,17654.0
392.0,17905.0
393.0,17785.0
394.0,17867.0
395.0,17665.0
396.0,17636.0
397.0,17775.0
398.0,17883.0
399.0,18003.0
400.0,17928.0
401.0,17562.0
402.0,17721.0
403.0,17993.0
404.0,18168.0
405.0,17771.0
406.0,17859.0
407.0,17845.0
408.0,17868.0
409.0,17932.0
410.0,18314.0
411.0,17982.0
412.0,17878.0
413.0,18164.0
414.0,17954.0
415.0,18042.0
416.0,18202.0
417.0,18013.0
418.0,18062.0
419.0,18171.0
420.0,18103.0
421.0,18140.0
422.0,18248.0
423.0,17923.0
424.0,18040.0
425.0,18053.0
426.0,18203.0
427.0,18358.0
428.0,17930.0
429.0,18113.0
430.0,18213.0
431.0,18200.0
432.0,18454.0
433.0,18225.0
434.0,18236.0
435.0,18081.0
436.0,18409.0
437.0,18466.0
438.0,18304.0
439.0,18238.0
440.0,18204.0
441.0,18247.0
442.0,18472.0
443.0,18434.0
444.0,18376.0
445.0,18263.0
446.0,18484.0
447.0,18357.0
448.0,18446.0
449.0,18325.0
450.0,18365.0
451.0,18354.0
452.0,18427.0
453.0,18575.0
454.0,18509.0
455.0,18495.0
456.0,18497.0
457.0,18278.0
458.0,18487.0
459.0,18598.0
460.0,18439.0
461.0,18499.0
462.0,18406.0
463.0,18421.0
464.0,18517.0
465.0,18739.0
466.0,18487.0
467.0,18286.0
468.0,18553.0
469.0,18683.0
470.0,18660.0
471.0,18525.0
472.0,18358.0
473.0,18508.0
474.0,18444.0
475.0,18803.0
476.0,18607.0
477.0,18342.0
478.0,18534.0
479.0,18502.0
480.0,18667.0
481.0,18732.0
482.0,18744.0
483.0,18467.0
484.0,18452.0
485.0,18448.0
486.0,18785.0
487.0,18626.0
488.0,18636.0
489.0,18620.0
490.0,18555.0
491.0,18600.0
492.0,18722.0
493.0,18613.0
494.0,18528.0
495.0,18634.0
496.0,18487.0
497.0,18613.0
498.0,18789.0
499.0,18483.0
500.0,18548.0
501.0,18656.0
502.0,18560.0
503.0,18686.0
504.0,18534.0
505.0,18636.0
506.0,18384.0
507.0,18575.0
508.0,18596.0
509.0,18741.0
510.0,18476.0
511.0,18374.0
512.0,18649.0
513.0,18741.0
514.0,18569.0
515.0,18690.0
516.0,18371.0
517.0,18399.0
518.0,18605.0
519.0,18605.0
520.0,18713.0
521.0,18480.0
522.0,18416.0
523.0,18413.0
524.0,18381.0
525.0,18740.0
526.0,18363.0
527.0,18380.0
528.0,18363.0
529.0,18550.0
530.0,18669.0
531.0,18424.0
532.0,18408.0
533.0,18456.0
534.0,18370.0
535.0,18597.0
536.0,18635.0
537.0,18191.0
538.0,18245.0
539.0,18423.0
540.0,18205.0
541.0,18566.0
542.0,18455.0
543.0,18243.0
544.0,18409.0
545.0,18334.0
546.0,18629.0
547.0,18399.0
548.0,18291.0
549.0,18310.0
550.0,18261.0
551.0,18443.0
552.0,18522.0
553.0,18465.0
554.0,18084.0
555.0,17983.0
556.0,18466.0
557.0,18315.0
558.0,18009.0
559.0,18175.0
560.0,18268.0
561.0,18228.0
562.0,18265.0
563.0,18173.0
564.0,18160.0
565.0,17923.0
566.0,18138.0
567.0,18080.0
568.0,18047.0
569.0,18259.0
570.0,17877.0
571.0,17857.0
572.0,17826.0
573.0,18091.0
574.0,18105.0
575.0,17812.0
576.0,17758.0
577.0,17639.0
578.0,17984.0
579.0,17906.0
580.0,18130.0
581.0,17862.0
582.0,17386.0
583.0,17851.0
584.0,17761.0
585.0,17756.0
586.0,17826.0
587.0,17456.0
588.0,17578.0
589.0,17722.0
590.0,17841.0
591.0,17778.0
592.0,17566.0
593.0,17518.0
594.0,17508.0
595.0,17653.0
596.0,17625.0
597.0,17280.0
598.0,17377.0
599.0,17328.0
600.0,17404.0
601.0,17410.0
602.0,17324.0
603.0,17351.0
604.0,17215.0
605.0,17377.0
606.0,17432.0
607.0,17127.0
608.0,17296.0
609.0,17050.0
610.0,17221.0
611.0,17310.0
612.0,17161.0
613.0,17111.0
614.0,17042.0
615.0,17119.0
616.0,17009.0
617.0,17101.0
618.0,17041.0
619.0,16949.0
620.0,16760.0
621.0,16976.0
622.0,16892.0
623.0,16952.0
624.0,16719.0
625.0,16677.0
626.0,16854.0
627.0,16670.0
628.0,16808.0
629.0,16525.0
630.0,16541.0
631.0,16559.0
632.0,16543.0
633.0,16657.0
634.0,16526.0
635.0,16346.0
636.0,16409.0
637.0,16403.0
638.0,16588.0
639.0,16261.0
640.0,16288.0
641.0,16159.0
642.0,16263.0
643.0,16449.0
644.0,16321.0
645.0,16194.0
646.0,15990.0
647.0,15897.0
648.0,16169.0
649.0,16262.0
650.0,16157.0
651.0,15843.0
652.0,15888.0
653.0,15967.0
654.0,16111.0
655.0,15838.0
656.0,15841.0
657.0,15508.0
658.0,16016.0
659.0,15784.0
660.0,15729.0
661.0,15594.0
662.0,15543.0
663.0,15627.0
664.0,15480.0
665.0,15673.0
666.0,15462.0
667.0,15409.0
668.0,15371.0
669.0,15496.0
670.0,15347.0
671.0,15297.0
672.0,15296.0
673.0,15227.0
674.0,15133.0
675.0,15150.0
676.0,15234.0
677.0,15159.0
678.0,15058.0
679.0,15029.0
680.0,14986.0
681.0,14951.0
682.0,14994.0
683.0,14771.0
684.0,14841.0
685.0,14761.0
686.0,14973.0
687.0,14805.0
688.0,14889.0
689.0,14653.0
690.0,14686.0
691.0,14801.0
692.0,14560.0
693.0,14581.0
694.0,14421.0
695.0,14403.0
696.0,14346.0
697.0,14537.0
698.0,14450.0
699.0,14082.0
700.0,14260.0
701.0,14077.0
702.0,14398.0
703.0,14142.0
704.0,14037.0
705.0,13982.0
706.0,13972.0
707.0,14028.0
708.0,14021.0
709.0,14043.0
710.0,13720.0
711.0,13646.0
712.0,13923.0
713.0,13952.0
714.0,13692.0
715.0,13619.0
716.0,13543.0
717.0,13728.0
718.0,13702.0
719.0,13691.0
720.0,13427.0
721.0,13406.0
722.0,13420.0
723.0,13451.0
724.0,13429.0
725.0,13179.0
726.0,13099.0
727.0,13138.0
728.0,13102.0
729.0,13280.0
730.0,13166.0
731.0,12980.0
732.0,13150.0
733.0,13052.0
734.0,12928.0
735.0,12885.0
736.0,12765.0
737.0,12911.0
738.0,12650.0
739.0,12942.0
740.0,12686.0
741.0,12479.0
742.0,12597.0
743.0,12505.0
744.0,12703.0
745.0,12418.0
746.0,12511.0
747.0,12470.0
748.0,12344.0
749.0,12210.0
750.0,12374.0
751.0,12324.0
752.0,12376.0
753.0,12102.0
754.0,12061.0
755.0,12079.0
756.0,12016.0
757.0,11872.0
758.0,11882.0
759.0,11898.0
760.0,12009.0
761.0,11958.0
762.0,11838.0
763.0,11740.0
764.0,11760.0
765.0,11708.0
766.0,11667.0
767.0,11638.0
768.0,11480.0
769.0,11368.0
770.0,11476.0
771.0,11351.0
772.0,11425.0
773.0,11268.0
774.0,11252.0
775.0,11314.0
776.0,11129.0
777.0,11340.0
778.0,11222.0
779.0,10892.0
780.0,11127.0
781.0,11065.0
782.0,11122.0
783.0,10879.0
784.0,10697.0
785.0,10679.0
786.0,10967.0
787.0,10864.0
788.0,10781.0
789.0,10569.0
790.0,10596.0
791.0,10720.0
792.0,10602.0
793.0,10534.0
794.0,10410.0
795.0,10298.0
796.0,10545.0
797.0,10287.0
798.0,10220.0
799.0,10288.0
800.0,10099.0
801.0,10122.0
802.0,10278.0
803.0,10242.0
804.0,9973.0
805.0,10119.0
806.0,9939.0
807.0,10049.0
808.0,9898.0
809.0,9911.0
810.0,9754.0
811.0,9732.0
812.0,9692.0
813.0,9650.0
814.0,9477.0
815.0,9644.0
816.0,9528.0
817.0,9548.0
818.0,9584.0
819.0,9574.0
820.0,9444.0
821.0,9307.0
822.0,9422.0
823.0,9239.0
824.0,9237.0
825.0,9108.0
826.0,9041.0
827.0,9127.0
828.0,9000.0
829.0,9247.0
830.0,9043.0
831.0,8934.0
832.0,8874.0
833.0,8896.0
834.0,8939.0
835.0,8799.0
836.0,8748.0
837.0,8575.0
838.0,8712.0
839.0,8617.0
840.0,8581.0
841.0,8528.0
842.0,8411.0
843.0,8437.0
844.0,8577.0
845.0,8363.0
846.0,8259.0
847.0,8279.0
848.0,8288.0
849.0,8175.0
850.0,8259.0
851.0,8126.0
852.0,8063.0
853.0,8024.0
854.0,7919.0
855.0,7945.0
856.0,7875.0
857.0,7832.0
858.0,7793.0
859.0,7864.0
860.0,7754.0
861.0,7830.0
862.0,7578.0
863.0,7693.0
864.0,7580.0
865.0,7571.0
866.0,7512.0
867.0,7484.0
868.0,7424.0
869.0,7409.0
870.0,7481.0
871.0,7259.0
872.0,7360.0
873.0,7186.0
874.0,7173.0
875.0,7209.0
876.0,7126.0
877.0,7092.0
878.0,7113.0
879.0,7000.0
880.0,6975.0
881.0,6914.0
882.0,6855.0
883.0,6891.0
884.0,6803.0
885.0,6722.0
886.0,6778.0
887.0,6759.0
888.0,6661.0
889.0,6485.0
890.0,6620.0
891.0,6562.0
892.0,6390.0
893.0,6407.0
894.0,6438.0
895.0,6404.0
896.0,6343.0
897.0,6282.0
898.0,6283.0
899.0,6180.0
900.0,6179.0
901.0,6141.0
902.0,6155.0
903.0,6050.0
904.0,6001.0
905.0,5989.0
906.0,5953.0
907.0,5980.0
908.0,5816.0
909.0,5805.0
910.0,5725.0
911.0,5792.0
912.0,5735.0
913.0,5646.0
914.0,5629.0
915.0,5555.0
916.0,5585.0
917.0,5548.0
918.0,5466.0
919.0,5413.0
920.0,5412.0
921.0,5346.0
922.0,5376.0
923.0,5333.0
924.0,5209.0
925.0,5259.0
926.0,5241.0
927.0,5099.0
928.0,5185.0
929.0,5028.0
930.0,5069.0
931.0,5021.0
932.0,4983.0
933.0,4977.0
934.0,4847.0
935.0,4893.0
936.0,4869.0
937.0,4866.0
938.0,4779.0
939.0,4708.0
940.0,4618.0
941.0,4667.0
942.0,4655.0
943.0,4641.0
944.0,4550.0
945.0,4480.0
946.0,4476.0
947.0,4453.0
948.0,4461.0
949.0,4420.0
950.0,4350.0
951.0,4270.0
952.0,4317.0
953.0,4246.0
954.0,4155.0
955.0,4174.0
956.0,4100.0
957.0,4136.0
958.0,4159.0
959.0,4026.0
960.0,3979.0
961.0,3926.0
962.0,3974.0
963.0,3964.0
964.0,3923.0
965.0,3828.0
966.0,3829.0
967.0,3758.0
968.0,3760.0
969.0,3769.0
970.0,3664.0
971.0,3633.0
972.0,3616.0
973.0,3616.0
974.0,3641.0
975.0,3537.0
976.0,3487.0
977.0,3534.0
978.0,3503.0
979.0,3388.0
980.0,3434.0
981.0,3337.0
982.0,3328.0
983.0,3320.0
984.0,3290.0
985.0,3237.0
986.0,3252.0
987.0,3207.0
988.0,3104.0
989.0,3160.0
990.0,3158.0
991.0,3046.0
992.0,3044.0
993.0,3042.0
994.0,3085.0
995.0,3005.0
996.0,2908.0
997.0,2940.0
998.0,2911.0
999.0,2869.0
1000.0,2809.0
1001.0,2788.0
1002.0,2790.0
1003.0,2799.0
1004.0,2710.0
1005.0,2771.0
1006.0,2636.0
1007.0,2620.0
1008.0,2633.0
1009.0,2633.0
1010.0,2644.0
1011.0,2553.0
1012.0,2476.0
1013.0,2521.0
1014.0,2457.0
1015.0,2449.0
1016.0,2373.0
1017.0,2400.0
1018.0,2372.0
1019.0,2380.0
1020.0,2329.0
1021.0,2290.0
1022.0,2305.0
1023.0,2248.0
