0.0,354.0
1.0,618.0
2.0,610.0
3.0,637.0
4.0,623.0
5.0,630.0
6.0,659.0
7.0,687.0
8.0,689.0
9.0,695.0
10.0,715.0
11.0,703.0
12.0,708.0
13.0,724.0
14.0,762.0
15.0,742.0
16.0,734.0
17.0,741.0
18.0,775.0
19.0,768.0
20.0,782.0
21.0,774.0
22.0,800.0
23.0,782.0
24.0,815.0
25.0,817.0
26.0,845.0
27.0,832.0
28.0,860.0
29.0,876.0
30.0,882.0
31.0,880.0
32.0,903.0
33.0,932.0
34.0,903.0
35.0,878.0
36.0,945.0
37.0,928.0
38.0,952.0
39.0,964.0
40.0,974.0
41.0,978.0
42.0,988.0
43.0,976.0
44.0,1030.0
45.0,1007.0
46.0,1021.0
47.0,1046.0
48.0,1033.0
49.0,1095.0
50.0,1031.0
51.0,1062.0
52.0,1087.0
53.0,1090.0
54.0,1100.0
55.0,1113.0
56.0,1121.0
57.0,1140.0
58.0,1165.0
59.0,1167.0
60.0,1174.0
61.0,1164.0
62.0,1203.0
63.0,1217.0
64.0,1228.0
65.0,1256.0
66.0,1270.0
67.0,1270.0
68.0,1299.0
69.0,1288.0
70.0,1316.0
71.0,1320.0
72.0,1366.0
73.0,1303.0
74.0,1331.0
75.0,1365.0
76.0,1367.0
77.0,1368.0
78.0,1395.0
79.0,1423.0
80.0,1450.0
81.0,1434.0
82.0,1466.0
83.0,1465.0
84.0,1450.0
85.0,1458.0
86.0,1511.0
87.0,1480.0
88.0,1519.0
89.0,1535.0
90.0,1552.0
91.0,1583.0
92.0,1595.0
93.0,1589.0
94.0,1601.0
95.0,1623.0
96.0,1617.0
97.0,1617.0
98.0,1621.0
99.0,1672.0
100.0,1670.0
101.0,1692.0
102.0,1702.0
103.0,1721.0
104.0,1700.0
105.0,1718.0
106.0,1768.0
107.0,1769.0
108.0,1793.0
109.0,1826.0
110.0,1832.0
111.0,1858.0
112.0,1882.0
113.0,1877.0
114.0,1877.0
115.0,1923.0
116.0,1944.0
117.0,1921.0
118.0,1969.0
119.0,1958.0
120.0,1974.0
121.0,1996.0
122.0,1942.0
123.0,2015.0
124.0,2026.0
125.0,2087.0
126.0,2069.0
127.0,2070.0
128.0,2117.0
129.0,2136.0
130.0,2141.0
131.0,2126.0
132.0,2166.0
133.0,2207.0
134.0,2177.0
135.0,2201.0
136.0,2178.0
137.0,2236.0
138.0,2246.0
139.0,2240.0
140.0,2252.0
141.0,2283.0
142.0,2294.0
143.0,2344.0
144.0,2287.0
145.0,2340.0
146.0,2388.0
147.0,2371.0
148.0,2415.0
149.0,2421.0
150.0,2430.0
151.0,2445.0
152.0,2446.0
153.0,2503.0
154.0,2487.0
155.0,2558.0
156.0,2547.0
157.0,2562.0
158.0,2587.0
159.0,2584.0
160.0,2680.0
161.0,2621.0
162.0,2648.0
163.0,2639.0
164.0,2727.0
165.0,2648.0
166.0,2724.0
167.0,2720.0
168.0,2769.0
169.0,2801.0
170.0,2794.0
171.0,2777.0
172.0,2829.0
173.0,2855.0
174.0,2888.0
175.0,2817.0
176.0,2911.0
177.0,2970.0
178.0,2943.0
179.0,2976.0
180.0,2976.0
181.0,3030.0
182.0,3014.0
183.0,3030.0
184.0,3042.0
185.0,3082.0
186.0,3050.0
187.0,3091.0
188.0,3107.0
189.0,3132.0
190.0,3209.0
191.0,3132.0
192.0,3193.0
193.0,3240.0
194.0,3259.0
195.0,3287.0
196.0,3329.0
197.0,3305.0
198.0,3290.0
199.0,3396.0
200.0,3374.0
201.0,3397.0
202.0,3408.0
203.0,3440.0
204.0,3418.0
205.0,3450.0
206.0,3466.0
207.0,3536.0
208.0,3510.0
209.0,3489.0
210.0,3564.0
211.0,3561.0
212.0,3615.0
213.0,3624.0
214.0,3679.0
215.0,3654.0
216.0,3651.0
217.0,3660.0
218.0,3691.0
219.0,3798.0
220.0,3745.0
221.0,3803.0
222.0,3819.0
223.0,3768.0
224.0,3912.0
225.0,3882.0
226.0,3831.0
227.0,3823.0
228.0,3979.0
229.0,3929.0
230.0,3948.0
231.0,3963.0
232.0,3985.0
233.0,4024.0
234.0,4061.0
235.0,3976.0
236.0,4093.0
237.0,4075.0
238.0,4106.0
239.0,4017.0
240.0,4090.0
241.0,4127.0
242.0,4199.0
243.0,4244.0
244.0,4196.0
245.0,4239.0
246.0,4257.0
247.0,4235.0
248.0,4260.0
249.0,4357.0
250.0,4276.0
251.0,4401.0
252.0,4349.0
253.0,4370.0
254.0,4323.0
255.0,4407.0
256.0,4380.0
257.0,4373.0
258.0,4516.0
259.0,4463.0
260.0,4433.0
261.0,4566.0
262.0,4478.0
263.0,4551.0
264.0,4559.0
265.0,4659.0
266.0,4670.0
267.0,4566.0
268.0,4555.0
269.0,4650.0
270.0,4686.0
271.0,4795.0
272.0,4684.0
273.0,4691.0
274.0,4708.0
275.0,4736.0
276.0,4742.0
277.0,4787.0
278.0,4854.0
279.0,4880.0
280.0,4808.0
281.0,4848.0
282.0,4872.0
283.0,4843.0
284.0,4905.0
285.0,4881.0
286.0,4952.0
287.0,4964.0
288.0,4922.0
289.0,5040.0
290.0,4979.0
291.0,5016.0
292.0,5046.0
293.0,4987.0
294.0,5000.0
295.0,5130.0
296.0,5171.0
297.0,5151.0
298.0,5136.0
299.0,5118.0
300.0,5227.0
301.0,5127.0
302.0,5212.0
303.0,5283.0
304.0,5181.0
305.0,5195.0
306.0,5216.0
307.0,5302.0
308.0,5306.0
309.0,5314.0
310.0,5226.0
311.0,5333.0
312.0,5360.0
313.0,5276.0
314.0,5418.0
315.0,5272.0
316.0,5493.0
317.0,5400.0
318.0,5418.0
319.0,5418.0
320.0,5475.0
321.0,5548.0
322.0,5545.0
323.0,5547.0
324.0,5467.0
325.0,5522.0
326.0,5497.0
327.0,5597.0
328.0,5620.0
329.0,5531.0
330.0,5556.0
331.0,5643.0
332.0,5625.0
333.0,5651.0
334.0,5724.0
335.0,5651.0
336.0,5618.0
337.0,5680.0
338.0,5632.0
339.0,5779.0
340.0,5736.0
341.0,5720.0
342.0,5720.0
343.0,5818.0
344.0,5812.0
345.0,5772.0
346.0,5880.0
347.0,5871.0
348.0,5786.0
349.0,5857.0
350.0,5747.0
351.0,5917.0
352.0,5963.0
353.0,5899.0
354.0,5877.0
355.0,5940.0
356.0,5915.0
357.0,5985.0
358.0,6027.0
359.0,6055.0
360.0,5945.0
361.0,6004.0
362.0,5954.0
363.0,5985.0
364.0,6031.0
365.0,6090.0
366.0,6070.0
367.0,6098.0
368.0,6065.0
369.0,6172.0
370.0,6106.0
371.0,6053.0
372.0,6128.0
373.0,6174.0
374.0,6140.0
375.0,6303.0
376.0,6173.0
377.0,6149.0
378.0,6233.0
379.0,6183.0
380.0,6177.0
381.0,6295.0
382.0,6284.0
383.0,6288.0
384.0,6243.0
385.0,6341.0
386.0,6368.0
387.0,6370.0
388.0,6269.0
389.0,6402.0
390.0,6362.0
391.0,6413.0
392.0,6350.0
393.0,6274.0
394.0,6467.0
395.0,6386.0
396.0,6400.0
397.0,6502.0
398.0,6424.0
399.0,6386.0
400.0,6438.0
401.0,6459.0
402.0,6340.0
403.0,6528.0
404.0,6510.0
405.0,7129.0
406.0,6408.0
407.0,6468.0
408.0,6517.0
409.0,6520.0
410.0,6541.0
411.0,6514.0
412.0,6544.0
413.0,6528.0
414.0,6575.0
415.0,6546.0
416.0,6508.0
417.0,6640.0
418.0,6480.0
419.0,6606.0
420.0,6625.0
421.0,6627.0
422.0,6545.0
423.0,6633.0
424.0,6579.0
425.0,6655.0
426.0,6656.0
427.0,6680.0
428.0,6612.0
429.0,6682.0
430.0,6716.0
431.0,6690.0
432.0,6795.0
433.0,6633.0
434.0,6685.0
435.0,6679.0
436.0,6709.0
437.0,6846.0
438.0,6684.0
439.0,6718.0
440.0,6755.0
441.0,6781.0
442.0,6801.0
443.0,6725.0
444.0,6742.0
445.0,6693.0
446.0,6872.0
447.0,6689.0
448.0,6689.0
449.0,6836.0
450.0,6804.0
451.0,6728.0
452.0,6783.0
453.0,6805.0
454.0,6833.0
455.0,6830.0
456.0,6885.0
457.0,6823.0
458.0,6857.0
459.0,6781.0
460.0,6817.0
461.0,6907.0
462.0,6864.0
463.0,6910.0
464.0,6905.0
465.0,6777.0
466.0,6831.0
467.0,6878.0
468.0,6968.0
469.0,6978.0
470.0,6845.0
471.0,6870.0
472.0,6948.0
473.0,6954.0
474.0,6905.0
475.0,6843.0
476.0,6862.0
477.0,6996.0
478.0,6892.0
479.0,6898.0
480.0,6884.0
481.0,6916.0
482.0,7057.0
483.0,6912.0
484.0,6881.0
485.0,6915.0
486.0,6909.0
487.0,6904.0
488.0,6961.0
489.0,6811.0
490.0,6913.0
491.0,7034.0
492.0,6815.0
493.0,6792.0
494.0,6959.0
495.0,6905.0
496.0,6896.0
497.0,6925.0
498.0,6876.0
499.0,6890.0
500.0,6898.0
501.0,6929.0
502.0,6947.0
503.0,6973.0
504.0,6946.0
505.0,6775.0
506.0,6912.0
507.0,6856.0
508.0,6942.0
509.0,6899.0
510.0,6867.0
511.0,6848.0
512.0,6791.0
513.0,6872.0
514.0,6919.0
515.0,6877.0
516.0,6910.0
517.0,6836.0
518.0,6885.0
519.0,6899.0
520.0,6725.0
521.0,6857.0
522.0,6934.0
523.0,6912.0
524.0,6926.0
525.0,6853.0
526.0,6802.0
527.0,6930.0
528.0,6909.0
529.0,6832.0
530.0,6752.0
531.0,6819.0
532.0,6832.0
533.0,6764.0
534.0,6761.0
535.0,6834.0
536.0,6823.0
537.0,6783.0
538.0,6730.0
539.0,6807.0
540.0,6774.0
541.0,6777.0
542.0,6719.0
543.0,6702.0
544.0,6820.0
545.0,6721.0
546.0,6674.0
547.0,6672.0
548.0,6721.0
549.0,6698.0
550.0,6654.0
551.0,6657.0
552.0,6633.0
553.0,6714.0
554.0,6686.0
555.0,6728.0
556.0,6682.0
557.0,6648.0
558.0,6646.0
559.0,6628.0
560.0,6636.0
561.0,6575.0
562.0,6578.0
563.0,6564.0
564.0,6582.0
565.0,6606.0
566.0,6579.0
567.0,6577.0
568.0,6590.0
569.0,6489.0
570.0,6493.0
571.0,6491.0
572.0,6559.0
573.0,6449.0
574.0,6488.0
575.0,6460.0
576.0,6536.0
577.0,6543.0
578.0,6449.0
579.0,6324.0
580.0,6463.0
581.0,6394.0
582.0,6391.0
583.0,6269.0
584.0,6392.0
585.0,6370.0
586.0,6302.0
587.0,6365.0
588.0,6288.0
589.0,6369.0
590.0,6263.0
591.0,6294.0
592.0,6318.0
593.0,6176.0
594.0,6266.0
595.0,6256.0
596.0,6255.0
597.0,6278.0
598.0,6185.0
599.0,6269.0
600.0,6177.0
601.0,6297.0
602.0,6179.0
603.0,6171.0
604.0,6075.0
605.0,6140.0
606.0,6049.0
607.0,6120.0
608.0,6067.0
609.0,6085.0
610.0,6021.0
611.0,6068.0
612.0,5999.0
613.0,6105.0
614.0,5964.0
615.0,5953.0
616.0,6003.0
617.0,5953.0
618.0,5861.0
619.0,5926.0
620.0,5957.0
621.0,5965.0
622.0,5887.0
623.0,5904.0
624.0,5846.0
625.0,5872.0
626.0,5848.0
627.0,5830.0
628.0,5810.0
629.0,5877.0
630.0,5846.0
631.0,5698.0
632.0,5714.0
633.0,5765.0
634.0,5693.0
635.0,5678.0
636.0,5769.0
637.0,5673.0
638.0,5694.0
639.0,5672.0
640.0,5603.0
641.0,5563.0
642.0,5588.0
643.0,5663.0
644.0,5640.0
645.0,5520.0
646.0,5593.0
647.0,5536.0
648.0,5543.0
649.0,5470.0
650.0,5497.0
651.0,5443.0
652.0,5441.0
653.0,5462.0
654.0,5464.0
655.0,5410.0
656.0,5303.0
657.0,5440.0
658.0,5385.0
659.0,5363.0
660.0,5341.0
661.0,5269.0
662.0,5281.0
663.0,5264.0
664.0,5290.0
665.0,5372.0
666.0,5193.0
667.0,5188.0
668.0,5162.0
669.0,5234.0
670.0,5249.0
671.0,5174.0
672.0,5171.0
673.0,5171.0
674.0,5151.0
675.0,5093.0
676.0,5080.0
677.0,5085.0
678.0,4977.0
679.0,5028.0
680.0,5044.0
681.0,5015.0
682.0,5005.0
683.0,4976.0
684.0,4893.0
685.0,4844.0
686.0,4921.0
687.0,4993.0
688.0,4896.0
689.0,4877.0
690.0,4873.0
691.0,4857.0
692.0,4699.0
693.0,4795.0
694.0,4815.0
695.0,4823.0
696.0,4775.0
697.0,4772.0
698.0,4719.0
699.0,4693.0
700.0,4625.0
701.0,4701.0
702.0,4621.0
703.0,4615.0
704.0,4565.0
705.0,4602.0
706.0,4603.0
707.0,4589.0
708.0,4585.0
709.0,4490.0
710.0,4589.0
711.0,4487.0
712.0,4524.0
713.0,4449.0
714.0,4401.0
715.0,4430.0
716.0,4384.0
717.0,4362.0
718.0,4340.0
719.0,4348.0
720.0,4359.0
721.0,4366.0
722.0,4259.0
723.0,4235.0
724.0,4322.0
725.0,4178.0
726.0,4246.0
727.0,4280.0
728.0,4231.0
729.0,4138.0
730.0,4208.0
731.0,4122.0
732.0,4096.0
733.0,4117.0
734.0,4089.0
735.0,4048.0
736.0,4027.0
737.0,4017.0
738.0,3994.0
739.0,3929.0
740.0,4048.0
741.0,3881.0
742.0,3947.0
743.0,3871.0
744.0,3899.0
745.0,3883.0
746.0,3820.0
747.0,3841.0
748.0,3790.0
749.0,3800.0
750.0,3743.0
751.0,3732.0
752.0,3728.0
753.0,3670.0
754.0,3695.0
755.0,3711.0
756.0,3640.0
757.0,3697.0
758.0,3651.0
759.0,3606.0
760.0,3582.0
761.0,3559.0
762.0,3630.0
763.0,3598.0
764.0,3562.0
765.0,3525.0
766.0,3476.0
767.0,3464.0
768.0,3452.0
769.0,3445.0
770.0,3484.0
771.0,3391.0
772.0,3414.0
773.0,3406.0
774.0,3427.0
775.0,3356.0
776.0,3318.0
777.0,3312.0
778.0,3334.0
779.0,3287.0
780.0,3242.0
781.0,3224.0
782.0,3207.0
783.0,3247.0
784.0,3156.0
785.0,3095.0
786.0,3124.0
787.0,3175.0
788.0,3021.0
789.0,3096.0
790.0,3080.0
791.0,3065.0
792.0,3028.0
793.0,3005.0
794.0,2978.0
795.0,2963.0
796.0,2935.0
797.0,2896.0
798.0,2929.0
799.0,2958.0
800.0,2820.0
801.0,2896.0
802.0,2863.0
803.0,2820.0
804.0,2826.0
805.0,2798.0
806.0,2765.0
807.0,2793.0
808.0,2684.0
809.0,2758.0
810.0,2656.0
811.0,2689.0
812.0,2672.0
813.0,2634.0
814.0,2661.0
815.0,2570.0
816.0,2600.0
817.0,2554.0
818.0,2564.0
819.0,2512.0
820.0,2497.0
821.0,2526.0
822.0,2562.0
823.0,2441.0
824.0,2442.0
825.0,2457.0
826.0,2408.0
827.0,2423.0
828.0,2356.0
829.0,2339.0
830.0,2380.0
831.0,2355.0
832.0,2346.0
833.0,2292.0
834.0,2238.0
835.0,2260.0
836.0,2239.0
837.0,2214.0
838.0,2234.0
839.0,2209.0
840.0,2186.0
841.0,2147.0
842.0,2142.0
843.0,2152.0
844.0,2157.0
845.0,2117.0
846.0,2085.0
847.0,2053.0
848.0,2067.0
849.0,2047.0
850.0,1955.0
851.0,1978.0
852.0,1967.0
853.0,1970.0
854.0,1970.0
855.0,1911.0
856.0,1940.0
857.0,1939.0
858.0,1857.0
859.0,1872.0
860.0,1877.0
861.0,1875.0
862.0,1906.0
863.0,1836.0
864.0,1802.0
865.0,1806.0
866.0,1795.0
867.0,1764.0
868.0,1748.0
869.0,1736.0
870.0,1727.0
871.0,1647.0
872.0,1693.0
873.0,1689.0
874.0,1660.0
875.0,1661.0
876.0,1643.0
877.0,1606.0
878.0,1626.0
879.0,1591.0
880.0,1580.0
881.0,1536.0
882.0,1590.0
883.0,1548.0
884.0,1509.0
885.0,1475.0
886.0,1506.0
887.0,1469.0
888.0,1448.0
889.0,1474.0
890.0,1429.0
891.0,1443.0
892.0,1431.0
893.0,1413.0
894.0,1413.0
895.0,1407.0
896.0,1375.0
897.0,1355.0
898.0,1366.0
899.0,1345.0
900.0,1300.0
901.0,1293.0
902.0,1234.0
903.0,1268.0
904.0,1257.0
905.0,1315.0
906.0,1231.0
907.0,1228.0
908.0,1214.0
909.0,1198.0
910.0,1193.0
911.0,1190.0
912.0,1174.0
913.0,1159.0
914.0,1179.0
915.0,1149.0
916.0,1143.0
917.0,1121.0
918.0,1102.0
919.0,1073.0
920.0,1076.0
921.0,1088.0
922.0,1090.0
923.0,1068.0
924.0,1074.0
925.0,1059.0
926.0,1034.0
927.0,1011.0
928.0,1062.0
929.0,990.0
930.0,999.0
931.0,997.0
932.0,985.0
933.0,1008.0
934.0,911.0
935.0,921.0
936.0,942.0
937.0,903.0
938.0,884.0
939.0,889.0
940.0,876.0
941.0,851.0
942.0,895.0
943.0,869.0
944.0,860.0
945.0,849.0
946.0,836.0
947.0,844.0
948.0,809.0
949.0,823.0
950.0,781.0
951.0,760.0
952.0,783.0
953.0,785.0
954.0,773.0
955.0,761.0
956.0,785.0
957.0,743.0
958.0,737.0
959.0,713.0
960.0,751.0
961.0,734.0
962.0,730.0
963.0,721.0
964.0,702.0
965.0,693.0
966.0,676.0
967.0,659.0
968.0,636.0
969.0,651.0
970.0,662.0
971.0,637.0
972.0,677.0
973.0,630.0
974.0,647.0
975.0,640.0
976.0,586.0
977.0,586.0
978.0,616.0
979.0,594.0
980.0,584.0
981.0,600.0
982.0,591.0
983.0,590.0
984.0,560.0
985.0,529.0
986.0,553.0
987.0,547.0
988.0,527.0
989.0,533.0
990.0,546.0
991.0,514.0
992.0,541.0
993.0,533.0
994.0,511.0
995.0,516.0
996.0,510.0
997.0,511.0
998.0,496.0
999.0,500.0
1000.0,475.0
1001.0,458.0
1002.0,443.0
1003.0,459.0
1004.0,471.0
1005.0,447.0
1006.0,444.0
1007.0,446.0
1008.0,473.0
1009.0,453.0
1010.0,481.0
1011.0,434.0
1012.0,441.0
1013.0,448.0
1014.0,438.0
1015.0,442.0
1016.0,413.0
1017.0,390.0
1018.0,399.0
1019.0,425.0
1020.0,404.0
1021.0,400.0
1022.0,400.0
1023.0,388.0
