0.0,106.0
1.0,141.0
2.0,187.0
3.0,219.0
4.0,227.0
5.0,242.0
6.0,238.0
7.0,247.0
8.0,267.0
9.0,277.0
10.0,270.0
11.0,265.0
12.0,279.0
13.0,272.0
14.0,284.0
15.0,299.0
16.0,295.0
17.0,292.0
18.0,283.0
19.0,294.0
20.0,270.0
21.0,287.0
22.0,306.0
23.0,287.0
24.0,283.0
25.0,291.0
26.0,316.0
27.0,312.0
28.0,305.0
29.0,332.0
30.0,327.0
31.0,323.0
32.0,343.0
33.0,341.0
34.0,381.0
35.0,373.0
36.0,367.0
37.0,370.0
38.0,377.0
39.0,376.0
40.0,377.0
41.0,332.0
42.0,357.0
43.0,367.0
44.0,376.0
45.0,390.0
46.0,371.0
47.0,393.0
48.0,410.0
49.0,401.0
50.0,400.0
51.0,412.0
52.0,411.0
53.0,441.0
54.0,445.0
55.0,484.0
56.0,480.0
57.0,490.0
58.0,489.0
59.0,488.0
60.0,454.0
61.0,441.0
62.0,501.0
63.0,463.0
64.0,456.0
65.0,463.0
66.0,488.0
67.0,486.0
68.0,491.0
69.0,500.0
70.0,489.0
71.0,531.0
72.0,526.0
73.0,524.0
74.0,543.0
75.0,550.0
76.0,529.0
77.0,564.0
78.0,550.0
79.0,544.0
80.0,511.0
81.0,532.0
82.0,558.0
83.0,552.0
84.0,553.0
85.0,566.0
86.0,583.0
87.0,557.0
88.0,578.0
89.0,570.0
90.0,611.0
91.0,628.0
92.0,619.0
93.0,617.0
94.0,600.0
95.0,628.0
96.0,630.0
97.0,631.0
98.0,662.0
99.0,657.0
100.0,604.0
101.0,602.0
102.0,623.0
103.0,618.0
104.0,624.0
105.0,653.0
106.0,667.0
107.0,666.0
108.0,657.0
109.0,676.0
110.0,664.0
111.0,698.0
112.0,680.0
113.0,712.0
114.0,695.0
115.0,749.0
116.0,732.0
117.0,735.0
118.0,706.0
119.0,761.0
120.0,702.0
121.0,686.0
122.0,733.0
123.0,720.0
124.0,742.0
125.0,739.0
126.0,744.0
127.0,762.0
128.0,770.0
129.0,767.0
130.0,786.0
131.0,794.0
132.0,808.0
133.0,809.0
134.0,846.0
135.0,818.0
136.0,832.0
137.0,821.0
138.0,823.0
139.0,865.0
140.0,812.0
141.0,818.0
142.0,827.0
143.0,840.0
144.0,869.0
145.0,874.0
146.0,867.0
147.0,875.0
148.0,883.0
149.0,874.0
150.0,895.0
151.0,898.0
152.0,891.0
153.0,905.0
154.0,941.0
155.0,908.0
156.0,973.0
157.0,942.0
158.0,964.0
159.0,954.0
160.0,940.0
161.0,940.0
162.0,948.0
163.0,950.0
164.0,967.0
165.0,999.0
166.0,979.0
167.0,995.0
168.0,1007.0
169.0,1003.0
170.0,1041.0
171.0,1038.0
172.0,1030.0
173.0,1045.0
174.0,1060.0
175.0,1067.0
176.0,1053.0
177.0,1046.0
178.0,1096.0
179.0,1071.0
180.0,1048.0
181.0,1064.0
182.0,1065.0
183.0,1115.0
184.0,1086.0
185.0,1089.0
186.0,1145.0
187.0,1121.0
188.0,1101.0
189.0,1144.0
190.0,1171.0
191.0,1131.0
192.0,1181.0
193.0,1177.0
194.0,1170.0
195.0,1210.0
196.0,1221.0
197.0,1195.0
198.0,1210.0
199.0,1222.0
200.0,1181.0
201.0,1206.0
202.0,1180.0
203.0,1228.0
204.0,1232.0
205.0,1228.0
206.0,1219.0
207.0,1270.0
208.0,1268.0
209.0,1272.0
210.0,1266.0
211.0,1280.0
212.0,1316.0
213.0,1316.0
214.0,1268.0
215.0,1305.0
216.0,1284.0
217.0,1342.0
218.0,1347.0
219.0,1319.0
220.0,1271.0
221.0,1337.0
222.0,1357.0
223.0,1347.0
224.0,1355.0
225.0,1364.0
226.0,1360.0
227.0,1408.0
228.0,1395.0
229.0,1387.0
230.0,1377.0
231.0,1420.0
232.0,1439.0
233.0,1444.0
234.0,1422.0
235.0,1421.0
236.0,1491.0
237.0,1445.0
238.0,1462.0
239.0,1454.0
240.0,1436.0
241.0,1471.0
242.0,1431.0
243.0,1480.0
244.0,1503.0
245.0,1531.0
246.0,1513.0
247.0,1508.0
248.0,1540.0
249.0,1518.0
250.0,1506.0
251.0,1494.0
252.0,1541.0
253.0,1530.0
254.0,1538.0
255.0,1561.0
256.0,1563.0
257.0,1593.0
258.0,1612.0
259.0,1604.0
260.0,1589.0
261.0,1601.0
262.0,1623.0
263.0,1648.0
264.0,1610.0
265.0,1638.0
266.0,1604.0
267.0,1652.0
268.0,1646.0
269.0,1642.0
270.0,1672.0
271.0,1652.0
272.0,1626.0
273.0,1633.0
274.0,1692.0
275.0,1694.0
276.0,1701.0
277.0,1696.0
278.0,1706.0
279.0,1663.0
280.0,1692.0
281.0,1725.0
282.0,1706.0
283.0,1728.0
284.0,1772.0
285.0,1744.0
286.0,1803.0
287.0,1753.0
288.0,1801.0
289.0,1764.0
290.0,1780.0
291.0,1767.0
292.0,1833.0
293.0,1806.0
294.0,1783.0
295.0,1833.0
296.0,1793.0
297.0,1824.0
298.0,1810.0
299.0,1836.0
300.0,1842.0
301.0,1879.0
302.0,1837.0
303.0,1841.0
304.0,1915.0
305.0,1868.0
306.0,1854.0
307.0,1904.0
308.0,1872.0
309.0,1910.0
310.0,1880.0
311.0,1896.0
312.0,1925.0
313.0,1907.0
314.0,1953.0
315.0,1908.0
316.0,1931.0
317.0,1972.0
318.0,1986.0
319.0,1965.0
320.0,1959.0
321.0,1936.0
322.0,1956.0
323.0,1948.0
324.0,1965.0
325.0,2000.0
326.0,2007.0
327.0,1947.0
328.0,1995.0
329.0,2008.0
330.0,1994.0
331.0,2030.0
332.0,2036.0
333.0,2037.0
334.0,2042.0
335.0,2100.0
336.0,2043.0
337.0,2087.0
338.0,2086.0
339.0,2032.0
340.0,2058.0
341.0,2071.0
342.0,2035.0
343.0,2107.0
344.0,2081.0
345.0,2085.0
346.0,2076.0
347.0,2132.0
348.0,2153.0
349.0,2048.0
350.0,2093.0
351.0,2142.0
352.0,2088.0
353.0,2153.0
354.0,2095.0
355.0,2128.0
356.0,2158.0
357.0,2144.0
358.0,2145.0
359.0,2126.0
360.0,2187.0
361.0,2160.0
362.0,2170.0
363.0,2145.0
364.0,2244.0
365.0,2196.0
366.0,2135.0
367.0,2205.0
368.0,2210.0
369.0,2221.0
370.0,2190.0
371.0,2222.0
372.0,2272.0
373.0,2214.0
374.0,2235.0
375.0,2279.0
376.0,2272.0
377.0,2249.0
378.0,2242.0
379.0,2248.0
380.0,2222.0
381.0,2269.0
382.0,2255.0
383.0,2305.0
384.0,2257.0
385.0,2304.0
386.0,2261.0
387.0,2308.0
388.0,2360.0
389.0,2300.0
390.0,2310.0
391.0,2311.0
392.0,2258.0
393.0,2297.0
394.0,2284.0
395.0,2331.0
396.0,2291.0
397.0,2334.0
398.0,2291.0
399.0,2318.0
400.0,2271.0
401.0,2311.0
402.0,2404.0
403.0,2336.0
404.0,2342.0
405.0,2326.0
406.0,2380.0
407.0,2322.0
408.0,2398.0
409.0,2326.0
410.0,2375.0
411.0,2387.0
412.0,2341.0
413.0,2366.0
414.0,2364.0
415.0,2338.0
416.0,2377.0
417.0,2357.0
418.0,2329.0
419.0,2321.0
420.0,2357.0
421.0,2414.0
422.0,2335.0
423.0,2413.0
424.0,2406.0
425.0,2336.0
426.0,2449.0
427.0,2392.0
428.0,2461.0
429.0,2358.0
430.0,2375.0
431.0,2426.0
432.0,2384.0
433.0,2398.0
434.0,2429.0
435.0,2418.0
436.0,2373.0
437.0,2431.0
438.0,2413.0
439.0,2389.0
440.0,2372.0
441.0,2422.0
442.0,2391.0
443.0,2410.0
444.0,2459.0
445.0,2452.0
446.0,2420.0
447.0,2410.0
448.0,2391.0
449.0,2402.0
450.0,2374.0
451.0,2412.0
452.0,2434.0
453.0,2436.0
454.0,2383.0
455.0,2433.0
456.0,2457.0
457.0,2411.0
458.0,2382.0
459.0,2441.0
460.0,2407.0
461.0,2455.0
462.0,2433.0
463.0,2453.0
464.0,2430.0
465.0,2453.0
466.0,2429.0
467.0,2410.0
468.0,2463.0
469.0,2412.0
470.0,2427.0
471.0,2435.0
472.0,2486.0
473.0,2421.0
474.0,2464.0
475.0,2398.0
476.0,2458.0
477.0,2492.0
478.0,2395.0
479.0,2418.0
480.0,2427.0
481.0,2425.0
482.0,2414.0
483.0,2405.0
484.0,2416.0
485.0,2399.0
486.0,2466.0
487.0,2416.0
488.0,2451.0
489.0,2370.0
490.0,2388.0
491.0,2399.0
492.0,2449.0
493.0,2445.0
494.0,2423.0
495.0,2441.0
496.0,2358.0
497.0,2403.0
498.0,2415.0
499.0,2421.0
500.0,2365.0
501.0,2378.0
502.0,2421.0
503.0,2353.0
504.0,2407.0
505.0,2357.0
506.0,2354.0
507.0,2397.0
508.0,2371.0
509.0,2374.0
510.0,2363.0
511.0,2397.0
512.0,2396.0
513.0,2330.0
514.0,2399.0
515.0,2379.0
516.0,2336.0
517.0,2319.0
518.0,2412.0
519.0,2373.0
520.0,2381.0
521.0,2319.0
522.0,2372.0
523.0,2320.0
524.0,2309.0
525.0,2369.0
526.0,2350.0
527.0,2323.0
528.0,2312.0
529.0,2368.0
530.0,2316.0
531.0,2331.0
532.0,2336.0
533.0,2317.0
534.0,2317.0
535.0,2381.0
536.0,2342.0
537.0,2306.0
538.0,2342.0
539.0,2302.0
540.0,2286.0
541.0,2319.0
542.0,2324.0
543.0,2329.0
544.0,2309.0
545.0,2340.0
546.0,2310.0
547.0,2313.0
548.0,2327.0
549.0,2293.0
550.0,2295.0
551.0,2300.0
552.0,2297.0
553.0,2318.0
554.0,2260.0
555.0,2228.0
556.0,2285.0
557.0,2254.0
558.0,2213.0
559.0,2279.0
560.0,2238.0
561.0,2252.0
562.0,2274.0
563.0,2283.0
564.0,2240.0
565.0,2209.0
566.0,2251.0
567.0,2224.0
568.0,2212.0
569.0,2193.0
570.0,2203.0
571.0,2223.0
572.0,2232.0
573.0,2192.0
574.0,2231.0
575.0,2225.0
576.0,2226.0
577.0,2192.0
578.0,2233.0
579.0,2202.0
580.0,2192.0
581.0,2208.0
582.0,2144.0
583.0,2199.0
584.0,2165.0
585.0,2181.0
586.0,2141.0
587.0,2163.0
588.0,2177.0
589.0,2103.0
590.0,2155.0
591.0,2122.0
592.0,2103.0
593.0,2140.0
594.0,2140.0
595.0,2155.0
596.0,2105.0
597.0,2115.0
598.0,2174.0
599.0,2105.0
600.0,2130.0
601.0,2119.0
602.0,2072.0
603.0,2085.0
604.0,2092.0
605.0,2094.0
606.0,2074.0
607.0,2127.0
608.0,2084.0
609.0,2056.0
610.0,2066.0
611.0,2037.0
612.0,2076.0
613.0,2067.0
614.0,2046.0
615.0,1980.0
616.0,1991.0
617.0,2014.0
618.0,2039.0
619.0,2011.0
620.0,2008.0
621.0,1969.0
622.0,1983.0
623.0,1954.0
624.0,1970.0
625.0,1943.0
626.0,1962.0
627.0,1941.0
628.0,1981.0
629.0,1945.0
630.0,1970.0
631.0,1981.0
632.0,1946.0
633.0,1924.0
634.0,1967.0
635.0,1917.0
636.0,1913.0
637.0,1912.0
638.0,1955.0
639.0,1905.0
640.0,1924.0
641.0,1915.0
642.0,1877.0
643.0,1876.0
644.0,1892.0
645.0,1880.0
646.0,1892.0
647.0,1821.0
648.0,1860.0
649.0,1842.0
650.0,1820.0
651.0,1853.0
652.0,1842.0
653.0,1834.0
654.0,1840.0
655.0,1837.0
656.0,1844.0
657.0,1817.0
658.0,1781.0
659.0,1816.0
660.0,1801.0
661.0,1755.0
662.0,1753.0
663.0,1750.0
664.0,1771.0
665.0,1748.0
666.0,1734.0
667.0,1766.0
668.0,1750.0
669.0,1729.0
670.0,1720.0
671.0,1702.0
672.0,1715.0
673.0,1690.0
674.0,1677.0
675.0,1663.0
676.0,1660.0
677.0,1671.0
678.0,1650.0
679.0,1625.0
680.0,1703.0
681.0,1649.0
682.0,1688.0
683.0,1651.0
684.0,1590.0
685.0,1626.0
686.0,1662.0
687.0,1650.0
688.0,1599.0
689.0,1592.0
690.0,1575.0
691.0,1560.0
692.0,1583.0
693.0,1582.0
694.0,1574.0
695.0,1538.0
696.0,1601.0
697.0,1518.0
698.0,1517.0
699.0,1501.0
700.0,1515.0
701.0,1527.0
702.0,1513.0
703.0,1509.0
704.0,1506.0
705.0,1500.0
706.0,1491.0
707.0,1518.0
708.0,1494.0
709.0,1501.0
710.0,1467.0
711.0,1455.0
712.0,1444.0
713.0,1447.0
714.0,1417.0
715.0,1407.0
716.0,1401.0
717.0,1441.0
718.0,1384.0
719.0,1418.0
720.0,1369.0
721.0,1413.0
722.0,1408.0
723.0,1357.0
724.0,1350.0
725.0,1363.0
726.0,1342.0
727.0,1344.0
728.0,1345.0
729.0,1353.0
730.0,1279.0
731.0,1352.0
732.0,1307.0
733.0,1327.0
734.0,1294.0
735.0,1302.0
736.0,1262.0
737.0,1283.0
738.0,1250.0
739.0,1243.0
740.0,1283.0
741.0,1269.0
742.0,1237.0
743.0,1251.0
744.0,1250.0
745.0,1269.0
746.0,1208.0
747.0,1232.0
748.0,1214.0
749.0,1218.0
750.0,1194.0
751.0,1153.0
752.0,1190.0
753.0,1156.0
754.0,1172.0
755.0,1187.0
756.0,1150.0
757.0,1147.0
758.0,1156.0
759.0,1117.0
760.0,1162.0
761.0,1150.0
762.0,1178.0
763.0,1167.0
764.0,1150.0
765.0,1088.0
766.0,1117.0
767.0,1100.0
768.0,1096.0
769.0,1105.0
770.0,1073.0
771.0,1091.0
772.0,1047.0
773.0,1063.0
774.0,1037.0
775.0,991.0
776.0,1064.0
777.0,1036.0
778.0,1020.0
779.0,1007.0
780.0,1035.0
781.0,1037.0
782.0,1002.0
783.0,1002.0
784.0,1012.0
785.0,965.0
786.0,1011.0
787.0,1017.0
788.0,999.0
789.0,917.0
790.0,946.0
791.0,962.0
792.0,961.0
793.0,938.0
794.0,952.0
795.0,931.0
796.0,906.0
797.0,912.0
798.0,923.0
799.0,893.0
800.0,907.0
801.0,886.0
802.0,919.0
803.0,897.0
804.0,887.0
805.0,866.0
806.0,854.0
807.0,886.0
808.0,848.0
809.0,834.0
810.0,859.0
811.0,830.0
812.0,865.0
813.0,834.0
814.0,867.0
815.0,803.0
816.0,804.0
817.0,809.0
818.0,804.0
819.0,807.0
820.0,810.0
821.0,824.0
822.0,812.0
823.0,798.0
824.0,789.0
825.0,774.0
826.0,770.0
827.0,781.0
828.0,785.0
829.0,780.0
830.0,765.0
831.0,754.0
832.0,775.0
833.0,732.0
834.0,756.0
835.0,731.0
836.0,719.0
837.0,730.0
838.0,722.0
839.0,701.0
840.0,758.0
841.0,707.0
842.0,701.0
843.0,717.0
844.0,716.0
845.0,696.0
846.0,720.0
847.0,688.0
848.0,669.0
849.0,669.0
850.0,684.0
851.0,660.0
852.0,673.0
853.0,660.0
854.0,650.0
855.0,646.0
856.0,640.0
857.0,631.0
858.0,628.0
859.0,636.0
860.0,627.0
861.0,635.0
862.0,653.0
863.0,624.0
864.0,625.0
865.0,604.0
866.0,607.0
867.0,614.0
868.0,601.0
869.0,617.0
870.0,613.0
871.0,588.0
872.0,608.0
873.0,608.0
874.0,577.0
875.0,571.0
876.0,555.0
877.0,562.0
878.0,552.0
879.0,549.0
880.0,594.0
881.0,575.0
882.0,582.0
883.0,560.0
884.0,543.0
885.0,539.0
886.0,571.0
887.0,538.0
888.0,526.0
889.0,530.0
890.0,529.0
891.0,532.0
892.0,517.0
893.0,510.0
894.0,509.0
895.0,551.0
896.0,509.0
897.0,527.0
898.0,478.0
899.0,500.0
900.0,528.0
901.0,523.0
902.0,541.0
903.0,524.0
904.0,525.0
905.0,505.0
906.0,498.0
907.0,493.0
908.0,488.0
909.0,485.0
910.0,478.0
911.0,488.0
912.0,454.0
913.0,485.0
914.0,468.0
915.0,489.0
916.0,463.0
917.0,470.0
918.0,459.0
919.0,447.0
920.0,492.0
921.0,488.0
922.0,470.0
923.0,480.0
924.0,470.0
925.0,469.0
926.0,465.0
927.0,429.0
928.0,459.0
929.0,446.0
930.0,458.0
931.0,416.0
932.0,445.0
933.0,446.0
934.0,435.0
935.0,423.0
936.0,416.0
937.0,405.0
938.0,402.0
939.0,401.0
940.0,470.0
941.0,456.0
942.0,445.0
943.0,433.0
944.0,411.0
945.0,414.0
946.0,426.0
947.0,390.0
948.0,412.0
949.0,430.0
950.0,439.0
951.0,392.0
952.0,410.0
953.0,412.0
954.0,399.0
955.0,415.0
956.0,398.0
957.0,398.0
958.0,384.0
959.0,364.0
960.0,431.0
961.0,384.0
962.0,410.0
963.0,399.0
964.0,394.0
965.0,391.0
966.0,417.0
967.0,393.0
968.0,401.0
969.0,400.0
970.0,399.0
971.0,378.0
972.0,397.0
973.0,387.0
974.0,383.0
975.0,372.0
976.0,380.0
977.0,381.0
978.0,390.0
979.0,375.0
980.0,409.0
981.0,390.0
982.0,391.0
983.0,419.0
984.0,384.0
985.0,370.0
986.0,397.0
987.0,385.0
988.0,400.0
989.0,352.0
990.0,389.0
991.0,375.0
992.0,374.0
993.0,352.0
994.0,384.0
995.0,392.0
996.0,371.0
997.0,369.0
998.0,375.0
999.0,377.0
1000.0,380.0
1001.0,384.0
1002.0,384.0
1003.0,390.0
1004.0,402.0
1005.0,392.0
1006.0,364.0
1007.0,390.0
1008.0,379.0
1009.0,369.0
1010.0,372.0
1011.0,379.0
1012.0,372.0
1013.0,347.0
1014.0,391.0
1015.0,353.0
1016.0,383.0
1017.0,363.0
1018.0,349.0
1019.0,373.0
1020.0,395.0
1021.0,387.0
1022.0,388.0
1023.0,370.0
