0.0,87.0
1.0,134.0
2.0,142.0
3.0,200.0
4.0,193.0
5.0,191.0
6.0,189.0
7.0,210.0
8.0,197.0
9.0,206.0
10.0,211.0
11.0,219.0
12.0,214.0
13.0,211.0
14.0,214.0
15.0,214.0
16.0,222.0
17.0,227.0
18.0,206.0
19.0,209.0
20.0,235.0
21.0,215.0
22.0,202.0
23.0,220.0
24.0,221.0
25.0,242.0
26.0,255.0
27.0,267.0
28.0,249.0
29.0,258.0
30.0,253.0
31.0,264.0
32.0,258.0
33.0,247.0
34.0,245.0
35.0,242.0
36.0,250.0
37.0,256.0
38.0,267.0
39.0,223.0
40.0,259.0
41.0,247.0
42.0,270.0
43.0,240.0
44.0,272.0
45.0,254.0
46.0,264.0
47.0,250.0
48.0,265.0
49.0,278.0
50.0,248.0
51.0,256.0
52.0,243.0
53.0,282.0
54.0,238.0
55.0,259.0
56.0,265.0
57.0,269.0
58.0,257.0
59.0,259.0
60.0,272.0
61.0,253.0
62.0,272.0
63.0,253.0
64.0,279.0
65.0,267.0
66.0,264.0
67.0,273.0
68.0,263.0
69.0,256.0
70.0,276.0
71.0,262.0
72.0,285.0
73.0,266.0
74.0,280.0
75.0,267.0
76.0,276.0
77.0,275.0
78.0,274.0
79.0,273.0
80.0,262.0
81.0,257.0
82.0,254.0
83.0,281.0
84.0,258.0
85.0,278.0
86.0,284.0
87.0,266.0
88.0,279.0
89.0,282.0
90.0,271.0
91.0,264.0
92.0,277.0
93.0,263.0
94.0,277.0
95.0,260.0
96.0,263.0
97.0,269.0
98.0,287.0
99.0,267.0
100.0,264.0
101.0,278.0
102.0,290.0
103.0,287.0
104.0,287.0
105.0,283.0
106.0,267.0
107.0,294.0
108.0,291.0
109.0,264.0
110.0,288.0
111.0,294.0
112.0,300.0
113.0,281.0
114.0,309.0
115.0,291.0
116.0,289.0
117.0,279.0
118.0,281.0
119.0,317.0
120.0,294.0
121.0,277.0
122.0,297.0
123.0,285.0
124.0,294.0
125.0,277.0
126.0,291.0
127.0,303.0
128.0,323.0
129.0,292.0
130.0,295.0
131.0,300.0
132.0,300.0
133.0,316.0
134.0,296.0
135.0,308.0
136.0,307.0
137.0,315.0
138.0,320.0
139.0,310.0
140.0,314.0
141.0,333.0
142.0,296.0
143.0,276.0
144.0,303.0
145.0,317.0
146.0,314.0
147.0,310.0
148.0,308.0
149.0,308.0
150.0,300.0
151.0,317.0
152.0,292.0
153.0,329.0
154.0,307.0
155.0,309.0
156.0,320.0
157.0,334.0
158.0,321.0
159.0,336.0
160.0,330.0
161.0,337.0
162.0,324.0
163.0,352.0
164.0,336.0
165.0,330.0
166.0,340.0
167.0,333.0
168.0,341.0
169.0,326.0
170.0,337.0
171.0,338.0
172.0,318.0
173.0,316.0
174.0,347.0
175.0,319.0
176.0,348.0
177.0,371.0
178.0,311.0
179.0,339.0
180.0,331.0
181.0,326.0
182.0,335.0
183.0,331.0
184.0,321.0
185.0,328.0
186.0,345.0
187.0,319.0
188.0,340.0
189.0,333.0
190.0,330.0
191.0,332.0
192.0,351.0
193.0,354.0
194.0,363.0
195.0,349.0
196.0,346.0
197.0,342.0
198.0,379.0
199.0,340.0
200.0,329.0
201.0,349.0
202.0,362.0
203.0,345.0
204.0,333.0
205.0,358.0
206.0,361.0
207.0,346.0
208.0,345.0
209.0,371.0
210.0,363.0
211.0,381.0
212.0,357.0
213.0,372.0
214.0,347.0
215.0,362.0
216.0,356.0
217.0,398.0
218.0,361.0
219.0,358.0
220.0,358.0
221.0,382.0
222.0,353.0
223.0,389.0
224.0,361.0
225.0,366.0
226.0,342.0
227.0,390.0
228.0,396.0
229.0,384.0
230.0,359.0
231.0,375.0
232.0,382.0
233.0,366.0
234.0,384.0
235.0,383.0
236.0,346.0
237.0,352.0
238.0,384.0
239.0,377.0
240.0,352.0
241.0,387.0
242.0,381.0
243.0,363.0
244.0,371.0
245.0,370.0
246.0,390.0
247.0,412.0
248.0,378.0
249.0,377.0
250.0,391.0
251.0,382.0
252.0,386.0
253.0,392.0
254.0,368.0
255.0,376.0
256.0,378.0
257.0,408.0
258.0,370.0
259.0,409.0
260.0,403.0
261.0,412.0
262.0,419.0
263.0,380.0
264.0,383.0
265.0,398.0
266.0,414.0
267.0,411.0
268.0,393.0
269.0,424.0
270.0,375.0
271.0,372.0
272.0,394.0
273.0,401.0
274.0,380.0
275.0,403.0
276.0,402.0
277.0,401.0
278.0,398.0
279.0,410.0
280.0,411.0
281.0,398.0
282.0,391.0
283.0,391.0
284.0,407.0
285.0,401.0
286.0,383.0
287.0,398.0
288.0,400.0
289.0,420.0
290.0,393.0
291.0,403.0
292.0,414.0
293.0,387.0
294.0,409.0
295.0,414.0
296.0,414.0
297.0,397.0
298.0,414.0
299.0,385.0
300.0,411.0
301.0,414.0
302.0,420.0
303.0,405.0
304.0,425.0
305.0,381.0
306.0,403.0
307.0,423.0
308.0,414.0
309.0,423.0
310.0,432.0
311.0,413.0
312.0,428.0
313.0,401.0
314.0,417.0
315.0,422.0
316.0,415.0
317.0,446.0
318.0,411.0
319.0,414.0
320.0,441.0
321.0,407.0
322.0,413.0
323.0,423.0
324.0,421.0
325.0,413.0
326.0,439.0
327.0,434.0
328.0,426.0
329.0,431.0
330.0,409.0
331.0,445.0
332.0,414.0
333.0,422.0
334.0,420.0
335.0,433.0
336.0,430.0
337.0,466.0
338.0,406.0
339.0,458.0
340.0,425.0
341.0,400.0
342.0,410.0
343.0,442.0
344.0,410.0
345.0,434.0
346.0,443.0
347.0,430.0
348.0,417.0
349.0,432.0
350.0,447.0
351.0,434.0
352.0,440.0
353.0,428.0
354.0,419.0
355.0,449.0
356.0,428.0
357.0,438.0
358.0,439.0
359.0,440.0
360.0,453.0
361.0,413.0
362.0,411.0
363.0,460.0
364.0,450.0
365.0,433.0
366.0,441.0
367.0,415.0
368.0,429.0
369.0,449.0
370.0,428.0
371.0,430.0
372.0,449.0
373.0,412.0
374.0,444.0
375.0,474.0
376.0,444.0
377.0,444.0
378.0,447.0
379.0,453.0
380.0,447.0
381.0,451.0
382.0,440.0
383.0,453.0
384.0,460.0
385.0,428.0
386.0,430.0
387.0,461.0
388.0,442.0
389.0,446.0
390.0,437.0
391.0,453.0
392.0,460.0
393.0,442.0
394.0,457.0
395.0,487.0
396.0,436.0
397.0,440.0
398.0,469.0
399.0,474.0
400.0,479.0
401.0,442.0
402.0,440.0
403.0,452.0
404.0,465.0
405.0,439.0
406.0,459.0
407.0,430.0
408.0,442.0
409.0,416.0
410.0,449.0
411.0,477.0
412.0,449.0
413.0,449.0
414.0,442.0
415.0,453.0
416.0,437.0
417.0,442.0
418.0,420.0
419.0,459.0
420.0,449.0
421.0,464.0
422.0,468.0
423.0,456.0
424.0,449.0
425.0,437.0
426.0,436.0
427.0,465.0
428.0,448.0
429.0,464.0
430.0,452.0
431.0,433.0
432.0,473.0
433.0,454.0
434.0,433.0
435.0,459.0
436.0,457.0
437.0,447.0
438.0,439.0
439.0,436.0
440.0,433.0
441.0,445.0
442.0,461.0
443.0,452.0
444.0,458.0
445.0,470.0
446.0,462.0
447.0,455.0
448.0,446.0
449.0,475.0
450.0,466.0
451.0,440.0
452.0,451.0
453.0,456.0
454.0,432.0
455.0,470.0
456.0,433.0
457.0,439.0
458.0,427.0
459.0,455.0
460.0,435.0
461.0,475.0
462.0,469.0
463.0,457.0
464.0,447.0
465.0,439.0
466.0,444.0
467.0,449.0
468.0,460.0
469.0,430.0
470.0,456.0
471.0,458.0
472.0,420.0
473.0,466.0
474.0,450.0
475.0,431.0
476.0,443.0
477.0,459.0
478.0,441.0
479.0,445.0
480.0,458.0
481.0,440.0
482.0,464.0
483.0,457.0
484.0,420.0
485.0,459.0
486.0,453.0
487.0,446.0
488.0,429.0
489.0,441.0
490.0,466.0
491.0,431.0
492.0,450.0
493.0,434.0
494.0,442.0
495.0,465.0
496.0,470.0
497.0,429.0
498.0,423.0
499.0,452.0
500.0,425.0
501.0,452.0
502.0,444.0
503.0,454.0
504.0,437.0
505.0,439.0
506.0,432.0
507.0,445.0
508.0,466.0
509.0,472.0
510.0,421.0
511.0,433.0
512.0,434.0
513.0,440.0
514.0,452.0
515.0,454.0
516.0,451.0
517.0,415.0
518.0,452.0
519.0,458.0
520.0,434.0
521.0,458.0
522.0,435.0
523.0,427.0
524.0,444.0
525.0,438.0
526.0,434.0
527.0,436.0
528.0,435.0
529.0,427.0
530.0,439.0
531.0,452.0
532.0,458.0
533.0,430.0
534.0,428.0
535.0,449.0
536.0,435.0
537.0,449.0
538.0,459.0
539.0,443.0
540.0,441.0
541.0,436.0
542.0,447.0
543.0,435.0
544.0,432.0
545.0,454.0
546.0,427.0
547.0,461.0
548.0,449.0
549.0,438.0
550.0,458.0
551.0,427.0
552.0,410.0
553.0,457.0
554.0,433.0
555.0,438.0
556.0,470.0
557.0,420.0
558.0,424.0
559.0,416.0
560.0,414.0
561.0,428.0
562.0,414.0
563.0,434.0
564.0,432.0
565.0,428.0
566.0,420.0
567.0,439.0
568.0,452.0
569.0,430.0
570.0,422.0
571.0,450.0
572.0,414.0
573.0,415.0
574.0,433.0
575.0,433.0
576.0,445.0
577.0,410.0
578.0,421.0
579.0,395.0
580.0,428.0
581.0,406.0
582.0,422.0
583.0,417.0
584.0,431.0
585.0,429.0
586.0,450.0
587.0,442.0
588.0,440.0
589.0,418.0
590.0,415.0
591.0,405.0
592.0,416.0
593.0,407.0
594.0,408.0
595.0,429.0
596.0,433.0
597.0,433.0
598.0,439.0
599.0,416.0
600.0,412.0
601.0,412.0
602.0,439.0
603.0,414.0
604.0,405.0
605.0,422.0
606.0,390.0
607.0,420.0
608.0,419.0
609.0,387.0
610.0,422.0
611.0,429.0
612.0,393.0
613.0,396.0
614.0,410.0
615.0,418.0
616.0,416.0
617.0,420.0
618.0,396.0
619.0,404.0
620.0,424.0
621.0,412.0
622.0,428.0
623.0,419.0
624.0,390.0
625.0,413.0
626.0,391.0
627.0,376.0
628.0,397.0
629.0,405.0
630.0,395.0
631.0,417.0
632.0,408.0
633.0,396.0
634.0,402.0
635.0,391.0
636.0,401.0
637.0,406.0
638.0,386.0
639.0,392.0
640.0,394.0
641.0,394.0
642.0,405.0
643.0,405.0
644.0,393.0
645.0,413.0
646.0,409.0
647.0,437.0
648.0,417.0
649.0,390.0
650.0,370.0
651.0,401.0
652.0,389.0
653.0,408.0
654.0,351.0
655.0,378.0
656.0,395.0
657.0,413.0
658.0,394.0
659.0,405.0
660.0,393.0
661.0,395.0
662.0,394.0
663.0,395.0
664.0,392.0
665.0,394.0
666.0,419.0
667.0,382.0
668.0,415.0
669.0,396.0
670.0,384.0
671.0,394.0
672.0,374.0
673.0,402.0
674.0,386.0
675.0,379.0
676.0,383.0
677.0,379.0
678.0,385.0
679.0,390.0
680.0,392.0
681.0,356.0
682.0,377.0
683.0,378.0
684.0,389.0
685.0,396.0
686.0,393.0
687.0,358.0
688.0,373.0
689.0,381.0
690.0,380.0
691.0,377.0
692.0,386.0
693.0,380.0
694.0,399.0
695.0,380.0
696.0,404.0
697.0,382.0
698.0,381.0
699.0,360.0
700.0,365.0
701.0,381.0
702.0,350.0
703.0,367.0
704.0,377.0
705.0,384.0
706.0,377.0
707.0,380.0
708.0,368.0
709.0,366.0
710.0,360.0
711.0,352.0
712.0,351.0
713.0,363.0
714.0,364.0
715.0,355.0
716.0,370.0
717.0,350.0
718.0,376.0
719.0,382.0
720.0,355.0
721.0,383.0
722.0,362.0
723.0,368.0
724.0,378.0
725.0,354.0
726.0,347.0
727.0,357.0
728.0,377.0
729.0,357.0
730.0,370.0
731.0,360.0
732.0,339.0
733.0,353.0
734.0,337.0
735.0,351.0
736.0,359.0
737.0,342.0
738.0,355.0
739.0,358.0
740.0,350.0
741.0,362.0
742.0,356.0
743.0,372.0
744.0,354.0
745.0,357.0
746.0,360.0
747.0,343.0
748.0,337.0
749.0,364.0
750.0,352.0
751.0,362.0
752.0,347.0
753.0,358.0
754.0,324.0
755.0,354.0
756.0,337.0
757.0,346.0
758.0,359.0
759.0,345.0
760.0,323.0
761.0,329.0
762.0,353.0
763.0,335.0
764.0,334.0
765.0,344.0
766.0,338.0
767.0,334.0
768.0,314.0
769.0,315.0
770.0,345.0
771.0,324.0
772.0,354.0
773.0,321.0
774.0,346.0
775.0,322.0
776.0,320.0
777.0,323.0
778.0,329.0
779.0,314.0
780.0,321.0
781.0,341.0
782.0,331.0
783.0,307.0
784.0,341.0
785.0,305.0
786.0,322.0
787.0,318.0
788.0,341.0
789.0,341.0
790.0,329.0
791.0,329.0
792.0,332.0
793.0,335.0
794.0,324.0
795.0,302.0
796.0,329.0
797.0,334.0
798.0,332.0
799.0,349.0
800.0,315.0
801.0,331.0
802.0,312.0
803.0,340.0
804.0,346.0
805.0,300.0
806.0,340.0
807.0,330.0
808.0,323.0
809.0,309.0
810.0,322.0
811.0,297.0
812.0,318.0
813.0,318.0
814.0,318.0
815.0,318.0
816.0,304.0
817.0,328.0
818.0,308.0
819.0,306.0
820.0,301.0
821.0,335.0
822.0,304.0
823.0,295.0
824.0,315.0
825.0,307.0
826.0,314.0
827.0,302.0
828.0,303.0
829.0,308.0
830.0,310.0
831.0,322.0
832.0,316.0
833.0,325.0
834.0,296.0
835.0,314.0
836.0,322.0
837.0,318.0
838.0,310.0
839.0,312.0
840.0,304.0
841.0,331.0
842.0,330.0
843.0,303.0
844.0,310.0
845.0,306.0
846.0,310.0
847.0,319.0
848.0,312.0
849.0,297.0
850.0,305.0
851.0,285.0
852.0,302.0
853.0,308.0
854.0,289.0
855.0,312.0
856.0,301.0
857.0,290.0
858.0,299.0
859.0,321.0
860.0,305.0
861.0,309.0
862.0,295.0
863.0,299.0
864.0,307.0
865.0,306.0
866.0,291.0
867.0,286.0
868.0,303.0
869.0,294.0
870.0,303.0
871.0,296.0
872.0,309.0
873.0,301.0
874.0,303.0
875.0,298.0
876.0,280.0
877.0,298.0
878.0,297.0
879.0,302.0
880.0,317.0
881.0,311.0
882.0,299.0
883.0,303.0
884.0,277.0
885.0,288.0
886.0,297.0
887.0,310.0
888.0,303.0
889.0,303.0
890.0,278.0
891.0,294.0
892.0,279.0
893.0,272.0
894.0,293.0
895.0,303.0
896.0,274.0
897.0,277.0
898.0,282.0
899.0,295.0
900.0,289.0
901.0,270.0
902.0,274.0
903.0,306.0
904.0,277.0
905.0,300.0
906.0,305.0
907.0,282.0
908.0,295.0
909.0,304.0
910.0,290.0
911.0,284.0
912.0,320.0
913.0,285.0
914.0,291.0
915.0,286.0
916.0,274.0
917.0,270.0
918.0,302.0
919.0,272.0
920.0,293.0
921.0,308.0
922.0,286.0
923.0,281.0
924.0,298.0
925.0,301.0
926.0,273.0
927.0,273.0
928.0,277.0
929.0,258.0
930.0,273.0
931.0,292.0
932.0,289.0
933.0,283.0
934.0,280.0
935.0,264.0
936.0,298.0
937.0,273.0
938.0,262.0
939.0,286.0
940.0,307.0
941.0,295.0
942.0,283.0
943.0,275.0
944.0,263.0
945.0,276.0
946.0,274.0
947.0,264.0
948.0,297.0
949.0,277.0
950.0,272.0
951.0,238.0
952.0,260.0
953.0,283.0
954.0,294.0
955.0,288.0
956.0,267.0
957.0,274.0
958.0,282.0
959.0,284.0
960.0,289.0
961.0,299.0
962.0,280.0
963.0,268.0
964.0,285.0
965.0,312.0
966.0,267.0
967.0,300.0
968.0,289.0
969.0,267.0
970.0,293.0
971.0,273.0
972.0,287.0
973.0,270.0
974.0,258.0
975.0,283.0
976.0,280.0
977.0,266.0
978.0,267.0
979.0,282.0
980.0,273.0
981.0,297.0
982.0,280.0
983.0,263.0
984.0,299.0
985.0,279.0
986.0,291.0
987.0,278.0
988.0,292.0
989.0,263.0
990.0,293.0
991.0,284.0
992.0,278.0
993.0,288.0
994.0,269.0
995.0,278.0
996.0,258.0
997.0,280.0
998.0,275.0
999.0,270.0
1000.0,262.0
1001.0,289.0
1002.0,269.0
1003.0,285.0
1004.0,276.0
1005.0,280.0
1006.0,289.0
1007.0,275.0
1008.0,268.0
1009.0,272.0
1010.0,265.0
1011.0,282.0
1012.0,277.0
1013.0,281.0
1014.0,265.0
1015.0,296.0
1016.0,266.0
1017.0,251.0
1018.0,300.0
1019.0,271.0
1020.0,278.0
1021.0,292.0
1022.0,281.0
1023.0,269.0
