0.0,169.0
1.0,254.0
2.0,296.0
3.0,288.0
4.0,305.0
5.0,311.0
6.0,304.0
7.0,330.0
8.0,334.0
9.0,319.0
10.0,347.0
11.0,354.0
12.0,372.0
13.0,361.0
14.0,357.0
15.0,360.0
16.0,373.0
17.0,373.0
18.0,367.0
19.0,380.0
20.0,401.0
21.0,406.0
22.0,397.0
23.0,393.0
24.0,419.0
25.0,375.0
26.0,413.0
27.0,420.0
28.0,433.0
29.0,408.0
30.0,425.0
31.0,431.0
32.0,419.0
33.0,422.0
34.0,428.0
35.0,419.0
36.0,442.0
37.0,438.0
38.0,435.0
39.0,448.0
40.0,473.0
41.0,480.0
42.0,449.0
43.0,452.0
44.0,487.0
45.0,476.0
46.0,481.0
47.0,482.0
48.0,502.0
49.0,488.0
50.0,510.0
51.0,509.0
52.0,486.0
53.0,525.0
54.0,507.0
55.0,552.0
56.0,520.0
57.0,527.0
58.0,542.0
59.0,563.0
60.0,575.0
61.0,582.0
62.0,971.0
63.0,601.0
64.0,586.0
65.0,606.0
66.0,592.0
67.0,601.0
68.0,593.0
69.0,606.0
70.0,605.0
71.0,617.0
72.0,614.0
73.0,611.0
74.0,613.0
75.0,626.0
76.0,656.0
77.0,617.0
78.0,665.0
79.0,663.0
80.0,659.0
81.0,669.0
82.0,668.0
83.0,675.0
84.0,679.0
85.0,663.0
86.0,670.0
87.0,672.0
88.0,668.0
89.0,669.0
90.0,680.0
91.0,685.0
92.0,708.0
93.0,700.0
94.0,739.0
95.0,695.0
96.0,732.0
97.0,720.0
98.0,718.0
99.0,772.0
100.0,721.0
101.0,735.0
102.0,753.0
103.0,785.0
104.0,770.0
105.0,746.0
106.0,770.0
107.0,779.0
108.0,790.0
109.0,789.0
110.0,752.0
111.0,786.0
112.0,828.0
113.0,798.0
114.0,835.0
115.0,833.0
116.0,842.0
117.0,830.0
118.0,833.0
119.0,843.0
120.0,857.0
121.0,885.0
122.0,844.0
123.0,872.0
124.0,906.0
125.0,873.0
126.0,883.0
127.0,884.0
128.0,893.0
129.0,925.0
130.0,926.0
131.0,923.0
132.0,902.0
133.0,927.0
134.0,950.0
135.0,937.0
136.0,940.0
137.0,915.0
138.0,962.0
139.0,951.0
140.0,966.0
141.0,983.0
142.0,949.0
143.0,1020.0
144.0,1033.0
145.0,1008.0
146.0,1025.0
147.0,1009.0
148.0,1023.0
149.0,1049.0
150.0,1067.0
151.0,1035.0
152.0,1074.0
153.0,1029.0
154.0,1065.0
155.0,1063.0
156.0,1066.0
157.0,1064.0
158.0,1086.0
159.0,1108.0
160.0,1141.0
161.0,1117.0
162.0,1127.0
163.0,1120.0
164.0,1151.0
165.0,1150.0
166.0,1158.0
167.0,1158.0
168.0,1172.0
169.0,1139.0
170.0,1142.0
171.0,1214.0
172.0,1260.0
173.0,1213.0
174.0,1194.0
175.0,1213.0
176.0,1204.0
177.0,1252.0
178.0,1214.0
179.0,1248.0
180.0,1247.0
181.0,1261.0
182.0,1231.0
183.0,1303.0
184.0,1280.0
185.0,1265.0
186.0,1284.0
187.0,1305.0
188.0,1320.0
189.0,1323.0
190.0,1340.0
191.0,1333.0
192.0,1342.0
193.0,1346.0
194.0,1343.0
195.0,1387.0
196.0,1360.0
197.0,1351.0
198.0,1391.0
199.0,1442.0
200.0,1397.0
201.0,1462.0
202.0,1430.0
203.0,1438.0
204.0,1478.0
205.0,1465.0
206.0,1469.0
207.0,1446.0
208.0,1493.0
209.0,1487.0
210.0,1505.0
211.0,1523.0
212.0,1522.0
213.0,1512.0
214.0,1505.0
215.0,1534.0
216.0,1538.0
217.0,1544.0
218.0,1550.0
219.0,1508.0
220.0,1569.0
221.0,1594.0
222.0,1546.0
223.0,1599.0
224.0,1569.0
225.0,1625.0
226.0,1621.0
227.0,1590.0
228.0,1602.0
229.0,1615.0
230.0,1647.0
231.0,1638.0
232.0,1657.0
233.0,1676.0
234.0,1680.0
235.0,1703.0
236.0,1666.0
237.0,1729.0
238.0,1716.0
239.0,1746.0
240.0,1732.0
241.0,1744.0
242.0,1737.0
243.0,1784.0
244.0,1762.0
245.0,1790.0
246.0,1791.0
247.0,1802.0
248.0,1770.0
249.0,1778.0
250.0,1793.0
251.0,1836.0
252.0,1832.0
253.0,1829.0
254.0,1881.0
255.0,1838.0
256.0,1855.0
257.0,1834.0
258.0,1865.0
259.0,1939.0
260.0,1858.0
261.0,1879.0
262.0,1906.0
263.0,1858.0
264.0,1986.0
265.0,1917.0
266.0,1959.0
267.0,1916.0
268.0,1966.0
269.0,1935.0
270.0,1946.0
271.0,1939.0
272.0,1992.0
273.0,1986.0
274.0,1942.0
275.0,1991.0
276.0,2036.0
277.0,1996.0
278.0,2024.0
279.0,2010.0
280.0,2002.0
281.0,2053.0
282.0,2052.0
283.0,2020.0
284.0,2102.0
285.0,2031.0
286.0,2078.0
287.0,2118.0
288.0,2114.0
289.0,2095.0
290.0,2130.0
291.0,2087.0
292.0,2086.0
293.0,2129.0
294.0,2134.0
295.0,2138.0
296.0,2135.0
297.0,2175.0
298.0,2175.0
299.0,2152.0
300.0,2185.0
301.0,2183.0
302.0,2169.0
303.0,2213.0
304.0,2206.0
305.0,2230.0
306.0,2215.0
307.0,2232.0
308.0,2233.0
309.0,2210.0
310.0,2213.0
311.0,2265.0
312.0,2254.0
313.0,2259.0
314.0,2242.0
315.0,2236.0
316.0,2289.0
317.0,2272.0
318.0,2262.0
319.0,2302.0
320.0,2329.0
321.0,2306.0
322.0,2295.0
323.0,2254.0
324.0,2335.0
325.0,2356.0
326.0,2335.0
327.0,2369.0
328.0,2390.0
329.0,2394.0
330.0,2336.0
331.0,2372.0
332.0,2378.0
333.0,2390.0
334.0,2390.0
335.0,2402.0
336.0,2441.0
337.0,2436.0
338.0,2389.0
339.0,2420.0
340.0,2459.0
341.0,2371.0
342.0,2532.0
343.0,2474.0
344.0,2471.0
345.0,2451.0
346.0,2520.0
347.0,2500.0
348.0,2478.0
349.0,2488.0
350.0,2482.0
351.0,2463.0
352.0,2540.0
353.0,2533.0
354.0,2488.0
355.0,2567.0
356.0,2501.0
357.0,2513.0
358.0,2539.0
359.0,2523.0
360.0,2500.0
361.0,2534.0
362.0,2530.0
363.0,2617.0
364.0,2575.0
365.0,2546.0
366.0,2570.0
367.0,2597.0
368.0,2617.0
369.0,2577.0
370.0,2606.0
371.0,2574.0
372.0,2655.0
373.0,2648.0
374.0,2620.0
375.0,2602.0
376.0,2671.0
377.0,2650.0
378.0,2657.0
379.0,2679.0
380.0,2669.0
381.0,2641.0
382.0,2633.0
383.0,2655.0
384.0,2692.0
385.0,2676.0
386.0,2662.0
387.0,2670.0
388.0,2708.0
389.0,2708.0
390.0,2720.0
391.0,2657.0
392.0,2705.0
393.0,2673.0
394.0,2688.0
395.0,2739.0
396.0,2669.0
397.0,2756.0
398.0,2740.0
399.0,2688.0
400.0,2734.0
401.0,2729.0
402.0,2783.0
403.0,2772.0
404.0,2749.0
405.0,2691.0
406.0,2735.0
407.0,2741.0
408.0,2755.0
409.0,2787.0
410.0,2807.0
411.0,2725.0
412.0,2746.0
413.0,2805.0
414.0,2808.0
415.0,2812.0
416.0,2817.0
417.0,2811.0
418.0,2771.0
419.0,2819.0
420.0,2759.0
421.0,2843.0
422.0,2805.0
423.0,2805.0
424.0,2789.0
425.0,2830.0
426.0,2826.0
427.0,2806.0
428.0,2818.0
429.0,2761.0
430.0,2828.0
431.0,2852.0
432.0,2838.0
433.0,2827.0
434.0,2795.0
435.0,2808.0
436.0,2815.0
437.0,2884.0
438.0,2819.0
439.0,2909.0
440.0,2843.0
441.0,2841.0
442.0,2867.0
443.0,2843.0
444.0,2856.0
445.0,2880.0
446.0,2847.0
447.0,2930.0
448.0,2832.0
449.0,2893.0
450.0,2844.0
451.0,2880.0
452.0,2885.0
453.0,2913.0
454.0,2886.0
455.0,2917.0
456.0,2868.0
457.0,2943.0
458.0,2889.0
459.0,2868.0
460.0,2922.0
461.0,2900.0
462.0,2890.0
463.0,2895.0
464.0,2904.0
465.0,2876.0
466.0,2887.0
467.0,2924.0
468.0,2940.0
469.0,2862.0
470.0,2878.0
471.0,2929.0
472.0,2841.0
473.0,2928.0
474.0,2870.0
475.0,2880.0
476.0,2885.0
477.0,2926.0
478.0,2864.0
479.0,2904.0
480.0,2877.0
481.0,2947.0
482.0,2897.0
483.0,2893.0
484.0,2945.0
485.0,2964.0
486.0,2921.0
487.0,2933.0
488.0,2964.0
489.0,2892.0
490.0,2925.0
491.0,2982.0
492.0,2924.0
493.0,2944.0
494.0,2934.0
495.0,2897.0
496.0,2895.0
497.0,2858.0
498.0,2934.0
499.0,2873.0
500.0,2823.0
501.0,2926.0
502.0,2888.0
503.0,2954.0
504.0,2904.0
505.0,2895.0
506.0,2884.0
507.0,2896.0
508.0,2854.0
509.0,2848.0
510.0,2888.0
511.0,2922.0
512.0,2889.0
513.0,2891.0
514.0,2902.0
515.0,2881.0
516.0,2833.0
517.0,2835.0
518.0,2807.0
519.0,2864.0
520.0,2895.0
521.0,2804.0
522.0,2871.0
523.0,2824.0
524.0,2838.0
525.0,2827.0
526.0,2847.0
527.0,2879.0
528.0,2824.0
529.0,2870.0
530.0,2850.0
531.0,2860.0
532.0,2797.0
533.0,2823.0
534.0,2816.0
535.0,2837.0
536.0,2815.0
537.0,2851.0
538.0,2733.0
539.0,2830.0
540.0,2837.0
541.0,2837.0
542.0,2764.0
543.0,2838.0
544.0,2789.0
545.0,2760.0
546.0,2835.0
547.0,2745.0
548.0,2821.0
549.0,2800.0
550.0,2772.0
551.0,2812.0
552.0,2806.0
553.0,2834.0
554.0,2758.0
555.0,2793.0
556.0,2745.0
557.0,2801.0
558.0,2762.0
559.0,2713.0
560.0,2767.0
561.0,2732.0
562.0,2730.0
563.0,2720.0
564.0,2735.0
565.0,2759.0
566.0,2703.0
567.0,2748.0
568.0,2716.0
569.0,2704.0
570.0,2663.0
571.0,2627.0
572.0,2676.0
573.0,2692.0
574.0,2660.0
575.0,2711.0
576.0,2666.0
577.0,2710.0
578.0,2635.0
579.0,2646.0
580.0,2659.0
581.0,2621.0
582.0,2640.0
583.0,2646.0
584.0,2679.0
585.0,2583.0
586.0,2597.0
587.0,2639.0
588.0,2599.0
589.0,2647.0
590.0,2664.0
591.0,2595.0
592.0,2602.0
593.0,2603.0
594.0,2565.0
595.0,2599.0
596.0,2580.0
597.0,2579.0
598.0,2584.0
599.0,2539.0
600.0,2581.0
601.0,2573.0
602.0,2556.0
603.0,2514.0
604.0,2584.0
605.0,2496.0
606.0,2529.0
607.0,2521.0
608.0,2529.0
609.0,2507.0
610.0,2547.0
611.0,2472.0
612.0,2432.0
613.0,2475.0
614.0,2477.0
615.0,2434.0
616.0,2405.0
617.0,2414.0
618.0,2432.0
619.0,2444.0
620.0,2466.0
621.0,2429.0
622.0,2419.0
623.0,2364.0
624.0,2435.0
625.0,2415.0
626.0,2362.0
627.0,2434.0
628.0,2409.0
629.0,2374.0
630.0,2373.0
631.0,2370.0
632.0,2346.0
633.0,2313.0
634.0,2348.0
635.0,2324.0
636.0,2355.0
637.0,2332.0
638.0,2330.0
639.0,2332.0
640.0,2312.0
641.0,2300.0
642.0,2298.0
643.0,2292.0
644.0,2228.0
645.0,2243.0
646.0,2276.0
647.0,2294.0
648.0,2248.0
649.0,2228.0
650.0,2252.0
651.0,2264.0
652.0,2263.0
653.0,2229.0
654.0,2177.0
655.0,2194.0
656.0,2182.0
657.0,2194.0
658.0,2166.0
659.0,2152.0
660.0,2126.0
661.0,2166.0
662.0,2161.0
663.0,2159.0
664.0,2169.0
665.0,2144.0
666.0,2101.0
667.0,2135.0
668.0,2111.0
669.0,2095.0
670.0,2099.0
671.0,2091.0
672.0,2078.0
673.0,2064.0
674.0,2069.0
675.0,2078.0
676.0,2046.0
677.0,2056.0
678.0,1987.0
679.0,2047.0
680.0,2055.0
681.0,1969.0
682.0,2049.0
683.0,1965.0
684.0,1972.0
685.0,1981.0
686.0,1968.0
687.0,1935.0
688.0,1987.0
689.0,1923.0
690.0,1947.0
691.0,1940.0
692.0,1909.0
693.0,1987.0
694.0,1898.0
695.0,1867.0
696.0,1895.0
697.0,1929.0
698.0,1859.0
699.0,1896.0
700.0,1878.0
701.0,1839.0
702.0,1895.0
703.0,1811.0
704.0,1877.0
705.0,1847.0
706.0,1862.0
707.0,1834.0
708.0,1806.0
709.0,1836.0
710.0,1810.0
711.0,1776.0
712.0,1772.0
713.0,1794.0
714.0,1744.0
715.0,1798.0
716.0,1767.0
717.0,1760.0
718.0,1730.0
719.0,1733.0
720.0,1695.0
721.0,1708.0
722.0,1732.0
723.0,1699.0
724.0,1753.0
725.0,1696.0
726.0,1659.0
727.0,1662.0
728.0,1643.0
729.0,1665.0
730.0,1624.0
731.0,1627.0
732.0,1606.0
733.0,1613.0
734.0,1608.0
735.0,1620.0
736.0,1622.0
737.0,1607.0
738.0,1600.0
739.0,1565.0
740.0,1588.0
741.0,1601.0
742.0,1523.0
743.0,1561.0
744.0,1540.0
745.0,1552.0
746.0,1519.0
747.0,1469.0
748.0,1506.0
749.0,1512.0
750.0,1473.0
751.0,1470.0
752.0,1480.0
753.0,1456.0
754.0,1450.0
755.0,1444.0
756.0,1459.0
757.0,1440.0
758.0,1413.0
759.0,1403.0
760.0,1364.0
761.0,1412.0
762.0,1383.0
763.0,1384.0
764.0,1342.0
765.0,1348.0
766.0,1296.0
767.0,1340.0
768.0,1353.0
769.0,1358.0
770.0,1352.0
771.0,1329.0
772.0,1282.0
773.0,1302.0
774.0,1308.0
775.0,1263.0
776.0,1277.0
777.0,1271.0
778.0,1271.0
779.0,1271.0
780.0,1243.0
781.0,1271.0
782.0,1263.0
783.0,1218.0
784.0,1195.0
785.0,1199.0
786.0,1194.0
787.0,1186.0
788.0,1197.0
789.0,1189.0
790.0,1159.0
791.0,1159.0
792.0,1196.0
793.0,1174.0
794.0,1186.0
795.0,1135.0
796.0,1136.0
797.0,1118.0
798.0,1151.0
799.0,1114.0
800.0,1098.0
801.0,1096.0
802.0,1110.0
803.0,1099.0
804.0,1067.0
805.0,1078.0
806.0,1083.0
807.0,1045.0
808.0,1011.0
809.0,1037.0
810.0,1056.0
811.0,1018.0
812.0,1031.0
813.0,1013.0
814.0,1008.0
815.0,1006.0
816.0,994.0
817.0,1004.0
818.0,983.0
819.0,957.0
820.0,951.0
821.0,968.0
822.0,950.0
823.0,960.0
824.0,956.0
825.0,971.0
826.0,939.0
827.0,902.0
828.0,896.0
829.0,888.0
830.0,898.0
831.0,899.0
832.0,884.0
833.0,879.0
834.0,925.0
835.0,868.0
836.0,877.0
837.0,859.0
838.0,830.0
839.0,844.0
840.0,844.0
841.0,855.0
842.0,881.0
843.0,827.0
844.0,842.0
845.0,791.0
846.0,833.0
847.0,819.0
848.0,812.0
849.0,790.0
850.0,815.0
851.0,783.0
852.0,778.0
853.0,753.0
854.0,745.0
855.0,746.0
856.0,736.0
857.0,756.0
858.0,735.0
859.0,745.0
860.0,718.0
861.0,741.0
862.0,738.0
863.0,721.0
864.0,732.0
865.0,705.0
866.0,714.0
867.0,718.0
868.0,672.0
869.0,691.0
870.0,663.0
871.0,674.0
872.0,678.0
873.0,661.0
874.0,641.0
875.0,670.0
876.0,671.0
877.0,637.0
878.0,640.0
879.0,637.0
880.0,610.0
881.0,637.0
882.0,644.0
883.0,609.0
884.0,626.0
885.0,613.0
886.0,622.0
887.0,601.0
888.0,596.0
889.0,599.0
890.0,597.0
891.0,594.0
892.0,595.0
893.0,585.0
894.0,592.0
895.0,554.0
896.0,556.0
897.0,568.0
898.0,591.0
899.0,559.0
900.0,553.0
901.0,545.0
902.0,564.0
903.0,546.0
904.0,515.0
905.0,523.0
906.0,556.0
907.0,544.0
908.0,522.0
909.0,554.0
910.0,529.0
911.0,539.0
912.0,520.0
913.0,483.0
914.0,514.0
915.0,501.0
916.0,504.0
917.0,517.0
918.0,503.0
919.0,493.0
920.0,484.0
921.0,499.0
922.0,477.0
923.0,468.0
924.0,454.0
925.0,492.0
926.0,488.0
927.0,470.0
928.0,476.0
929.0,452.0
930.0,443.0
931.0,462.0
932.0,462.0
933.0,447.0
934.0,436.0
935.0,458.0
936.0,427.0
937.0,430.0
938.0,445.0
939.0,422.0
940.0,428.0
941.0,427.0
942.0,426.0
943.0,453.0
944.0,410.0
945.0,407.0
946.0,400.0
947.0,415.0
948.0,399.0
949.0,400.0
950.0,392.0
951.0,409.0
952.0,387.0
953.0,406.0
954.0,392.0
955.0,399.0
956.0,390.0
957.0,373.0
958.0,377.0
959.0,366.0
960.0,372.0
961.0,363.0
962.0,379.0
963.0,374.0
964.0,385.0
965.0,355.0
966.0,384.0
967.0,377.0
968.0,372.0
969.0,358.0
970.0,352.0
971.0,361.0
972.0,346.0
973.0,343.0
974.0,348.0
975.0,337.0
976.0,369.0
977.0,364.0
978.0,343.0
979.0,334.0
980.0,343.0
981.0,342.0
982.0,318.0
983.0,336.0
984.0,330.0
985.0,328.0
986.0,361.0
987.0,345.0
988.0,339.0
989.0,331.0
990.0,323.0
991.0,316.0
992.0,346.0
993.0,330.0
994.0,330.0
995.0,325.0
996.0,322.0
997.0,341.0
998.0,319.0
999.0,315.0
1000.0,321.0
1001.0,330.0
1002.0,330.0
1003.0,324.0
1004.0,303.0
1005.0,324.0
1006.0,298.0
1007.0,328.0
1008.0,326.0
1009.0,308.0
1010.0,329.0
1011.0,305.0
1012.0,344.0
1013.0,325.0
1014.0,309.0
1015.0,316.0
1016.0,299.0
1017.0,299.0
1018.0,308.0
1019.0,320.0
1020.0,322.0
1021.0,294.0
1022.0,310.0
1023.0,309.0
