0.0,915.0
1.0,1400.0
2.0,1356.0
3.0,1440.0
4.0,1478.0
5.0,1496.0
6.0,1501.0
7.0,1509.0
8.0,1535.0
9.0,1614.0
10.0,1658.0
11.0,1620.0
12.0,1665.0
13.0,1687.0
14.0,1723.0
15.0,1741.0
16.0,1760.0
17.0,1810.0
18.0,1846.0
19.0,1846.0
20.0,1881.0
21.0,1948.0
22.0,1954.0
23.0,1957.0
24.0,1990.0
25.0,2027.0
26.0,2063.0
27.0,2094.0
28.0,2166.0
29.0,2119.0
30.0,2147.0
31.0,2177.0
32.0,2219.0
33.0,2259.0
34.0,2307.0
35.0,2295.0
36.0,2346.0
37.0,2323.0
38.0,2363.0
39.0,2382.0
40.0,2454.0
41.0,2469.0
42.0,2516.0
43.0,2486.0
44.0,2493.0
45.0,2597.0
46.0,2547.0
47.0,2634.0
48.0,2689.0
49.0,2693.0
50.0,2658.0
51.0,2732.0
52.0,2787.0
53.0,2805.0
54.0,2801.0
55.0,2840.0
56.0,2898.0
57.0,2915.0
58.0,2938.0
59.0,2960.0
60.0,2983.0
61.0,3073.0
62.0,3058.0
63.0,3141.0
64.0,3086.0
65.0,3126.0
66.0,3179.0
67.0,3189.0
68.0,3268.0
69.0,3338.0
70.0,3312.0
71.0,3351.0
72.0,3378.0
73.0,3385.0
74.0,3461.0
75.0,3504.0
76.0,3540.0
77.0,3562.0
78.0,3540.0
79.0,3655.0
80.0,3640.0
81.0,3725.0
82.0,3682.0
83.0,3762.0
84.0,3814.0
85.0,3808.0
86.0,3794.0
87.0,3895.0
88.0,3942.0
89.0,3914.0
90.0,3983.0
91.0,4052.0
92.0,4041.0
93.0,4021.0
94.0,4116.0
95.0,4193.0
96.0,4135.0
97.0,4224.0
98.0,4283.0
99.0,4250.0
100.0,4304.0
101.0,4415.0
102.0,4369.0
103.0,4478.0
104.0,4473.0
105.0,4500.0
106.0,4599.0
107.0,4592.0
108.0,4686.0
109.0,4623.0
110.0,4693.0
111.0,4706.0
112.0,4722.0
113.0,4902.0
114.0,4909.0
115.0,4832.0
116.0,4825.0
117.0,4961.0
118.0,4994.0
119.0,5058.0
120.0,5099.0
121.0,5072.0
122.0,5106.0
123.0,5252.0
124.0,5165.0
125.0,5264.0
126.0,5267.0
127.0,5386.0
128.0,5433.0
129.0,5476.0
130.0,5410.0
131.0,5458.0
132.0,5448.0
133.0,5512.0
134.0,5748.0
135.0,5727.0
136.0,5798.0
137.0,5726.0
138.0,5857.0
139.0,5854.0
140.0,5894.0
141.0,5942.0
142.0,5958.0
143.0,5979.0
144.0,6064.0
145.0,6098.0
146.0,6154.0
147.0,6078.0
148.0,6271.0
149.0,6209.0
150.0,6301.0
151.0,6341.0
152.0,6419.0
153.0,6448.0
154.0,6340.0
155.0,6477.0
156.0,6472.0
157.0,6624.0
158.0,6573.0
159.0,6636.0
160.0,6652.0
161.0,6729.0
162.0,6786.0
163.0,6774.0
164.0,6865.0
165.0,6815.0
166.0,6936.0
167.0,7074.0
168.0,7053.0
169.0,7080.0
170.0,7147.0
171.0,7131.0
172.0,7221.0
173.0,7310.0
174.0,7281.0
175.0,7356.0
176.0,7425.0
177.0,7444.0
178.0,7513.0
179.0,7589.0
180.0,7586.0
181.0,7602.0
182.0,7737.0
183.0,7674.0
184.0,7719.0
185.0,7771.0
186.0,7808.0
187.0,7928.0
188.0,8032.0
189.0,7990.0
190.0,8006.0
191.0,8122.0
192.0,8158.0
193.0,8209.0
194.0,8323.0
195.0,8252.0
196.0,8310.0
197.0,8364.0
198.0,8434.0
199.0,8430.0
200.0,8469.0
201.0,8623.0
202.0,8588.0
203.0,8654.0
204.0,8655.0
205.0,8778.0
206.0,8730.0
207.0,8849.0
208.0,8847.0
209.0,8879.0
210.0,9158.0
211.0,9101.0
212.0,9126.0
213.0,9118.0
214.0,9204.0
215.0,9271.0
216.0,9205.0
217.0,9208.0
218.0,9261.0
219.0,9395.0
220.0,9418.0
221.0,9439.0
222.0,9511.0
223.0,9519.0
224.0,9590.0
225.0,9750.0
226.0,9692.0
227.0,9683.0
228.0,9678.0
229.0,9808.0
230.0,9997.0
231.0,9776.0
232.0,9900.0
233.0,9912.0
234.0,9905.0
235.0,9951.0
236.0,10145.0
237.0,10116.0
238.0,10127.0
239.0,10077.0
240.0,10244.0
241.0,10209.0
242.0,10309.0
243.0,10367.0
244.0,10297.0
245.0,10448.0
246.0,10333.0
247.0,10486.0
248.0,10464.0
249.0,10497.0
250.0,10630.0
251.0,10606.0
252.0,10685.0
253.0,10678.0
254.0,10678.0
255.0,10775.0
256.0,10678.0
257.0,10853.0
258.0,10783.0
259.0,10928.0
260.0,10913.0
261.0,10859.0
262.0,10998.0
263.0,11128.0
264.0,11136.0
265.0,11170.0
266.0,11007.0
267.0,11223.0
268.0,11269.0
269.0,11344.0
270.0,11212.0
271.0,11301.0
272.0,11349.0
273.0,11483.0
274.0,11423.0
275.0,11433.0
276.0,11477.0
277.0,11533.0
278.0,11402.0
279.0,11811.0
280.0,11577.0
281.0,11629.0
282.0,11660.0
283.0,11723.0
284.0,11767.0
285.0,11738.0
286.0,11834.0
287.0,11811.0
288.0,11868.0
289.0,12103.0
290.0,11846.0
291.0,11957.0
292.0,12014.0
293.0,12026.0
294.0,12118.0
295.0,12156.0
296.0,11901.0
297.0,12280.0
298.0,12173.0
299.0,12364.0
300.0,12260.0
301.0,12227.0
302.0,12246.0
303.0,12293.0
304.0,12546.0
305.0,12309.0
306.0,12448.0
307.0,12481.0
308.0,12571.0
309.0,12572.0
310.0,12622.0
311.0,12613.0
312.0,12625.0
313.0,12624.0
314.0,12713.0
315.0,12793.0
316.0,12744.0
317.0,12798.0
318.0,12683.0
319.0,12938.0
320.0,12682.0
321.0,12941.0
322.0,12931.0
323.0,12843.0
324.0,13008.0
325.0,12970.0
326.0,13155.0
327.0,12964.0
328.0,12978.0
329.0,13050.0
330.0,13109.0
331.0,13191.0
332.0,13245.0
333.0,13124.0
334.0,13114.0
335.0,13497.0
336.0,13251.0
337.0,13292.0
338.0,13273.0
339.0,13379.0
340.0,13387.0
341.0,13412.0
342.0,13433.0
343.0,13413.0
344.0,13634.0
345.0,13377.0
346.0,13483.0
347.0,13690.0
348.0,13414.0
349.0,13588.0
350.0,13695.0
351.0,13733.0
352.0,13766.0
353.0,13699.0
354.0,13760.0
355.0,13694.0
356.0,13831.0
357.0,13853.0
358.0,13778.0
359.0,13783.0
360.0,13882.0
361.0,13876.0
362.0,13973.0
363.0,13866.0
364.0,13962.0
365.0,13866.0
366.0,14094.0
367.0,13996.0
368.0,14041.0
369.0,14157.0
370.0,14014.0
371.0,14142.0
372.0,14071.0
373.0,14158.0
374.0,14042.0
375.0,14058.0
376.0,13983.0
377.0,14239.0
378.0,14188.0
379.0,14116.0
380.0,14128.0
381.0,14161.0
382.0,14301.0
383.0,14431.0
384.0,14338.0
385.0,14189.0
386.0,14301.0
387.0,14428.0
388.0,14356.0
389.0,14333.0
390.0,14470.0
391.0,14179.0
392.0,14446.0
393.0,14569.0
394.0,14422.0
395.0,14427.0
396.0,14499.0
397.0,14600.0
398.0,14558.0
399.0,14528.0
400.0,14375.0
401.0,14418.0
402.0,14527.0
403.0,14714.0
404.0,14609.0
405.0,14535.0
406.0,14482.0
407.0,14601.0
408.0,14634.0
409.0,14643.0
410.0,14620.0
411.0,14467.0
412.0,14509.0
413.0,14963.0
414.0,14567.0
415.0,14690.0
416.0,14790.0
417.0,14681.0
418.0,14760.0
419.0,14779.0
420.0,14819.0
421.0,14686.0
422.0,14605.0
423.0,15035.0
424.0,14817.0
425.0,14804.0
426.0,14848.0
427.0,14588.0
428.0,14886.0
429.0,14877.0
430.0,14998.0
431.0,14674.0
432.0,14964.0
433.0,14982.0
434.0,14908.0
435.0,14866.0
436.0,14908.0
437.0,14869.0
438.0,14991.0
439.0,14918.0
440.0,14915.0
441.0,14921.0
442.0,14941.0
443.0,14819.0
444.0,15083.0
445.0,14879.0
446.0,14898.0
447.0,14916.0
448.0,14953.0
449.0,14938.0
450.0,15089.0
451.0,14919.0
452.0,14984.0
453.0,14829.0
454.0,14910.0
455.0,14969.0
456.0,14952.0
457.0,14851.0
458.0,14860.0
459.0,14798.0
460.0,15010.0
461.0,15116.0
462.0,14936.0
463.0,14814.0
464.0,14952.0
465.0,15129.0
466.0,14849.0
467.0,14872.0
468.0,14849.0
469.0,15052.0
470.0,15051.0
471.0,15023.0
472.0,15016.0
473.0,14866.0
474.0,14890.0
475.0,14937.0
476.0,15109.0
477.0,15013.0
478.0,15082.0
479.0,14920.0
480.0,14924.0
481.0,15261.0
482.0,14910.0
483.0,14893.0
484.0,15092.0
485.0,15063.0
486.0,15000.0
487.0,14846.0
488.0,14832.0
489.0,14985.0
490.0,15011.0
491.0,14905.0
492.0,14879.0
493.0,14810.0
494.0,15031.0
495.0,15024.0
496.0,14966.0
497.0,14962.0
498.0,14794.0
499.0,14927.0
500.0,14879.0
501.0,14983.0
502.0,14994.0
503.0,14811.0
504.0,14826.0
505.0,14995.0
506.0,15026.0
507.0,14918.0
508.0,14865.0
509.0,14823.0
510.0,14744.0
511.0,14991.0
512.0,14941.0
513.0,14635.0
514.0,14758.0
515.0,14920.0
516.0,14838.0
517.0,14975.0
518.0,14700.0
519.0,14657.0
520.0,14992.0
521.0,14856.0
522.0,14754.0
523.0,14816.0
524.0,14801.0
525.0,14865.0
526.0,14744.0
527.0,14785.0
528.0,14780.0
529.0,14762.0
530.0,14681.0
531.0,14682.0
532.0,14773.0
533.0,14851.0
534.0,14705.0
535.0,14624.0
536.0,14629.0
537.0,14690.0
538.0,14696.0
539.0,14598.0
540.0,14700.0
541.0,14645.0
542.0,14663.0
543.0,14637.0
544.0,14467.0
545.0,14601.0
546.0,14723.0
547.0,14655.0
548.0,14541.0
549.0,14469.0
550.0,14581.0
551.0,14352.0
552.0,14623.0
553.0,14641.0
554.0,14506.0
555.0,14507.0
556.0,14424.0
557.0,14633.0
558.0,14447.0
559.0,14341.0
560.0,14382.0
561.0,14466.0
562.0,14470.0
563.0,14436.0
564.0,14215.0
565.0,14363.0
566.0,14420.0
567.0,14294.0
568.0,14317.0
569.0,14445.0
570.0,14041.0
571.0,14199.0
572.0,14259.0
573.0,14494.0
574.0,14171.0
575.0,14173.0
576.0,14098.0
577.0,14187.0
578.0,14162.0
579.0,14237.0
580.0,14084.0
581.0,14198.0
582.0,14050.0
583.0,14084.0
584.0,13923.0
585.0,14118.0
586.0,14061.0
587.0,14024.0
588.0,14098.0
589.0,14005.0
590.0,13988.0
591.0,13887.0
592.0,14028.0
593.0,14073.0
594.0,13715.0
595.0,13747.0
596.0,13736.0
597.0,13928.0
598.0,13800.0
599.0,13709.0
600.0,13646.0
601.0,13967.0
602.0,13677.0
603.0,13717.0
604.0,13743.0
605.0,13706.0
606.0,13627.0
607.0,13703.0
608.0,13697.0
609.0,13529.0
610.0,13392.0
611.0,13680.0
612.0,13472.0
613.0,13594.0
614.0,13403.0
615.0,13514.0
616.0,13336.0
617.0,13428.0
618.0,13516.0
619.0,13359.0
620.0,13365.0
621.0,13372.0
622.0,13367.0
623.0,13457.0
624.0,13108.0
625.0,13270.0
626.0,13124.0
627.0,13255.0
628.0,13253.0
629.0,13144.0
630.0,13052.0
631.0,13013.0
632.0,13017.0
633.0,13096.0
634.0,13099.0
635.0,12863.0
636.0,13072.0
637.0,12953.0
638.0,12930.0
639.0,12898.0
640.0,12854.0
641.0,12900.0
642.0,12850.0
643.0,12772.0
644.0,12684.0
645.0,12757.0
646.0,12755.0
647.0,12646.0
648.0,12738.0
649.0,12770.0
650.0,12403.0
651.0,12718.0
652.0,12553.0
653.0,12591.0
654.0,12307.0
655.0,12592.0
656.0,12365.0
657.0,12439.0
658.0,12504.0
659.0,12294.0
660.0,12287.0
661.0,12386.0
662.0,12311.0
663.0,12446.0
664.0,12107.0
665.0,12128.0
666.0,12076.0
667.0,12135.0
668.0,12070.0
669.0,12051.0
670.0,11958.0
671.0,12046.0
672.0,11966.0
673.0,11933.0
674.0,11847.0
675.0,11800.0
676.0,11878.0
677.0,11840.0
678.0,11867.0
679.0,11707.0
680.0,11742.0
681.0,11574.0
682.0,11734.0
683.0,11659.0
684.0,11565.0
685.0,11437.0
686.0,11366.0
687.0,11508.0
688.0,11534.0
689.0,11526.0
690.0,11290.0
691.0,11231.0
692.0,11363.0
693.0,11464.0
694.0,11207.0
695.0,11187.0
696.0,11045.0
697.0,11244.0
698.0,11169.0
699.0,11120.0
700.0,10994.0
701.0,10911.0
702.0,11121.0
703.0,10962.0
704.0,10738.0
705.0,10781.0
706.0,10847.0
707.0,10914.0
708.0,10850.0
709.0,10668.0
710.0,10709.0
711.0,10692.0
712.0,10736.0
713.0,10618.0
714.0,10642.0
715.0,10395.0
716.0,10561.0
717.0,10458.0
718.0,10418.0
719.0,10413.0
720.0,10260.0
721.0,10366.0
722.0,10089.0
723.0,10404.0
724.0,10071.0
725.0,10124.0
726.0,10179.0
727.0,10015.0
728.0,10124.0
729.0,9986.0
730.0,9967.0
731.0,9925.0
732.0,9928.0
733.0,9821.0
734.0,9752.0
735.0,9699.0
736.0,9801.0
737.0,9723.0
738.0,9638.0
739.0,9618.0
740.0,9550.0
741.0,9615.0
742.0,9652.0
743.0,9538.0
744.0,9447.0
745.0,9376.0
746.0,9340.0
747.0,9492.0
748.0,9319.0
749.0,9376.0
750.0,9163.0
751.0,9094.0
752.0,9194.0
753.0,9133.0
754.0,9209.0
755.0,9122.0
756.0,9118.0
757.0,9062.0
758.0,9019.0
759.0,8901.0
760.0,8922.0
761.0,8938.0
762.0,8783.0
763.0,8857.0
764.0,8755.0
765.0,8737.0
766.0,8659.0
767.0,8709.0
768.0,8593.0
769.0,8514.0
770.0,8617.0
771.0,8471.0
772.0,8526.0
773.0,8498.0
774.0,8349.0
775.0,8330.0
776.0,8335.0
777.0,8278.0
778.0,8272.0
779.0,8095.0
780.0,8159.0
781.0,8280.0
782.0,8011.0
783.0,8109.0
784.0,8059.0
785.0,8055.0
786.0,7988.0
787.0,7910.0
788.0,8001.0
789.0,7736.0
790.0,7722.0
791.0,7703.0
792.0,7772.0
793.0,7563.0
794.0,7625.0
795.0,7594.0
796.0,7674.0
797.0,7515.0
798.0,7396.0
799.0,7383.0
800.0,7437.0
801.0,7376.0
802.0,7331.0
803.0,7258.0
804.0,7333.0
805.0,7333.0
806.0,7172.0
807.0,7305.0
808.0,7081.0
809.0,7077.0
810.0,7079.0
811.0,7084.0
812.0,6946.0
813.0,6867.0
814.0,6822.0
815.0,6892.0
816.0,6884.0
817.0,6789.0
818.0,6732.0
819.0,6763.0
820.0,6713.0
821.0,6693.0
822.0,6726.0
823.0,6560.0
824.0,6586.0
825.0,6520.0
826.0,6504.0
827.0,6493.0
828.0,6419.0
829.0,6350.0
830.0,6389.0
831.0,6284.0
832.0,6309.0
833.0,6213.0
834.0,6170.0
835.0,6158.0
836.0,6178.0
837.0,6072.0
838.0,6028.0
839.0,5965.0
840.0,5965.0
841.0,6035.0
842.0,5999.0
843.0,5896.0
844.0,5867.0
845.0,5926.0
846.0,5814.0
847.0,5760.0
848.0,5707.0
849.0,5652.0
850.0,5753.0
851.0,5624.0
852.0,5637.0
853.0,5577.0
854.0,5503.0
855.0,5462.0
856.0,5516.0
857.0,5425.0
858.0,5389.0
859.0,5425.0
860.0,5327.0
861.0,5336.0
862.0,5330.0
863.0,5147.0
864.0,5271.0
865.0,5224.0
866.0,5125.0
867.0,5118.0
868.0,5106.0
869.0,5054.0
870.0,4972.0
871.0,4972.0
872.0,5015.0
873.0,4887.0
874.0,4905.0
875.0,4896.0
876.0,4813.0
877.0,4818.0
878.0,4754.0
879.0,4792.0
880.0,4774.0
881.0,4638.0
882.0,4558.0
883.0,4600.0
884.0,4575.0
885.0,4550.0
886.0,4526.0
887.0,4393.0
888.0,4475.0
889.0,4416.0
890.0,4406.0
891.0,4378.0
892.0,4309.0
893.0,4237.0
894.0,4265.0
895.0,4269.0
896.0,4223.0
897.0,4167.0
898.0,4137.0
899.0,4104.0
900.0,4043.0
901.0,4048.0
902.0,3970.0
903.0,3966.0
904.0,3977.0
905.0,3907.0
906.0,3883.0
907.0,3898.0
908.0,3875.0
909.0,3861.0
910.0,3889.0
911.0,3754.0
912.0,3711.0
913.0,3700.0
914.0,3691.0
915.0,3620.0
916.0,3628.0
917.0,3564.0
918.0,3604.0
919.0,3561.0
920.0,3531.0
921.0,3435.0
922.0,3461.0
923.0,3423.0
924.0,3352.0
925.0,3423.0
926.0,3324.0
927.0,3301.0
928.0,3281.0
929.0,3237.0
930.0,3251.0
931.0,3223.0
932.0,3174.0
933.0,3153.0
934.0,3118.0
935.0,3094.0
936.0,3092.0
937.0,3058.0
938.0,3018.0
939.0,2982.0
940.0,3001.0
941.0,2977.0
942.0,2967.0
943.0,2882.0
944.0,2897.0
945.0,2822.0
946.0,2847.0
947.0,2796.0
948.0,2784.0
949.0,2725.0
950.0,2730.0
951.0,2704.0
952.0,2671.0
953.0,2620.0
954.0,2615.0
955.0,2545.0
956.0,2549.0
957.0,2549.0
958.0,2553.0
959.0,2422.0
960.0,2546.0
961.0,2478.0
962.0,2422.0
963.0,2411.0
964.0,2366.0
965.0,2391.0
966.0,2329.0
967.0,2350.0
968.0,2278.0
969.0,2257.0
970.0,2277.0
971.0,2220.0
972.0,2260.0
973.0,2165.0
974.0,2190.0
975.0,2114.0
976.0,2120.0
977.0,2088.0
978.0,2056.0
979.0,2018.0
980.0,2037.0
981.0,1996.0
982.0,1974.0
983.0,2004.0
984.0,1954.0
985.0,1979.0
986.0,1969.0
987.0,1909.0
988.0,1863.0
989.0,1844.0
990.0,1846.0
991.0,1857.0
992.0,1807.0
993.0,1764.0
994.0,1760.0
995.0,1737.0
996.0,1723.0
997.0,1725.0
998.0,1724.0
999.0,1679.0
1000.0,1694.0
1001.0,1633.0
1002.0,1607.0
1003.0,1616.0
1004.0,1610.0
1005.0,1574.0
1006.0,1563.0
1007.0,1566.0
1008.0,1513.0
1009.0,1491.0
1010.0,1500.0
1011.0,1456.0
1012.0,1481.0
1013.0,1444.0
1014.0,1428.0
1015.0,1397.0
1016.0,1396.0
1017.0,1391.0
1018.0,1364.0
1019.0,1334.0
1020.0,1336.0
1021.0,1330.0
1022.0,1286.0
1023.0,1356.0
