0.0,552.0
1.0,863.0
2.0,855.0
3.0,914.0
4.0,950.0
5.0,998.0
6.0,1037.0
7.0,1076.0
8.0,753.0
9.0,816.0
10.0,894.0
11.0,898.0
12.0,929.0
13.0,985.0
14.0,1045.0
15.0,1120.0
16.0,1173.0
17.0,1237.0
18.0,1258.0
19.0,1272.0
20.0,1377.0
21.0,1461.0
22.0,1478.0
23.0,1544.0
24.0,1102.0
25.0,1176.0
26.0,1221.0
27.0,1258.0
28.0,1374.0
29.0,1399.0
30.0,1455.0
31.0,1540.0
32.0,1619.0
33.0,1687.0
34.0,1734.0
35.0,1837.0
36.0,1884.0
37.0,1958.0
38.0,2047.0
39.0,1485.0
40.0,1579.0
41.0,1632.0
42.0,1656.0
43.0,1783.0
44.0,1829.0
45.0,1941.0
46.0,2021.0
47.0,2088.0
48.0,2124.0
49.0,2187.0
50.0,2335.0
51.0,2385.0
52.0,2476.0
53.0,2550.0
54.0,1913.0
55.0,2000.0
56.0,2058.0
57.0,2166.0
58.0,2312.0
59.0,2375.0
60.0,2419.0
61.0,2581.0
62.0,2649.0
63.0,2671.0
64.0,2821.0
65.0,2852.0
66.0,2947.0
67.0,3121.0
68.0,3146.0
69.0,3193.0
70.0,2534.0
71.0,2612.0
72.0,2717.0
73.0,2773.0
74.0,2864.0
75.0,2942.0
76.0,3037.0
77.0,3188.0
78.0,3295.0
79.0,3356.0
80.0,3415.0
81.0,3576.0
82.0,3638.0
83.0,3782.0
84.0,3861.0
85.0,2968.0
86.0,3128.0
87.0,3223.0
88.0,3368.0
89.0,3521.0
90.0,3544.0
91.0,3651.0
92.0,3775.0
93.0,3910.0
94.0,3978.0
95.0,4067.0
96.0,4152.0
97.0,4260.0
98.0,4301.0
99.0,4460.0
100.0,3725.0
101.0,3759.0
102.0,3861.0
103.0,3959.0
104.0,4113.0
105.0,4224.0
106.0,4365.0
107.0,4419.0
108.0,4453.0
109.0,4661.0
110.0,4732.0
111.0,4829.0
112.0,5021.0
113.0,4979.0
114.0,5085.0
115.0,5157.0
116.0,4401.0
117.0,4568.0
118.0,4628.0
119.0,4759.0
120.0,4930.0
121.0,5101.0
122.0,5195.0
123.0,5226.0
124.0,5389.0
125.0,5469.0
126.0,5529.0
127.0,5693.0
128.0,5777.0
129.0,5835.0
130.0,5873.0
131.0,5137.0
132.0,5261.0
133.0,5431.0
134.0,5518.0
135.0,5671.0
136.0,5785.0
137.0,5900.0
138.0,6091.0
139.0,6121.0
140.0,6177.0
141.0,6279.0
142.0,6332.0
143.0,6506.0
144.0,6646.0
145.0,6648.0
146.0,6686.0
147.0,6073.0
148.0,6244.0
149.0,6315.0
150.0,6466.0
151.0,6512.0
152.0,6740.0
153.0,6714.0
154.0,6927.0
155.0,7001.0
156.0,7062.0
157.0,7106.0
158.0,7328.0
159.0,7268.0
160.0,7406.0
161.0,7496.0
162.0,6907.0
163.0,6914.0
164.0,7062.0
165.0,7205.0
166.0,7402.0
167.0,7423.0
168.0,7453.0
169.0,7679.0
170.0,7748.0
171.0,7875.0
172.0,7908.0
173.0,7999.0
174.0,7977.0
175.0,7982.0
176.0,8280.0
177.0,7714.0
178.0,7863.0
179.0,7967.0
180.0,8038.0
181.0,8117.0
182.0,8407.0
183.0,8315.0
184.0,8435.0
185.0,8607.0
186.0,8601.0
187.0,8810.0
188.0,8899.0
189.0,8849.0
190.0,8909.0
191.0,8783.0
192.0,9154.0
193.0,8640.0
194.0,8802.0
195.0,8914.0
196.0,9084.0
197.0,9005.0
198.0,9174.0
199.0,9302.0
200.0,9274.0
201.0,9435.0
202.0,9416.0
203.0,9585.0
204.0,9642.0
205.0,9826.0
206.0,9646.0
207.0,9768.0
208.0,9603.0
209.0,9661.0
210.0,9900.0
211.0,9661.0
212.0,9971.0
213.0,9862.0
214.0,10197.0
215.0,10089.0
216.0,10230.0
217.0,10253.0
218.0,10306.0
219.0,10374.0
220.0,10530.0
221.0,10503.0
222.0,10519.0
223.0,10399.0
224.0,10429.0
225.0,10621.0
226.0,10592.0
227.0,10604.0
228.0,10591.0
229.0,10812.0
230.0,10829.0
231.0,10947.0
232.0,11023.0
233.0,10800.0
234.0,10964.0
235.0,11070.0
236.0,11128.0
237.0,11187.0
238.0,11218.0
239.0,10984.0
240.0,11014.0
241.0,11318.0
242.0,11325.0
243.0,11341.0
244.0,11428.0
245.0,11366.0
246.0,11462.0
247.0,11524.0
248.0,11730.0
249.0,11586.0
250.0,11643.0
251.0,11588.0
252.0,11721.0
253.0,11832.0
254.0,11692.0
255.0,11656.0
256.0,11694.0
257.0,11819.0
258.0,12001.0
259.0,11992.0
260.0,11820.0
261.0,11959.0
262.0,12131.0
263.0,12060.0
264.0,12178.0
265.0,12243.0
266.0,12337.0
267.0,12172.0
268.0,12305.0
269.0,12459.0
270.0,12218.0
271.0,12211.0
272.0,12247.0
273.0,12495.0
274.0,12541.0
275.0,12508.0
276.0,12596.0
277.0,12626.0
278.0,12437.0
279.0,12751.0
280.0,12768.0
281.0,12634.0
282.0,12679.0
283.0,12670.0
284.0,12883.0
285.0,12794.0
286.0,12929.0
287.0,12818.0
288.0,12898.0
289.0,12966.0
290.0,12935.0
291.0,13034.0
292.0,13155.0
293.0,12963.0
294.0,13199.0
295.0,13257.0
296.0,13238.0
297.0,13296.0
298.0,13313.0
299.0,13295.0
300.0,13484.0
301.0,13320.0
302.0,13325.0
303.0,13388.0
304.0,13445.0
305.0,13406.0
306.0,13507.0
307.0,13644.0
308.0,13597.0
309.0,13613.0
310.0,13536.0
311.0,13743.0
312.0,13728.0
313.0,13955.0
314.0,13500.0
315.0,13767.0
316.0,13762.0
317.0,13947.0
318.0,13910.0
319.0,13897.0
320.0,13864.0
321.0,14028.0
322.0,13921.0
323.0,14064.0
324.0,14087.0
325.0,13992.0
326.0,13918.0
327.0,14181.0
328.0,14303.0
329.0,14101.0
330.0,14130.0
331.0,14219.0
332.0,14319.0
333.0,14284.0
334.0,14414.0
335.0,14362.0
336.0,14315.0
337.0,14399.0
338.0,14512.0
339.0,14426.0
340.0,14274.0
341.0,14399.0
342.0,14471.0
343.0,14522.0
344.0,14701.0
345.0,14851.0
346.0,14439.0
347.0,14670.0
348.0,14569.0
349.0,14651.0
350.0,14856.0
351.0,14731.0
352.0,14769.0
353.0,14761.0
354.0,14938.0
355.0,14842.0
356.0,14873.0
357.0,14815.0
358.0,15012.0
359.0,14856.0
360.0,14891.0
361.0,15088.0
362.0,14818.0
363.0,14939.0
364.0,15103.0
365.0,15019.0
366.0,15173.0
367.0,15069.0
368.0,14945.0
369.0,15021.0
370.0,15382.0
371.0,15108.0
372.0,15243.0
373.0,15181.0
374.0,15111.0
375.0,15354.0
376.0,15454.0
377.0,15344.0
378.0,15228.0
379.0,15302.0
380.0,15451.0
381.0,15499.0
382.0,15495.0
383.0,15376.0
384.0,15319.0
385.0,15625.0
386.0,15740.0
387.0,15619.0
388.0,15393.0
389.0,15372.0
390.0,15581.0
391.0,15745.0
392.0,15730.0
393.0,15575.0
394.0,15631.0
395.0,15595.0
396.0,15758.0
397.0,15757.0
398.0,15874.0
399.0,15584.0
400.0,15675.0
401.0,15626.0
402.0,15909.0
403.0,15794.0
404.0,15742.0
405.0,15658.0
406.0,15898.0
407.0,15909.0
408.0,15926.0
409.0,15924.0
410.0,15810.0
411.0,15821.0
412.0,15928.0
413.0,15867.0
414.0,15950.0
415.0,15807.0
416.0,15871.0
417.0,15807.0
418.0,16133.0
419.0,15900.0
420.0,15923.0
421.0,16055.0
422.0,15951.0
423.0,16120.0
424.0,16031.0
425.0,16316.0
426.0,15922.0
427.0,16016.0
428.0,16038.0
429.0,16240.0
430.0,16164.0
431.0,15813.0
432.0,16239.0
433.0,16368.0
434.0,16009.0
435.0,16322.0
436.0,16143.0
437.0,16182.0
438.0,16004.0
439.0,16256.0
440.0,16353.0
441.0,16079.0
442.0,16135.0
443.0,16250.0
444.0,16366.0
445.0,16198.0
446.0,16320.0
447.0,16122.0
448.0,16224.0
449.0,16434.0
450.0,16303.0
451.0,16418.0
452.0,16032.0
453.0,16291.0
454.0,16235.0
455.0,16446.0
456.0,16280.0
457.0,16217.0
458.0,16198.0
459.0,16149.0
460.0,16312.0
461.0,16300.0
462.0,16189.0
463.0,16234.0
464.0,16215.0
465.0,16206.0
466.0,16486.0
467.0,16413.0
468.0,16312.0
469.0,16284.0
470.0,16343.0
471.0,16349.0
472.0,16364.0
473.0,16167.0
474.0,16297.0
475.0,16416.0
476.0,16503.0
477.0,16135.0
478.0,16313.0
479.0,16362.0
480.0,16589.0
481.0,16466.0
482.0,16399.0
483.0,16373.0
484.0,16110.0
485.0,16369.0
486.0,16251.0
487.0,16294.0
488.0,16351.0
489.0,16193.0
490.0,16187.0
491.0,16342.0
492.0,16520.0
493.0,16165.0
494.0,16335.0
495.0,16285.0
496.0,16419.0
497.0,16300.0
498.0,16140.0
499.0,16247.0
500.0,16163.0
501.0,16355.0
502.0,16334.0
503.0,16446.0
504.0,16161.0
505.0,16059.0
506.0,16206.0
507.0,16325.0
508.0,16096.0
509.0,16134.0
510.0,16124.0
511.0,16248.0
512.0,16259.0
513.0,16424.0
514.0,16063.0
515.0,16245.0
516.0,15941.0
517.0,16369.0
518.0,16114.0
519.0,16114.0
520.0,16036.0
521.0,15980.0
522.0,16028.0
523.0,16393.0
524.0,16029.0
525.0,15976.0
526.0,15913.0
527.0,16093.0
528.0,16096.0
529.0,16103.0
530.0,15780.0
531.0,15994.0
532.0,16127.0
533.0,16049.0
534.0,15947.0
535.0,16034.0
536.0,15917.0
537.0,15936.0
538.0,16045.0
539.0,15840.0
540.0,16027.0
541.0,15876.0
542.0,15811.0
543.0,15814.0
544.0,16042.0
545.0,15821.0
546.0,15723.0
547.0,15798.0
548.0,15767.0
549.0,15829.0
550.0,15837.0
551.0,15646.0
552.0,15676.0
553.0,15740.0
554.0,15768.0
555.0,15749.0
556.0,15640.0
557.0,15621.0
558.0,15747.0
559.0,15693.0
560.0,15630.0
561.0,15613.0
562.0,15580.0
563.0,15397.0
564.0,15510.0
565.0,15536.0
566.0,15630.0
567.0,15344.0
568.0,15419.0
569.0,15451.0
570.0,15482.0
571.0,15685.0
572.0,15319.0
573.0,15362.0
574.0,15615.0
575.0,15268.0
576.0,15464.0
577.0,15250.0
578.0,15376.0
579.0,15330.0
580.0,15403.0
581.0,15386.0
582.0,15075.0
583.0,15203.0
584.0,15149.0
585.0,15430.0
586.0,15157.0
587.0,15009.0
588.0,15129.0
589.0,15064.0
590.0,15296.0
591.0,15159.0
592.0,15151.0
593.0,14882.0
594.0,15122.0
595.0,15082.0
596.0,15023.0
597.0,14934.0
598.0,14962.0
599.0,14837.0
600.0,14751.0
601.0,14991.0
602.0,14943.0
603.0,14841.0
604.0,14756.0
605.0,14781.0
606.0,14745.0
607.0,14710.0
608.0,14669.0
609.0,14599.0
610.0,14737.0
611.0,14737.0
612.0,14659.0
613.0,14623.0
614.0,14439.0
615.0,14616.0
616.0,14589.0
617.0,14640.0
618.0,14433.0
619.0,14319.0
620.0,14397.0
621.0,14550.0
622.0,14517.0
623.0,14247.0
624.0,14405.0
625.0,14436.0
626.0,14450.0
627.0,14482.0
628.0,14162.0
629.0,14108.0
630.0,14178.0
631.0,14188.0
632.0,14200.0
633.0,14078.0
634.0,14082.0
635.0,14216.0
636.0,14056.0
637.0,14223.0
638.0,14118.0
639.0,13868.0
640.0,13812.0
641.0,14018.0
642.0,13928.0
643.0,13854.0
644.0,13689.0
645.0,13690.0
646.0,13932.0
647.0,13621.0
648.0,13787.0
649.0,13690.0
650.0,13768.0
651.0,13635.0
652.0,13705.0
653.0,13570.0
654.0,13569.0
655.0,13319.0
656.0,13558.0
657.0,13575.0
658.0,13477.0
659.0,13383.0
660.0,13270.0
661.0,13453.0
662.0,13392.0
663.0,13292.0
664.0,13145.0
665.0,13387.0
666.0,12994.0
667.0,13404.0
668.0,13141.0
669.0,13076.0
670.0,13179.0
671.0,13016.0
672.0,13167.0
673.0,13009.0
674.0,12907.0
675.0,12908.0
676.0,12854.0
677.0,12895.0
678.0,12891.0
679.0,12837.0
680.0,12738.0
681.0,12699.0
682.0,12762.0
683.0,12783.0
684.0,12661.0
685.0,12605.0
686.0,12547.0
687.0,12620.0
688.0,12657.0
689.0,12582.0
690.0,12383.0
691.0,12366.0
692.0,12405.0
693.0,12467.0
694.0,12394.0
695.0,12172.0
696.0,12218.0
697.0,12323.0
698.0,12234.0
699.0,12213.0
700.0,12029.0
701.0,12125.0
702.0,12040.0
703.0,12204.0
704.0,11956.0
705.0,11986.0
706.0,11900.0
707.0,11915.0
708.0,11955.0
709.0,11818.0
710.0,11765.0
711.0,11558.0
712.0,11867.0
713.0,11796.0
714.0,11597.0
715.0,11706.0
716.0,11544.0
717.0,11622.0
718.0,11515.0
719.0,11466.0
720.0,11441.0
721.0,11463.0
722.0,11536.0
723.0,11311.0
724.0,11457.0
725.0,11306.0
726.0,11122.0
727.0,11192.0
728.0,11379.0
729.0,11063.0
730.0,11127.0
731.0,10955.0
732.0,11003.0
733.0,10934.0
734.0,11117.0
735.0,10794.0
736.0,10666.0
737.0,10891.0
738.0,10779.0
739.0,10859.0
740.0,10692.0
741.0,10702.0
742.0,10580.0
743.0,10774.0
744.0,10581.0
745.0,10662.0
746.0,10458.0
747.0,10414.0
748.0,10481.0
749.0,10502.0
750.0,10377.0
751.0,10120.0
752.0,10300.0
753.0,10310.0
754.0,10204.0
755.0,10146.0
756.0,10151.0
757.0,9891.0
758.0,10053.0
759.0,9953.0
760.0,9952.0
761.0,9812.0
762.0,9779.0
763.0,9801.0
764.0,9771.0
765.0,9873.0
766.0,9645.0
767.0,9782.0
768.0,9638.0
769.0,9635.0
770.0,9667.0
771.0,9384.0
772.0,9398.0
773.0,9612.0
774.0,9432.0
775.0,9377.0
776.0,9276.0
777.0,9259.0
778.0,9423.0
779.0,9294.0
780.0,9212.0
781.0,9065.0
782.0,9156.0
783.0,9043.0
784.0,9013.0
785.0,8980.0
786.0,8855.0
787.0,8926.0
788.0,8667.0
789.0,8826.0
790.0,8854.0
791.0,8689.0
792.0,8590.0
793.0,8680.0
794.0,8592.0
795.0,8588.0
796.0,8498.0
797.0,8532.0
798.0,8463.0
799.0,8353.0
800.0,8379.0
801.0,8263.0
802.0,8144.0
803.0,8272.0
804.0,8235.0
805.0,8107.0
806.0,8053.0
807.0,7986.0
808.0,8160.0
809.0,7947.0
810.0,7966.0
811.0,7799.0
812.0,7940.0
813.0,7885.0
814.0,7866.0
815.0,7674.0
816.0,7625.0
817.0,7760.0
818.0,7581.0
819.0,7655.0
820.0,7634.0
821.0,7517.0
822.0,7420.0
823.0,7503.0
824.0,7521.0
825.0,7384.0
826.0,7383.0
827.0,7188.0
828.0,7274.0
829.0,7193.0
830.0,7236.0
831.0,7051.0
832.0,7086.0
833.0,7100.0
834.0,7057.0
835.0,6991.0
836.0,6935.0
837.0,6941.0
838.0,6867.0
839.0,6894.0
840.0,6822.0
841.0,6717.0
842.0,6726.0
843.0,6642.0
844.0,6724.0
845.0,6575.0
846.0,6569.0
847.0,6509.0
848.0,6468.0
849.0,6540.0
850.0,6406.0
851.0,6322.0
852.0,6306.0
853.0,6286.0
854.0,6304.0
855.0,6225.0
856.0,6202.0
857.0,6149.0
858.0,5997.0
859.0,6070.0
860.0,5991.0
861.0,5993.0
862.0,5949.0
863.0,5892.0
864.0,5937.0
865.0,5895.0
866.0,5840.0
867.0,5840.0
868.0,5785.0
869.0,5820.0
870.0,5697.0
871.0,5603.0
872.0,5586.0
873.0,5605.0
874.0,5470.0
875.0,5567.0
876.0,5447.0
877.0,5429.0
878.0,5400.0
879.0,5407.0
880.0,5363.0
881.0,5273.0
882.0,5310.0
883.0,5243.0
884.0,5214.0
885.0,5210.0
886.0,5081.0
887.0,5022.0
888.0,5088.0
889.0,5008.0
890.0,4960.0
891.0,4875.0
892.0,4895.0
893.0,4852.0
894.0,4892.0
895.0,4900.0
896.0,4754.0
897.0,4765.0
898.0,4789.0
899.0,4750.0
900.0,4574.0
901.0,4536.0
902.0,4571.0
903.0,4505.0
904.0,4483.0
905.0,4497.0
906.0,4451.0
907.0,4418.0
908.0,4442.0
909.0,4412.0
910.0,4295.0
911.0,4297.0
912.0,4300.0
913.0,4212.0
914.0,4203.0
915.0,4154.0
916.0,4091.0
917.0,4070.0
918.0,4143.0
919.0,4085.0
920.0,4236.0
921.0,4005.0
922.0,3979.0
923.0,3951.0
924.0,3848.0
925.0,3840.0
926.0,3875.0
927.0,3798.0
928.0,3843.0
929.0,3662.0
930.0,3660.0
931.0,3698.0
932.0,3602.0
933.0,3629.0
934.0,3599.0
935.0,3555.0
936.0,3558.0
937.0,3489.0
938.0,3494.0
939.0,3482.0
940.0,3439.0
941.0,3409.0
942.0,3436.0
943.0,3324.0
944.0,3223.0
945.0,3234.0
946.0,3169.0
947.0,3176.0
948.0,3299.0
949.0,3174.0
950.0,3131.0
951.0,3101.0
952.0,3104.0
953.0,3071.0
954.0,3080.0
955.0,2986.0
956.0,2970.0
957.0,2962.0
958.0,2880.0
959.0,2867.0
960.0,2815.0
961.0,2833.0
962.0,2851.0
963.0,2815.0
964.0,2807.0
965.0,2767.0
966.0,2739.0
967.0,2717.0
968.0,2702.0
969.0,2705.0
970.0,2562.0
971.0,2634.0
972.0,2496.0
973.0,2493.0
974.0,2458.0
975.0,2461.0
976.0,2443.0
977.0,2446.0
978.0,2444.0
979.0,2382.0
980.0,2416.0
981.0,2363.0
982.0,2339.0
983.0,2326.0
984.0,2311.0
985.0,2310.0
986.0,2094.0
987.0,2176.0
988.0,2164.0
989.0,2156.0
990.0,2106.0
991.0,2117.0
992.0,2122.0
993.0,2070.0
994.0,2041.0
995.0,2044.0
996.0,2035.0
997.0,2005.0
998.0,2010.0
999.0,1952.0
1000.0,1849.0
1001.0,1818.0
1002.0,1869.0
1003.0,1805.0
1004.0,1834.0
1005.0,1760.0
1006.0,1814.0
1007.0,1745.0
1008.0,1759.0
1009.0,1743.0
1010.0,1683.0
1011.0,1747.0
1012.0,1744.0
1013.0,1646.0
1014.0,1684.0
1015.0,1560.0
1016.0,1559.0
1017.0,1597.0
1018.0,1540.0
1019.0,1483.0
1020.0,1499.0
1021.0,1507.0
1022.0,1492.0
1023.0,1488.0
