0.0,803.0
1.0,1163.0
2.0,1149.0
3.0,1189.0
4.0,1254.0
5.0,1250.0
6.0,1299.0
7.0,1305.0
8.0,1310.0
9.0,1357.0
10.0,1404.0
11.0,1456.0
12.0,1468.0
13.0,1485.0
14.0,1507.0
15.0,1525.0
16.0,1609.0
17.0,1620.0
18.0,1655.0
19.0,1697.0
20.0,1716.0
21.0,1751.0
22.0,1743.0
23.0,1804.0
24.0,1878.0
25.0,1882.0
26.0,1905.0
27.0,1959.0
28.0,2008.0
29.0,2006.0
30.0,2047.0
31.0,2050.0
32.0,2131.0
33.0,2158.0
34.0,2143.0
35.0,2221.0
36.0,2262.0
37.0,2269.0
38.0,2357.0
39.0,2359.0
40.0,2413.0
41.0,2464.0
42.0,2439.0
43.0,2500.0
44.0,2548.0
45.0,2614.0
46.0,2676.0
47.0,2676.0
48.0,2763.0
49.0,2790.0
50.0,2842.0
51.0,2870.0
52.0,2903.0
53.0,2933.0
54.0,3002.0
55.0,3041.0
56.0,3093.0
57.0,3148.0
58.0,3192.0
59.0,3216.0
60.0,3184.0
61.0,3260.0
62.0,3319.0
63.0,3378.0
64.0,3407.0
65.0,3407.0
66.0,3576.0
67.0,3535.0
68.0,3615.0
69.0,3660.0
70.0,3724.0
71.0,3732.0
72.0,3783.0
73.0,3840.0
74.0,3834.0
75.0,3931.0
76.0,3951.0
77.0,3986.0
78.0,4081.0
79.0,4135.0
80.0,4139.0
81.0,4203.0
82.0,4246.0
83.0,4276.0
84.0,4270.0
85.0,4389.0
86.0,4407.0
87.0,4474.0
88.0,4447.0
89.0,4538.0
90.0,4699.0
91.0,4728.0
92.0,4689.0
93.0,4711.0
94.0,4876.0
95.0,4792.0
96.0,4998.0
97.0,4941.0
98.0,5005.0
99.0,4972.0
100.0,5114.0
101.0,5185.0
102.0,5270.0
103.0,5209.0
104.0,5212.0
105.0,5292.0
106.0,5396.0
107.0,5425.0
108.0,5531.0
109.0,5589.0
110.0,5465.0
111.0,5629.0
112.0,5645.0
113.0,5735.0
114.0,5808.0
115.0,5806.0
116.0,5776.0
117.0,5854.0
118.0,5967.0
119.0,6019.0
120.0,6077.0
121.0,6072.0
122.0,6174.0
123.0,6176.0
124.0,6219.0
125.0,6296.0
126.0,6342.0
127.0,6427.0
128.0,6397.0
129.0,6477.0
130.0,6587.0
131.0,6599.0
132.0,6603.0
133.0,6675.0
134.0,6670.0
135.0,6749.0
136.0,6885.0
137.0,6846.0
138.0,6859.0
139.0,6905.0
140.0,7106.0
141.0,7040.0
142.0,7247.0
143.0,7236.0
144.0,7136.0
145.0,7237.0
146.0,7342.0
147.0,7469.0
148.0,7529.0
149.0,7446.0
150.0,7604.0
151.0,7566.0
152.0,7622.0
153.0,7799.0
154.0,7805.0
155.0,7816.0
156.0,7936.0
157.0,7935.0
158.0,8035.0
159.0,8094.0
160.0,8040.0
161.0,8203.0
162.0,8257.0
163.0,8267.0
164.0,8382.0
165.0,8392.0
166.0,8460.0
167.0,8459.0
168.0,8526.0
169.0,8647.0
170.0,8725.0
171.0,8629.0
172.0,8839.0
173.0,8877.0
174.0,8746.0
175.0,9075.0
176.0,9010.0
177.0,9087.0
178.0,8943.0
179.0,9203.0
180.0,9335.0
181.0,9379.0
182.0,9264.0
183.0,9416.0
184.0,9356.0
185.0,9415.0
186.0,9738.0
187.0,9688.0
188.0,9763.0
189.0,9685.0
190.0,9669.0
191.0,9953.0
192.0,10036.0
193.0,9899.0
194.0,9992.0
195.0,10073.0
196.0,10164.0
197.0,10226.0
198.0,10247.0
199.0,10391.0
200.0,10373.0
201.0,10486.0
202.0,10508.0
203.0,10773.0
204.0,10501.0
205.0,10693.0
206.0,10750.0
207.0,10796.0
208.0,10780.0
209.0,10988.0
210.0,11025.0
211.0,11053.0
212.0,11147.0
213.0,11097.0
214.0,11326.0
215.0,11320.0
216.0,11288.0
217.0,11334.0
218.0,11493.0
219.0,11441.0
220.0,11673.0
221.0,11585.0
222.0,11650.0
223.0,11591.0
224.0,11745.0
225.0,11765.0
226.0,11852.0
227.0,11857.0
228.0,11880.0
229.0,11903.0
230.0,12037.0
231.0,12076.0
232.0,12141.0
233.0,12003.0
234.0,12099.0
235.0,12300.0
236.0,12274.0
237.0,12320.0
238.0,12292.0
239.0,12407.0
240.0,12416.0
241.0,12514.0
242.0,12640.0
243.0,12642.0
244.0,12383.0
245.0,12619.0
246.0,12624.0
247.0,12709.0
248.0,12969.0
249.0,12658.0
250.0,12814.0
251.0,12782.0
252.0,12931.0
253.0,12920.0
254.0,13075.0
255.0,12924.0
256.0,13026.0
257.0,13222.0
258.0,13284.0
259.0,13176.0
260.0,13198.0
261.0,13111.0
262.0,13308.0
263.0,13216.0
264.0,13606.0
265.0,13479.0
266.0,13279.0
267.0,13437.0
268.0,13544.0
269.0,13621.0
270.0,13516.0
271.0,13713.0
272.0,13494.0
273.0,13753.0
274.0,13602.0
275.0,13913.0
276.0,13807.0
277.0,13867.0
278.0,13657.0
279.0,13830.0
280.0,14020.0
281.0,13978.0
282.0,13810.0
283.0,13869.0
284.0,13873.0
285.0,14223.0
286.0,14256.0
287.0,14107.0
288.0,14069.0
289.0,13971.0
290.0,14272.0
291.0,14269.0
292.0,14264.0
293.0,14444.0
294.0,14126.0
295.0,14313.0
296.0,14286.0
297.0,14414.0
298.0,14473.0
299.0,14505.0
300.0,14449.0
301.0,14416.0
302.0,14471.0
303.0,14700.0
304.0,14628.0
305.0,14616.0
306.0,14504.0
307.0,14510.0
308.0,14897.0
309.0,14626.0
310.0,14737.0
311.0,14756.0
312.0,14744.0
313.0,15036.0
314.0,15005.0
315.0,14600.0
316.0,14892.0
317.0,14941.0
318.0,15080.0
319.0,15151.0
320.0,14912.0
321.0,14896.0
322.0,15023.0
323.0,15030.0
324.0,15157.0
325.0,15182.0
326.0,15244.0
327.0,15290.0
328.0,15060.0
329.0,15285.0
330.0,15387.0
331.0,15150.0
332.0,15235.0
333.0,15316.0
334.0,15470.0
335.0,15428.0
336.0,15480.0
337.0,15334.0
338.0,15358.0
339.0,15630.0
340.0,15460.0
341.0,15488.0
342.0,15660.0
343.0,15385.0
344.0,15489.0
345.0,15633.0
346.0,15656.0
347.0,15767.0
348.0,15981.0
349.0,15631.0
350.0,15790.0
351.0,15724.0
352.0,15879.0
353.0,15683.0
354.0,15779.0
355.0,15811.0
356.0,15880.0
357.0,15986.0
358.0,15886.0
359.0,15959.0
360.0,15980.0
361.0,15961.0
362.0,15885.0
363.0,16259.0
364.0,16169.0
365.0,15852.0
366.0,16091.0
367.0,16065.0
368.0,16387.0
369.0,16163.0
370.0,16074.0
371.0,16110.0
372.0,16290.0
373.0,16372.0
374.0,16373.0
375.0,16269.0
376.0,16173.0
377.0,16352.0
378.0,16211.0
379.0,16481.0
380.0,16421.0
381.0,16290.0
382.0,16411.0
383.0,16580.0
384.0,16562.0
385.0,16431.0
386.0,16574.0
387.0,16389.0
388.0,16475.0
389.0,16441.0
390.0,16738.0
391.0,16464.0
392.0,16548.0
393.0,16420.0
394.0,16717.0
395.0,16691.0
396.0,16612.0
397.0,16631.0
398.0,16502.0
399.0,16863.0
400.0,16830.0
401.0,16753.0
402.0,16852.0
403.0,16654.0
404.0,16927.0
405.0,16714.0
406.0,16851.0
407.0,16885.0
408.0,16864.0
409.0,16773.0
410.0,16886.0
411.0,17212.0
412.0,16962.0
413.0,16764.0
414.0,16990.0
415.0,16754.0
416.0,17122.0
417.0,17158.0
418.0,16986.0
419.0,16992.0
420.0,16934.0
421.0,17084.0
422.0,17167.0
423.0,17113.0
424.0,17061.0
425.0,17098.0
426.0,17155.0
427.0,17125.0
428.0,17104.0
429.0,17211.0
430.0,17032.0
431.0,17274.0
432.0,17185.0
433.0,17158.0
434.0,17345.0
435.0,17114.0
436.0,16988.0
437.0,17365.0
438.0,17348.0
439.0,17468.0
440.0,17167.0
441.0,17259.0
442.0,17403.0
443.0,17393.0
444.0,17352.0
445.0,17437.0
446.0,17246.0
447.0,17254.0
448.0,17460.0
449.0,17352.0
450.0,17540.0
451.0,17291.0
452.0,17157.0
453.0,17458.0
454.0,17452.0
455.0,17430.0
456.0,17419.0
457.0,17472.0
458.0,17229.0
459.0,17589.0
460.0,17486.0
461.0,17388.0
462.0,17695.0
463.0,17358.0
464.0,17505.0
465.0,17634.0
466.0,17391.0
467.0,17549.0
468.0,17501.0
469.0,17481.0
470.0,17630.0
471.0,17515.0
472.0,17366.0
473.0,17629.0
474.0,17395.0
475.0,17496.0
476.0,17754.0
477.0,17463.0
478.0,17413.0
479.0,17446.0
480.0,17544.0
481.0,17687.0
482.0,17700.0
483.0,17573.0
484.0,17447.0
485.0,17472.0
486.0,17664.0
487.0,17520.0
488.0,17747.0
489.0,17335.0
490.0,17534.0
491.0,17570.0
492.0,17712.0
493.0,17490.0
494.0,17409.0
495.0,17568.0
496.0,17427.0
497.0,17559.0
498.0,17502.0
499.0,17473.0
500.0,17336.0
501.0,17472.0
502.0,17582.0
503.0,17710.0
504.0,17421.0
505.0,17289.0
506.0,17364.0
507.0,17710.0
508.0,17494.0
509.0,17621.0
510.0,17338.0
511.0,17498.0
512.0,17288.0
513.0,17521.0
514.0,17530.0
515.0,17485.0
516.0,17522.0
517.0,17331.0
518.0,17533.0
519.0,17483.0
520.0,17515.0
521.0,17027.0
522.0,17471.0
523.0,17597.0
524.0,17344.0
525.0,17370.0
526.0,17316.0
527.0,17488.0
528.0,17337.0
529.0,17450.0
530.0,17335.0
531.0,17262.0
532.0,17336.0
533.0,17221.0
534.0,17360.0
535.0,17310.0
536.0,17346.0
537.0,17329.0
538.0,17099.0
539.0,17203.0
540.0,17459.0
541.0,17194.0
542.0,17105.0
543.0,16951.0
544.0,17278.0
545.0,17244.0
546.0,17261.0
547.0,16959.0
548.0,17215.0
549.0,17010.0
550.0,17427.0
551.0,17182.0
552.0,17106.0
553.0,16967.0
554.0,17053.0
555.0,16930.0
556.0,17051.0
557.0,17159.0
558.0,16825.0
559.0,17023.0
560.0,16947.0
561.0,16901.0
562.0,16833.0
563.0,16896.0
564.0,16699.0
565.0,16789.0
566.0,16912.0
567.0,16688.0
568.0,16907.0
569.0,16665.0
570.0,16846.0
571.0,16830.0
572.0,16698.0
573.0,16795.0
574.0,16432.0
575.0,16535.0
576.0,16686.0
577.0,16440.0
578.0,16788.0
579.0,16418.0
580.0,16673.0
581.0,16746.0
582.0,16772.0
583.0,16636.0
584.0,16476.0
585.0,16386.0
586.0,16366.0
587.0,16397.0
588.0,16400.0
589.0,16454.0
590.0,16275.0
591.0,16389.0
592.0,16334.0
593.0,16434.0
594.0,16222.0
595.0,16207.0
596.0,15986.0
597.0,16164.0
598.0,16172.0
599.0,16235.0
600.0,16091.0
601.0,15889.0
602.0,16189.0
603.0,16236.0
604.0,16086.0
605.0,15890.0
606.0,15916.0
607.0,15890.0
608.0,16013.0
609.0,15850.0
610.0,15989.0
611.0,15651.0
612.0,15767.0
613.0,15735.0
614.0,15956.0
615.0,15863.0
616.0,15620.0
617.0,15728.0
618.0,15588.0
619.0,15805.0
620.0,15590.0
621.0,15661.0
622.0,15524.0
623.0,15515.0
624.0,15574.0
625.0,15592.0
626.0,15567.0
627.0,15318.0
628.0,15383.0
629.0,15435.0
630.0,15486.0
631.0,15334.0
632.0,15221.0
633.0,15266.0
634.0,15412.0
635.0,15384.0
636.0,15334.0
637.0,15106.0
638.0,15097.0
639.0,15119.0
640.0,15220.0
641.0,15174.0
642.0,15038.0
643.0,14780.0
644.0,15053.0
645.0,15019.0
646.0,15014.0
647.0,14845.0
648.0,14828.0
649.0,14754.0
650.0,14926.0
651.0,14777.0
652.0,14654.0
653.0,14699.0
654.0,14678.0
655.0,14551.0
656.0,14702.0
657.0,14715.0
658.0,14529.0
659.0,14583.0
660.0,14485.0
661.0,14627.0
662.0,14368.0
663.0,14393.0
664.0,14381.0
665.0,14459.0
666.0,14189.0
667.0,14359.0
668.0,14298.0
669.0,14208.0
670.0,14139.0
671.0,14136.0
672.0,14133.0
673.0,14143.0
674.0,13835.0
675.0,14033.0
676.0,14243.0
677.0,13777.0
678.0,14047.0
679.0,13752.0
680.0,13855.0
681.0,13827.0
682.0,13895.0
683.0,13727.0
684.0,13623.0
685.0,13549.0
686.0,13423.0
687.0,13701.0
688.0,13588.0
689.0,13413.0
690.0,13490.0
691.0,13357.0
692.0,13657.0
693.0,13433.0
694.0,13451.0
695.0,13291.0
696.0,13367.0
697.0,13292.0
698.0,13277.0
699.0,13154.0
700.0,13176.0
701.0,13038.0
702.0,13185.0
703.0,13052.0
704.0,13090.0
705.0,12877.0
706.0,12790.0
707.0,12844.0
708.0,13115.0
709.0,12784.0
710.0,12677.0
711.0,12674.0
712.0,12843.0
713.0,12857.0
714.0,12755.0
715.0,12687.0
716.0,12447.0
717.0,12440.0
718.0,12561.0
719.0,12495.0
720.0,12422.0
721.0,12279.0
722.0,12440.0
723.0,12379.0
724.0,12338.0
725.0,12340.0
726.0,12267.0
727.0,12215.0
728.0,12042.0
729.0,12179.0
730.0,12221.0
731.0,11894.0
732.0,12078.0
733.0,11980.0
734.0,11977.0
735.0,11817.0
736.0,11837.0
737.0,11609.0
738.0,12087.0
739.0,11745.0
740.0,11735.0
741.0,11657.0
742.0,11597.0
743.0,11630.0
744.0,11502.0
745.0,11485.0
746.0,11482.0
747.0,11371.0
748.0,11449.0
749.0,11384.0
750.0,11373.0
751.0,11275.0
752.0,11149.0
753.0,11172.0
754.0,11156.0
755.0,11169.0
756.0,11020.0
757.0,11056.0
758.0,10949.0
759.0,10989.0
760.0,10926.0
761.0,10895.0
762.0,10763.0
763.0,10788.0
764.0,10877.0
765.0,10699.0
766.0,10758.0
767.0,10637.0
768.0,10529.0
769.0,10615.0
770.0,10509.0
771.0,10545.0
772.0,10395.0
773.0,10346.0
774.0,10388.0
775.0,10253.0
776.0,10344.0
777.0,10267.0
778.0,10217.0
779.0,10208.0
780.0,10152.0
781.0,10127.0
782.0,10195.0
783.0,10022.0
784.0,10041.0
785.0,10043.0
786.0,9962.0
787.0,9912.0
788.0,9712.0
789.0,9741.0
790.0,9773.0
791.0,9643.0
792.0,9577.0
793.0,9465.0
794.0,9493.0
795.0,9587.0
796.0,9555.0
797.0,9531.0
798.0,9324.0
799.0,9368.0
800.0,9404.0
801.0,9301.0
802.0,9214.0
803.0,9150.0
804.0,9063.0
805.0,9048.0
806.0,9195.0
807.0,8992.0
808.0,8985.0
809.0,8919.0
810.0,8924.0
811.0,8997.0
812.0,8788.0
813.0,8765.0
814.0,8757.0
815.0,8678.0
816.0,8593.0
817.0,8608.0
818.0,8685.0
819.0,8552.0
820.0,8457.0
821.0,8629.0
822.0,8330.0
823.0,8448.0
824.0,8333.0
825.0,8273.0
826.0,8318.0
827.0,8241.0
828.0,8186.0
829.0,8086.0
830.0,8081.0
831.0,8041.0
832.0,8183.0
833.0,7889.0
834.0,7906.0
835.0,7828.0
836.0,7888.0
837.0,7799.0
838.0,7798.0
839.0,7770.0
840.0,7743.0
841.0,7666.0
842.0,7667.0
843.0,7528.0
844.0,7504.0
845.0,7455.0
846.0,7524.0
847.0,7380.0
848.0,7417.0
849.0,7325.0
850.0,7261.0
851.0,7257.0
852.0,7181.0
853.0,7305.0
854.0,7010.0
855.0,7000.0
856.0,7019.0
857.0,7131.0
858.0,7053.0
859.0,6775.0
860.0,6951.0
861.0,6833.0
862.0,6801.0
863.0,6841.0
864.0,6682.0
865.0,6643.0
866.0,6684.0
867.0,6636.0
868.0,6646.0
869.0,6557.0
870.0,6579.0
871.0,6435.0
872.0,6420.0
873.0,6385.0
874.0,6258.0
875.0,6261.0
876.0,6146.0
877.0,6242.0
878.0,6230.0
879.0,6054.0
880.0,6132.0
881.0,6073.0
882.0,6080.0
883.0,6020.0
884.0,6045.0
885.0,5855.0
886.0,5841.0
887.0,5795.0
888.0,5870.0
889.0,5709.0
890.0,5658.0
891.0,5642.0
892.0,5705.0
893.0,5592.0
894.0,5567.0
895.0,5555.0
896.0,5480.0
897.0,5505.0
898.0,5476.0
899.0,5566.0
900.0,5189.0
901.0,5315.0
902.0,5224.0
903.0,5241.0
904.0,5249.0
905.0,5159.0
906.0,5091.0
907.0,5155.0
908.0,5085.0
909.0,5080.0
910.0,4925.0
911.0,4930.0
912.0,4963.0
913.0,4890.0
914.0,4940.0
915.0,4756.0
916.0,4783.0
917.0,4748.0
918.0,4729.0
919.0,4639.0
920.0,4601.0
921.0,4694.0
922.0,4564.0
923.0,4568.0
924.0,4528.0
925.0,4511.0
926.0,4474.0
927.0,4462.0
928.0,4403.0
929.0,4268.0
930.0,4345.0
931.0,4254.0
932.0,4196.0
933.0,4216.0
934.0,4171.0
935.0,4130.0
936.0,4066.0
937.0,4163.0
938.0,4142.0
939.0,4057.0
940.0,3978.0
941.0,3998.0
942.0,3986.0
943.0,3839.0
944.0,3822.0
945.0,3811.0
946.0,3759.0
947.0,3687.0
948.0,3717.0
949.0,3651.0
950.0,3699.0
951.0,3691.0
952.0,3613.0
953.0,3584.0
954.0,3638.0
955.0,3606.0
956.0,3520.0
957.0,3452.0
958.0,3410.0
959.0,3360.0
960.0,3339.0
961.0,3350.0
962.0,3317.0
963.0,3267.0
964.0,3326.0
965.0,3245.0
966.0,3220.0
967.0,3160.0
968.0,3197.0
969.0,3097.0
970.0,3149.0
971.0,3102.0
972.0,2979.0
973.0,3004.0
974.0,2905.0
975.0,2941.0
976.0,2893.0
977.0,2891.0
978.0,2876.0
979.0,2883.0
980.0,2786.0
981.0,2834.0
982.0,2798.0
983.0,2770.0
984.0,2703.0
985.0,2754.0
986.0,2595.0
987.0,2577.0
988.0,2623.0
989.0,2522.0
990.0,2514.0
991.0,2542.0
992.0,2503.0
993.0,2510.0
994.0,2443.0
995.0,2478.0
996.0,2442.0
997.0,2396.0
998.0,2435.0
999.0,2323.0
1000.0,2229.0
1001.0,2246.0
1002.0,2258.0
1003.0,2214.0
1004.0,2242.0
1005.0,2178.0
1006.0,2185.0
1007.0,2152.0
1008.0,2143.0
1009.0,2115.0
1010.0,2102.0
1011.0,2054.0
1012.0,2038.0
1013.0,2039.0
1014.0,2037.0
1015.0,1935.0
1016.0,1931.0
1017.0,1948.0
1018.0,1935.0
1019.0,1931.0
1020.0,1902.0
1021.0,1797.0
1022.0,1808.0
1023.0,1829.0
