0.0,103.0
1.0,128.0
2.0,159.0
3.0,209.0
4.0,205.0
5.0,208.0
6.0,215.0
7.0,188.0
8.0,220.0
9.0,205.0
10.0,223.0
11.0,225.0
12.0,229.0
13.0,224.0
14.0,210.0
15.0,230.0
16.0,219.0
17.0,228.0
18.0,210.0
19.0,220.0
20.0,224.0
21.0,243.0
22.0,218.0
23.0,234.0
24.0,241.0
25.0,215.0
26.0,244.0
27.0,234.0
28.0,219.0
29.0,247.0
30.0,245.0
31.0,226.0
32.0,262.0
33.0,245.0
34.0,246.0
35.0,241.0
36.0,247.0
37.0,260.0
38.0,238.0
39.0,270.0
40.0,235.0
41.0,252.0
42.0,266.0
43.0,249.0
44.0,274.0
45.0,268.0
46.0,241.0
47.0,284.0
48.0,303.0
49.0,307.0
50.0,294.0
51.0,307.0
52.0,285.0
53.0,322.0
54.0,306.0
55.0,302.0
56.0,322.0
57.0,311.0
58.0,308.0
59.0,317.0
60.0,311.0
61.0,320.0
62.0,314.0
63.0,303.0
64.0,311.0
65.0,315.0
66.0,320.0
67.0,284.0
68.0,343.0
69.0,341.0
70.0,328.0
71.0,325.0
72.0,304.0
73.0,317.0
74.0,359.0
75.0,336.0
76.0,337.0
77.0,334.0
78.0,336.0
79.0,314.0
80.0,343.0
81.0,356.0
82.0,332.0
83.0,360.0
84.0,336.0
85.0,341.0
86.0,348.0
87.0,361.0
88.0,349.0
89.0,359.0
90.0,352.0
91.0,363.0
92.0,355.0
93.0,344.0
94.0,367.0
95.0,355.0
96.0,359.0
97.0,387.0
98.0,361.0
99.0,384.0
100.0,376.0
101.0,370.0
102.0,369.0
103.0,363.0
104.0,394.0
105.0,378.0
106.0,371.0
107.0,392.0
108.0,388.0
109.0,397.0
110.0,398.0
111.0,395.0
112.0,391.0
113.0,400.0
114.0,386.0
115.0,395.0
116.0,390.0
117.0,401.0
118.0,409.0
119.0,416.0
120.0,397.0
121.0,394.0
122.0,401.0
123.0,399.0
124.0,395.0
125.0,408.0
126.0,398.0
127.0,381.0
128.0,430.0
129.0,425.0
130.0,443.0
131.0,422.0
132.0,427.0
133.0,411.0
134.0,433.0
135.0,438.0
136.0,437.0
137.0,453.0
138.0,443.0
139.0,441.0
140.0,408.0
141.0,437.0
142.0,433.0
143.0,454.0
144.0,444.0
145.0,459.0
146.0,458.0
147.0,455.0
148.0,449.0
149.0,468.0
150.0,464.0
151.0,489.0
152.0,446.0
153.0,471.0
154.0,476.0
155.0,470.0
156.0,434.0
157.0,477.0
158.0,469.0
159.0,478.0
160.0,480.0
161.0,467.0
162.0,493.0
163.0,496.0
164.0,505.0
165.0,480.0
166.0,503.0
167.0,494.0
168.0,496.0
169.0,507.0
170.0,519.0
171.0,514.0
172.0,492.0
173.0,491.0
174.0,507.0
175.0,501.0
176.0,518.0
177.0,516.0
178.0,507.0
179.0,503.0
180.0,519.0
181.0,516.0
182.0,503.0
183.0,506.0
184.0,530.0
185.0,515.0
186.0,546.0
187.0,520.0
188.0,525.0
189.0,533.0
190.0,528.0
191.0,540.0
192.0,547.0
193.0,534.0
194.0,560.0
195.0,547.0
196.0,542.0
197.0,561.0
198.0,545.0
199.0,560.0
200.0,563.0
201.0,535.0
202.0,540.0
203.0,581.0
204.0,569.0
205.0,567.0
206.0,562.0
207.0,598.0
208.0,562.0
209.0,577.0
210.0,572.0
211.0,571.0
212.0,557.0
213.0,605.0
214.0,558.0
215.0,578.0
216.0,603.0
217.0,604.0
218.0,584.0
219.0,581.0
220.0,577.0
221.0,617.0
222.0,616.0
223.0,607.0
224.0,598.0
225.0,591.0
226.0,613.0
227.0,628.0
228.0,592.0
229.0,617.0
230.0,605.0
231.0,604.0
232.0,618.0
233.0,616.0
234.0,601.0
235.0,630.0
236.0,625.0
237.0,630.0
238.0,636.0
239.0,615.0
240.0,606.0
241.0,649.0
242.0,651.0
243.0,637.0
244.0,673.0
245.0,634.0
246.0,626.0
247.0,659.0
248.0,629.0
249.0,657.0
250.0,637.0
251.0,634.0
252.0,676.0
253.0,667.0
254.0,697.0
255.0,666.0
256.0,663.0
257.0,674.0
258.0,678.0
259.0,683.0
260.0,682.0
261.0,697.0
262.0,676.0
263.0,694.0
264.0,677.0
265.0,693.0
266.0,674.0
267.0,699.0
268.0,681.0
269.0,703.0
270.0,688.0
271.0,704.0
272.0,715.0
273.0,692.0
274.0,700.0
275.0,704.0
276.0,710.0
277.0,717.0
278.0,740.0
279.0,693.0
280.0,735.0
281.0,699.0
282.0,724.0
283.0,724.0
284.0,737.0
285.0,729.0
286.0,707.0
287.0,748.0
288.0,727.0
289.0,721.0
290.0,747.0
291.0,737.0
292.0,751.0
293.0,761.0
294.0,740.0
295.0,757.0
296.0,780.0
297.0,766.0
298.0,741.0
299.0,762.0
300.0,769.0
301.0,768.0
302.0,786.0
303.0,762.0
304.0,771.0
305.0,791.0
306.0,747.0
307.0,809.0
308.0,772.0
309.0,767.0
310.0,742.0
311.0,769.0
312.0,793.0
313.0,754.0
314.0,772.0
315.0,760.0
316.0,767.0
317.0,818.0
318.0,791.0
319.0,778.0
320.0,817.0
321.0,801.0
322.0,807.0
323.0,838.0
324.0,778.0
325.0,790.0
326.0,809.0
327.0,846.0
328.0,792.0
329.0,806.0
330.0,812.0
331.0,809.0
332.0,811.0
333.0,810.0
334.0,807.0
335.0,814.0
336.0,813.0
337.0,841.0
338.0,841.0
339.0,821.0
340.0,823.0
341.0,835.0
342.0,822.0
343.0,833.0
344.0,822.0
345.0,851.0
346.0,863.0
347.0,824.0
348.0,836.0
349.0,856.0
350.0,847.0
351.0,844.0
352.0,863.0
353.0,848.0
354.0,831.0
355.0,825.0
356.0,858.0
357.0,879.0
358.0,839.0
359.0,858.0
360.0,865.0
361.0,863.0
362.0,890.0
363.0,873.0
364.0,890.0
365.0,827.0
366.0,882.0
367.0,903.0
368.0,897.0
369.0,883.0
370.0,899.0
371.0,892.0
372.0,875.0
373.0,909.0
374.0,876.0
375.0,875.0
376.0,896.0
377.0,872.0
378.0,899.0
379.0,894.0
380.0,906.0
381.0,866.0
382.0,877.0
383.0,885.0
384.0,918.0
385.0,907.0
386.0,896.0
387.0,893.0
388.0,934.0
389.0,907.0
390.0,882.0
391.0,907.0
392.0,910.0
393.0,925.0
394.0,898.0
395.0,921.0
396.0,898.0
397.0,881.0
398.0,907.0
399.0,911.0
400.0,916.0
401.0,925.0
402.0,908.0
403.0,928.0
404.0,891.0
405.0,923.0
406.0,889.0
407.0,908.0
408.0,917.0
409.0,921.0
410.0,908.0
411.0,909.0
412.0,961.0
413.0,925.0
414.0,928.0
415.0,918.0
416.0,910.0
417.0,926.0
418.0,926.0
419.0,916.0
420.0,914.0
421.0,914.0
422.0,957.0
423.0,950.0
424.0,929.0
425.0,953.0
426.0,935.0
427.0,948.0
428.0,953.0
429.0,922.0
430.0,949.0
431.0,924.0
432.0,975.0
433.0,943.0
434.0,954.0
435.0,926.0
436.0,972.0
437.0,943.0
438.0,949.0
439.0,953.0
440.0,948.0
441.0,933.0
442.0,978.0
443.0,954.0
444.0,932.0
445.0,921.0
446.0,908.0
447.0,960.0
448.0,947.0
449.0,946.0
450.0,940.0
451.0,953.0
452.0,944.0
453.0,929.0
454.0,970.0
455.0,946.0
456.0,953.0
457.0,934.0
458.0,961.0
459.0,947.0
460.0,976.0
461.0,958.0
462.0,945.0
463.0,949.0
464.0,968.0
465.0,946.0
466.0,931.0
467.0,975.0
468.0,954.0
469.0,951.0
470.0,938.0
471.0,940.0
472.0,921.0
473.0,955.0
474.0,947.0
475.0,981.0
476.0,952.0
477.0,944.0
478.0,959.0
479.0,935.0
480.0,927.0
481.0,961.0
482.0,917.0
483.0,945.0
484.0,926.0
485.0,955.0
486.0,953.0
487.0,937.0
488.0,937.0
489.0,974.0
490.0,966.0
491.0,943.0
492.0,939.0
493.0,940.0
494.0,948.0
495.0,945.0
496.0,947.0
497.0,931.0
498.0,946.0
499.0,913.0
500.0,935.0
501.0,949.0
502.0,960.0
503.0,934.0
504.0,922.0
505.0,952.0
506.0,942.0
507.0,932.0
508.0,921.0
509.0,913.0
510.0,915.0
511.0,932.0
512.0,940.0
513.0,931.0
514.0,939.0
515.0,937.0
516.0,938.0
517.0,933.0
518.0,943.0
519.0,965.0
520.0,912.0
521.0,922.0
522.0,938.0
523.0,962.0
524.0,929.0
525.0,900.0
526.0,929.0
527.0,930.0
528.0,885.0
529.0,927.0
530.0,943.0
531.0,956.0
532.0,922.0
533.0,905.0
534.0,928.0
535.0,908.0
536.0,915.0
537.0,951.0
538.0,919.0
539.0,889.0
540.0,902.0
541.0,906.0
542.0,890.0
543.0,920.0
544.0,898.0
545.0,907.0
546.0,918.0
547.0,929.0
548.0,882.0
549.0,910.0
550.0,930.0
551.0,899.0
552.0,910.0
553.0,930.0
554.0,896.0
555.0,897.0
556.0,918.0
557.0,899.0
558.0,886.0
559.0,884.0
560.0,884.0
561.0,879.0
562.0,892.0
563.0,901.0
564.0,901.0
565.0,865.0
566.0,881.0
567.0,901.0
568.0,869.0
569.0,868.0
570.0,863.0
571.0,897.0
572.0,859.0
573.0,868.0
574.0,867.0
575.0,914.0
576.0,892.0
577.0,864.0
578.0,870.0
579.0,900.0
580.0,884.0
581.0,859.0
582.0,852.0
583.0,836.0
584.0,879.0
585.0,850.0
586.0,855.0
587.0,847.0
588.0,847.0
589.0,867.0
590.0,862.0
591.0,848.0
592.0,851.0
593.0,825.0
594.0,824.0
595.0,809.0
596.0,836.0
597.0,816.0
598.0,842.0
599.0,851.0
600.0,853.0
601.0,867.0
602.0,837.0
603.0,836.0
604.0,831.0
605.0,834.0
606.0,841.0
607.0,812.0
608.0,841.0
609.0,801.0
610.0,830.0
611.0,847.0
612.0,808.0
613.0,820.0
614.0,822.0
615.0,806.0
616.0,802.0
617.0,804.0
618.0,805.0
619.0,779.0
620.0,825.0
621.0,808.0
622.0,820.0
623.0,796.0
624.0,805.0
625.0,789.0
626.0,781.0
627.0,808.0
628.0,823.0
629.0,796.0
630.0,793.0
631.0,784.0
632.0,776.0
633.0,804.0
634.0,788.0
635.0,817.0
636.0,792.0
637.0,778.0
638.0,778.0
639.0,780.0
640.0,793.0
641.0,759.0
642.0,791.0
643.0,768.0
644.0,784.0
645.0,773.0
646.0,750.0
647.0,759.0
648.0,746.0
649.0,778.0
650.0,772.0
651.0,771.0
652.0,762.0
653.0,743.0
654.0,746.0
655.0,729.0
656.0,789.0
657.0,754.0
658.0,730.0
659.0,728.0
660.0,759.0
661.0,730.0
662.0,737.0
663.0,744.0
664.0,728.0
665.0,734.0
666.0,746.0
667.0,726.0
668.0,744.0
669.0,744.0
670.0,740.0
671.0,730.0
672.0,693.0
673.0,713.0
674.0,708.0
675.0,709.0
676.0,694.0
677.0,686.0
678.0,711.0
679.0,685.0
680.0,693.0
681.0,697.0
682.0,700.0
683.0,714.0
684.0,716.0
685.0,716.0
686.0,694.0
687.0,678.0
688.0,669.0
689.0,674.0
690.0,1541.0
691.0,2859.0
692.0,710.0
693.0,678.0
694.0,683.0
695.0,647.0
696.0,665.0
697.0,641.0
698.0,657.0
699.0,664.0
700.0,663.0
701.0,669.0
702.0,647.0
703.0,661.0
704.0,656.0
705.0,644.0
706.0,664.0
707.0,665.0
708.0,650.0
709.0,662.0
710.0,648.0
711.0,637.0
712.0,635.0
713.0,644.0
714.0,645.0
715.0,633.0
716.0,598.0
717.0,653.0
718.0,603.0
719.0,627.0
720.0,632.0
721.0,646.0
722.0,584.0
723.0,615.0
724.0,589.0
725.0,622.0
726.0,608.0
727.0,585.0
728.0,602.0
729.0,609.0
730.0,596.0
731.0,623.0
732.0,569.0
733.0,566.0
734.0,611.0
735.0,575.0
736.0,568.0
737.0,579.0
738.0,580.0
739.0,588.0
740.0,561.0
741.0,575.0
742.0,587.0
743.0,566.0
744.0,574.0
745.0,561.0
746.0,572.0
747.0,540.0
748.0,552.0
749.0,552.0
750.0,546.0
751.0,528.0
752.0,553.0
753.0,550.0
754.0,547.0
755.0,544.0
756.0,499.0
757.0,540.0
758.0,527.0
759.0,566.0
760.0,511.0
761.0,516.0
762.0,521.0
763.0,492.0
764.0,540.0
765.0,508.0
766.0,540.0
767.0,522.0
768.0,510.0
769.0,519.0
770.0,497.0
771.0,487.0
772.0,482.0
773.0,486.0
774.0,496.0
775.0,511.0
776.0,508.0
777.0,502.0
778.0,509.0
779.0,494.0
780.0,501.0
781.0,472.0
782.0,494.0
783.0,444.0
784.0,498.0
785.0,501.0
786.0,471.0
787.0,457.0
788.0,485.0
789.0,474.0
790.0,458.0
791.0,461.0
792.0,450.0
793.0,451.0
794.0,451.0
795.0,440.0
796.0,470.0
797.0,463.0
798.0,471.0
799.0,452.0
800.0,463.0
801.0,456.0
802.0,434.0
803.0,427.0
804.0,428.0
805.0,452.0
806.0,436.0
807.0,440.0
808.0,416.0
809.0,443.0
810.0,407.0
811.0,445.0
812.0,446.0
813.0,405.0
814.0,436.0
815.0,425.0
816.0,430.0
817.0,411.0
818.0,428.0
819.0,432.0
820.0,410.0
821.0,422.0
822.0,416.0
823.0,435.0
824.0,411.0
825.0,428.0
826.0,412.0
827.0,402.0
828.0,409.0
829.0,402.0
830.0,401.0
831.0,402.0
832.0,403.0
833.0,389.0
834.0,410.0
835.0,414.0
836.0,397.0
837.0,371.0
838.0,383.0
839.0,378.0
840.0,408.0
841.0,386.0
842.0,389.0
843.0,395.0
844.0,395.0
845.0,360.0
846.0,412.0
847.0,387.0
848.0,381.0
849.0,371.0
850.0,385.0
851.0,382.0
852.0,357.0
853.0,380.0
854.0,360.0
855.0,376.0
856.0,390.0
857.0,373.0
858.0,334.0
859.0,380.0
860.0,338.0
861.0,337.0
862.0,381.0
863.0,346.0
864.0,368.0
865.0,367.0
866.0,353.0
867.0,370.0
868.0,349.0
869.0,364.0
870.0,338.0
871.0,351.0
872.0,354.0
873.0,349.0
874.0,366.0
875.0,352.0
876.0,348.0
877.0,359.0
878.0,351.0
879.0,339.0
880.0,356.0
881.0,354.0
882.0,367.0
883.0,331.0
884.0,343.0
885.0,342.0
886.0,340.0
887.0,332.0
888.0,340.0
889.0,349.0
890.0,353.0
891.0,336.0
892.0,343.0
893.0,321.0
894.0,331.0
895.0,349.0
896.0,318.0
897.0,331.0
898.0,328.0
899.0,322.0
900.0,313.0
901.0,328.0
902.0,318.0
903.0,335.0
904.0,346.0
905.0,326.0
906.0,329.0
907.0,314.0
908.0,314.0
909.0,315.0
910.0,321.0
911.0,332.0
912.0,328.0
913.0,314.0
914.0,323.0
915.0,337.0
916.0,331.0
917.0,323.0
918.0,341.0
919.0,302.0
920.0,310.0
921.0,328.0
922.0,324.0
923.0,320.0
924.0,316.0
925.0,334.0
926.0,299.0
927.0,316.0
928.0,325.0
929.0,307.0
930.0,333.0
931.0,325.0
932.0,284.0
933.0,299.0
934.0,305.0
935.0,322.0
936.0,285.0
937.0,307.0
938.0,307.0
939.0,284.0
940.0,305.0
941.0,298.0
942.0,302.0
943.0,298.0
944.0,290.0
945.0,313.0
946.0,285.0
947.0,289.0
948.0,285.0
949.0,301.0
950.0,279.0
951.0,299.0
952.0,301.0
953.0,299.0
954.0,282.0
955.0,313.0
956.0,290.0
957.0,302.0
958.0,308.0
959.0,309.0
960.0,291.0
961.0,304.0
962.0,304.0
963.0,316.0
964.0,287.0
965.0,312.0
966.0,305.0
967.0,303.0
968.0,295.0
969.0,302.0
970.0,303.0
971.0,308.0
972.0,287.0
973.0,293.0
974.0,262.0
975.0,285.0
976.0,294.0
977.0,277.0
978.0,264.0
979.0,294.0
980.0,272.0
981.0,283.0
982.0,300.0
983.0,309.0
984.0,293.0
985.0,304.0
986.0,292.0
987.0,298.0
988.0,289.0
989.0,287.0
990.0,296.0
991.0,288.0
992.0,298.0
993.0,295.0
994.0,296.0
995.0,289.0
996.0,290.0
997.0,287.0
998.0,294.0
999.0,319.0
1000.0,290.0
1001.0,289.0
1002.0,259.0
1003.0,272.0
1004.0,275.0
1005.0,309.0
1006.0,313.0
1007.0,296.0
1008.0,282.0
1009.0,287.0
1010.0,302.0
1011.0,276.0
1012.0,299.0
1013.0,263.0
1014.0,268.0
1015.0,305.0
1016.0,305.0
1017.0,269.0
1018.0,305.0
1019.0,268.0
1020.0,288.0
1021.0,275.0
1022.0,292.0
1023.0,282.0
