0.0,270.0
1.0,507.0
2.0,498.0
3.0,496.0
4.0,521.0
5.0,511.0
6.0,545.0
7.0,583.0
8.0,561.0
9.0,569.0
10.0,575.0
11.0,581.0
12.0,608.0
13.0,598.0
14.0,603.0
15.0,641.0
16.0,627.0
17.0,622.0
18.0,654.0
19.0,626.0
20.0,638.0
21.0,657.0
22.0,662.0
23.0,665.0
24.0,690.0
25.0,701.0
26.0,697.0
27.0,717.0
28.0,711.0
29.0,717.0
30.0,727.0
31.0,710.0
32.0,746.0
33.0,735.0
34.0,746.0
35.0,775.0
36.0,745.0
37.0,769.0
38.0,815.0
39.0,785.0
40.0,781.0
41.0,800.0
42.0,809.0
43.0,821.0
44.0,825.0
45.0,823.0
46.0,858.0
47.0,856.0
48.0,851.0
49.0,842.0
50.0,857.0
51.0,907.0
52.0,898.0
53.0,918.0
54.0,895.0
55.0,929.0
56.0,933.0
57.0,913.0
58.0,971.0
59.0,975.0
60.0,989.0
61.0,1016.0
62.0,1046.0
63.0,1021.0
64.0,1020.0
65.0,1046.0
66.0,1047.0
67.0,1028.0
68.0,1033.0
69.0,1093.0
70.0,1093.0
71.0,1083.0
72.0,1089.0
73.0,1073.0
74.0,1103.0
75.0,1130.0
76.0,1156.0
77.0,1158.0
78.0,1156.0
79.0,1176.0
80.0,1220.0
81.0,1178.0
82.0,1222.0
83.0,1201.0
84.0,1245.0
85.0,1220.0
86.0,1247.0
87.0,1251.0
88.0,1264.0
89.0,1280.0
90.0,1301.0
91.0,1249.0
92.0,1294.0
93.0,1294.0
94.0,1343.0
95.0,1313.0
96.0,1382.0
97.0,1346.0
98.0,1342.0
99.0,1371.0
100.0,1362.0
101.0,1394.0
102.0,1431.0
103.0,1383.0
104.0,1386.0
105.0,1445.0
106.0,1422.0
107.0,1451.0
108.0,1486.0
109.0,1504.0
110.0,1471.0
111.0,1458.0
112.0,1545.0
113.0,1542.0
114.0,1536.0
115.0,1559.0
116.0,1597.0
117.0,1575.0
118.0,1583.0
119.0,1599.0
120.0,1602.0
121.0,1622.0
122.0,1647.0
123.0,1659.0
124.0,1650.0
125.0,1699.0
126.0,1664.0
127.0,1769.0
128.0,1702.0
129.0,1704.0
130.0,1707.0
131.0,1736.0
132.0,1749.0
133.0,1784.0
134.0,1815.0
135.0,1772.0
136.0,1830.0
137.0,1777.0
138.0,1834.0
139.0,1866.0
140.0,1832.0
141.0,1875.0
142.0,1887.0
143.0,1916.0
144.0,1901.0
145.0,1932.0
146.0,1952.0
147.0,1952.0
148.0,1964.0
149.0,1968.0
150.0,1971.0
151.0,2021.0
152.0,2020.0
153.0,2052.0
154.0,2048.0
155.0,2044.0
156.0,2042.0
157.0,2134.0
158.0,2099.0
159.0,2153.0
160.0,2119.0
161.0,2179.0
162.0,2163.0
163.0,2161.0
164.0,2236.0
165.0,2203.0
166.0,2149.0
167.0,2243.0
168.0,2237.0
169.0,2276.0
170.0,2322.0
171.0,2290.0
172.0,2318.0
173.0,2367.0
174.0,2342.0
175.0,2335.0
176.0,2423.0
177.0,2410.0
178.0,2428.0
179.0,2449.0
180.0,2442.0
181.0,2436.0
182.0,2480.0
183.0,2478.0
184.0,2502.0
185.0,2538.0
186.0,2545.0
187.0,2586.0
188.0,2556.0
189.0,2609.0
190.0,2622.0
191.0,2590.0
192.0,2655.0
193.0,2616.0
194.0,2652.0
195.0,2632.0
196.0,2695.0
197.0,2707.0
198.0,2679.0
199.0,2754.0
200.0,2718.0
201.0,2705.0
202.0,2755.0
203.0,2753.0
204.0,2749.0
205.0,2904.0
206.0,2900.0
207.0,2835.0
208.0,2914.0
209.0,2872.0
210.0,2969.0
211.0,2894.0
212.0,2935.0
213.0,2957.0
214.0,2949.0
215.0,2958.0
216.0,3028.0
217.0,2973.0
218.0,3001.0
219.0,3040.0
220.0,3070.0
221.0,3080.0
222.0,2966.0
223.0,3123.0
224.0,3137.0
225.0,3106.0
226.0,3152.0
227.0,3168.0
228.0,3204.0
229.0,3208.0
230.0,3157.0
231.0,3220.0
232.0,3215.0
233.0,3245.0
234.0,3207.0
235.0,3288.0
236.0,3305.0
237.0,3305.0
238.0,3350.0
239.0,3324.0
240.0,3407.0
241.0,3356.0
242.0,3409.0
243.0,3385.0
244.0,3371.0
245.0,3455.0
246.0,3537.0
247.0,3400.0
248.0,3464.0
249.0,3523.0
250.0,3495.0
251.0,3442.0
252.0,3549.0
253.0,3546.0
254.0,3528.0
255.0,3576.0
256.0,3589.0
257.0,3635.0
258.0,3656.0
259.0,3592.0
260.0,3593.0
261.0,3646.0
262.0,3661.0
263.0,3710.0
264.0,3680.0
265.0,3720.0
266.0,3758.0
267.0,3765.0
268.0,3704.0
269.0,3796.0
270.0,3795.0
271.0,3762.0
272.0,3839.0
273.0,3824.0
274.0,3868.0
275.0,3794.0
276.0,3884.0
277.0,3895.0
278.0,3908.0
279.0,3932.0
280.0,3897.0
281.0,3938.0
282.0,3912.0
283.0,4000.0
284.0,3947.0
285.0,3974.0
286.0,4040.0
287.0,3985.0
288.0,4022.0
289.0,4041.0
290.0,4012.0
291.0,4031.0
292.0,4068.0
293.0,4079.0
294.0,4106.0
295.0,4075.0
296.0,4184.0
297.0,4211.0
298.0,4203.0
299.0,4141.0
300.0,4176.0
301.0,4193.0
302.0,4224.0
303.0,4201.0
304.0,4229.0
305.0,4232.0
306.0,4194.0
307.0,4324.0
308.0,4280.0
309.0,4280.0
310.0,4318.0
311.0,4398.0
312.0,4395.0
313.0,4315.0
314.0,4355.0
315.0,4382.0
316.0,4390.0
317.0,4399.0
318.0,4474.0
319.0,4408.0
320.0,4398.0
321.0,4535.0
322.0,4442.0
323.0,4482.0
324.0,4540.0
325.0,4517.0
326.0,4610.0
327.0,4500.0
328.0,4514.0
329.0,4554.0
330.0,4590.0
331.0,4460.0
332.0,4565.0
333.0,4600.0
334.0,4617.0
335.0,4641.0
336.0,4641.0
337.0,4590.0
338.0,4717.0
339.0,4681.0
340.0,4694.0
341.0,4729.0
342.0,4721.0
343.0,4736.0
344.0,4751.0
345.0,4722.0
346.0,4717.0
347.0,4803.0
348.0,4754.0
349.0,4818.0
350.0,4793.0
351.0,4784.0
352.0,4736.0
353.0,4850.0
354.0,4781.0
355.0,4882.0
356.0,4804.0
357.0,4809.0
358.0,4908.0
359.0,4913.0
360.0,4948.0
361.0,4842.0
362.0,4931.0
363.0,4913.0
364.0,4924.0
365.0,5035.0
366.0,4948.0
367.0,5089.0
368.0,4976.0
369.0,4940.0
370.0,5011.0
371.0,5061.0
372.0,5055.0
373.0,5014.0
374.0,5085.0
375.0,5134.0
376.0,5078.0
377.0,5122.0
378.0,5054.0
379.0,5140.0
380.0,5051.0
381.0,5110.0
382.0,5107.0
383.0,5182.0
384.0,5158.0
385.0,5170.0
386.0,5238.0
387.0,5209.0
388.0,5202.0
389.0,5172.0
390.0,5283.0
391.0,5182.0
392.0,5260.0
393.0,5314.0
394.0,5209.0
395.0,5218.0
396.0,5300.0
397.0,5267.0
398.0,5281.0
399.0,5284.0
400.0,5306.0
401.0,5386.0
402.0,5308.0
403.0,5388.0
404.0,5314.0
405.0,5324.0
406.0,5304.0
407.0,5325.0
408.0,5319.0
409.0,5370.0
410.0,5331.0
411.0,5450.0
412.0,5471.0
413.0,5367.0
414.0,5422.0
415.0,5394.0
416.0,5463.0
417.0,5420.0
418.0,5475.0
419.0,5410.0
420.0,5482.0
421.0,5427.0
422.0,5536.0
423.0,5473.0
424.0,5474.0
425.0,5521.0
426.0,5515.0
427.0,5452.0
428.0,5502.0
429.0,5579.0
430.0,5512.0
431.0,5479.0
432.0,5512.0
433.0,5494.0
434.0,5546.0
435.0,5490.0
436.0,5591.0
437.0,5524.0
438.0,5554.0
439.0,5480.0
440.0,5524.0
441.0,5569.0
442.0,5643.0
443.0,5654.0
444.0,5622.0
445.0,5589.0
446.0,5577.0
447.0,5556.0
448.0,5606.0
449.0,5500.0
450.0,5634.0
451.0,5602.0
452.0,5514.0
453.0,5588.0
454.0,5714.0
455.0,5601.0
456.0,5625.0
457.0,5542.0
458.0,5631.0
459.0,5574.0
460.0,5645.0
461.0,5595.0
462.0,5599.0
463.0,5656.0
464.0,5721.0
465.0,5678.0
466.0,5572.0
467.0,5660.0
468.0,5707.0
469.0,5706.0
470.0,5689.0
471.0,5655.0
472.0,5623.0
473.0,5662.0
474.0,5676.0
475.0,5669.0
476.0,5656.0
477.0,5686.0
478.0,5715.0
479.0,5665.0
480.0,5655.0
481.0,5689.0
482.0,5648.0
483.0,5674.0
484.0,5634.0
485.0,5620.0
486.0,5659.0
487.0,5757.0
488.0,5686.0
489.0,5667.0
490.0,5698.0
491.0,5638.0
492.0,5622.0
493.0,5642.0
494.0,5667.0
495.0,5661.0
496.0,5687.0
497.0,5650.0
498.0,5586.0
499.0,5687.0
500.0,5632.0
501.0,5608.0
502.0,5616.0
503.0,5588.0
504.0,5661.0
505.0,5626.0
506.0,5589.0
507.0,5686.0
508.0,5615.0
509.0,5637.0
510.0,5612.0
511.0,5611.0
512.0,5602.0
513.0,5657.0
514.0,5617.0
515.0,5542.0
516.0,5617.0
517.0,5597.0
518.0,5617.0
519.0,5579.0
520.0,5525.0
521.0,5497.0
522.0,5623.0
523.0,5541.0
524.0,5513.0
525.0,5545.0
526.0,5589.0
527.0,5561.0
528.0,5534.0
529.0,5552.0
530.0,5516.0
531.0,5628.0
532.0,5470.0
533.0,5540.0
534.0,5534.0
535.0,5463.0
536.0,5500.0
537.0,5567.0
538.0,5488.0
539.0,5559.0
540.0,5443.0
541.0,5437.0
542.0,5481.0
543.0,5545.0
544.0,5530.0
545.0,5384.0
546.0,5369.0
547.0,5472.0
548.0,5328.0
549.0,5458.0
550.0,5358.0
551.0,5468.0
552.0,5358.0
553.0,5352.0
554.0,5313.0
555.0,5384.0
556.0,5370.0
557.0,5330.0
558.0,5419.0
559.0,5319.0
560.0,5409.0
561.0,5318.0
562.0,5268.0
563.0,5317.0
564.0,5268.0
565.0,5299.0
566.0,5379.0
567.0,5261.0
568.0,5252.0
569.0,5329.0
570.0,5276.0
571.0,5273.0
572.0,5292.0
573.0,5227.0
574.0,5276.0
575.0,5220.0
576.0,5123.0
577.0,5285.0
578.0,5261.0
579.0,5166.0
580.0,5243.0
581.0,5169.0
582.0,5144.0
583.0,5196.0
584.0,5154.0
585.0,5116.0
586.0,5167.0
587.0,5225.0
588.0,5161.0
589.0,5029.0
590.0,5150.0
591.0,5122.0
592.0,5086.0
593.0,5100.0
594.0,5039.0
595.0,5078.0
596.0,5009.0
597.0,5039.0
598.0,4991.0
599.0,4976.0
600.0,4988.0
601.0,5038.0
602.0,4950.0
603.0,4894.0
604.0,5039.0
605.0,4908.0
606.0,4955.0
607.0,4974.0
608.0,4852.0
609.0,4985.0
610.0,4922.0
611.0,4924.0
612.0,4869.0
613.0,4873.0
614.0,4868.0
615.0,4785.0
616.0,4899.0
617.0,4850.0
618.0,4878.0
619.0,4880.0
620.0,4826.0
621.0,4785.0
622.0,4875.0
623.0,4788.0
624.0,4728.0
625.0,4764.0
626.0,4731.0
627.0,4736.0
628.0,4748.0
629.0,4676.0
630.0,4712.0
631.0,4736.0
632.0,4672.0
633.0,4762.0
634.0,4588.0
635.0,4664.0
636.0,4607.0
637.0,4622.0
638.0,4528.0
639.0,4579.0
640.0,4587.0
641.0,4574.0
642.0,4482.0
643.0,4602.0
644.0,4549.0
645.0,4437.0
646.0,4536.0
647.0,4455.0
648.0,4469.0
649.0,4462.0
650.0,4393.0
651.0,4431.0
652.0,4397.0
653.0,4426.0
654.0,4394.0
655.0,4379.0
656.0,4399.0
657.0,4412.0
658.0,4391.0
659.0,4366.0
660.0,4296.0
661.0,4377.0
662.0,4274.0
663.0,4327.0
664.0,4184.0
665.0,4290.0
666.0,4263.0
667.0,4235.0
668.0,4229.0
669.0,4217.0
670.0,4243.0
671.0,4208.0
672.0,4111.0
673.0,4148.0
674.0,4158.0
675.0,4108.0
676.0,4163.0
677.0,4110.0
678.0,4019.0
679.0,4069.0
680.0,4045.0
681.0,4061.0
682.0,4037.0
683.0,3952.0
684.0,4043.0
685.0,3966.0
686.0,4004.0
687.0,3989.0
688.0,3981.0
689.0,3962.0
690.0,3877.0
691.0,3976.0
692.0,3937.0
693.0,3880.0
694.0,3815.0
695.0,3860.0
696.0,3883.0
697.0,3832.0
698.0,3821.0
699.0,3778.0
700.0,3762.0
701.0,3759.0
702.0,3795.0
703.0,3646.0
704.0,3747.0
705.0,3651.0
706.0,3658.0
707.0,3606.0
708.0,3687.0
709.0,3663.0
710.0,3669.0
711.0,3602.0
712.0,3552.0
713.0,3639.0
714.0,3545.0
715.0,3587.0
716.0,3569.0
717.0,3535.0
718.0,3525.0
719.0,3451.0
720.0,3428.0
721.0,3482.0
722.0,3444.0
723.0,3450.0
724.0,3393.0
725.0,3387.0
726.0,3464.0
727.0,3392.0
728.0,3338.0
729.0,3355.0
730.0,3269.0
731.0,3315.0
732.0,3247.0
733.0,3240.0
734.0,3278.0
735.0,3265.0
736.0,3175.0
737.0,3252.0
738.0,3158.0
739.0,3188.0
740.0,3068.0
741.0,3124.0
742.0,3167.0
743.0,3054.0
744.0,3072.0
745.0,3062.0
746.0,3050.0
747.0,3077.0
748.0,3037.0
749.0,2993.0
750.0,3018.0
751.0,3009.0
752.0,2923.0
753.0,2973.0
754.0,2913.0
755.0,2956.0
756.0,2983.0
757.0,2892.0
758.0,2865.0
759.0,2894.0
760.0,2844.0
761.0,2841.0
762.0,2827.0
763.0,2821.0
764.0,2811.0
765.0,2760.0
766.0,2736.0
767.0,2710.0
768.0,2730.0
769.0,2708.0
770.0,2696.0
771.0,2664.0
772.0,2686.0
773.0,2588.0
774.0,2650.0
775.0,2624.0
776.0,2592.0
777.0,2627.0
778.0,2547.0
779.0,2532.0
780.0,2514.0
781.0,2512.0
782.0,2520.0
783.0,2499.0
784.0,2486.0
785.0,2462.0
786.0,2455.0
787.0,2501.0
788.0,2434.0
789.0,2376.0
790.0,2387.0
791.0,2362.0
792.0,2377.0
793.0,2306.0
794.0,2357.0
795.0,2291.0
796.0,2291.0
797.0,2284.0
798.0,2277.0
799.0,2234.0
800.0,2291.0
801.0,2198.0
802.0,2211.0
803.0,2209.0
804.0,2227.0
805.0,2213.0
806.0,2180.0
807.0,2136.0
808.0,2125.0
809.0,2153.0
810.0,2125.0
811.0,2085.0
812.0,2101.0
813.0,2067.0
814.0,2019.0
815.0,2035.0
816.0,2090.0
817.0,2018.0
818.0,1965.0
819.0,1930.0
820.0,1964.0
821.0,1959.0
822.0,1908.0
823.0,1903.0
824.0,1930.0
825.0,1855.0
826.0,1923.0
827.0,1880.0
828.0,1856.0
829.0,1825.0
830.0,1834.0
831.0,1801.0
832.0,1847.0
833.0,1770.0
834.0,1788.0
835.0,1738.0
836.0,1737.0
837.0,1761.0
838.0,1701.0
839.0,1674.0
840.0,1689.0
841.0,1710.0
842.0,1658.0
843.0,1645.0
844.0,1670.0
845.0,1611.0
846.0,1605.0
847.0,1626.0
848.0,1566.0
849.0,1587.0
850.0,1548.0
851.0,1553.0
852.0,1546.0
853.0,1512.0
854.0,1566.0
855.0,1498.0
856.0,1526.0
857.0,1517.0
858.0,1492.0
859.0,1526.0
860.0,1445.0
861.0,1425.0
862.0,1436.0
863.0,1423.0
864.0,1425.0
865.0,1378.0
866.0,1435.0
867.0,1373.0
868.0,1399.0
869.0,1372.0
870.0,1344.0
871.0,1350.0
872.0,1326.0
873.0,1290.0
874.0,1319.0
875.0,1244.0
876.0,1306.0
877.0,1271.0
878.0,1239.0
879.0,1266.0
880.0,1223.0
881.0,1204.0
882.0,1201.0
883.0,1181.0
884.0,1186.0
885.0,1215.0
886.0,1170.0
887.0,1199.0
888.0,1145.0
889.0,1149.0
890.0,1163.0
891.0,1127.0
892.0,1141.0
893.0,1099.0
894.0,1121.0
895.0,1124.0
896.0,1074.0
897.0,1078.0
898.0,1075.0
899.0,1034.0
900.0,1058.0
901.0,1063.0
902.0,1025.0
903.0,1057.0
904.0,1045.0
905.0,992.0
906.0,1008.0
907.0,982.0
908.0,971.0
909.0,954.0
910.0,975.0
911.0,955.0
912.0,971.0
913.0,923.0
914.0,933.0
915.0,924.0
916.0,925.0
917.0,881.0
918.0,875.0
919.0,863.0
920.0,849.0
921.0,877.0
922.0,847.0
923.0,867.0
924.0,865.0
925.0,841.0
926.0,849.0
927.0,786.0
928.0,798.0
929.0,811.0
930.0,761.0
931.0,774.0
932.0,782.0
933.0,763.0
934.0,769.0
935.0,751.0
936.0,773.0
937.0,738.0
938.0,716.0
939.0,768.0
940.0,728.0
941.0,713.0
942.0,711.0
943.0,724.0
944.0,693.0
945.0,653.0
946.0,669.0
947.0,671.0
948.0,657.0
949.0,630.0
950.0,680.0
951.0,647.0
952.0,657.0
953.0,664.0
954.0,611.0
955.0,642.0
956.0,651.0
957.0,635.0
958.0,607.0
959.0,600.0
960.0,588.0
961.0,594.0
962.0,612.0
963.0,595.0
964.0,568.0
965.0,569.0
966.0,560.0
967.0,557.0
968.0,577.0
969.0,552.0
970.0,563.0
971.0,550.0
972.0,530.0
973.0,534.0
974.0,555.0
975.0,488.0
976.0,542.0
977.0,511.0
978.0,496.0
979.0,503.0
980.0,510.0
981.0,480.0
982.0,494.0
983.0,506.0
984.0,487.0
985.0,487.0
986.0,467.0
987.0,463.0
988.0,463.0
989.0,452.0
990.0,450.0
991.0,460.0
992.0,450.0
993.0,456.0
994.0,429.0
995.0,430.0
996.0,443.0
997.0,436.0
998.0,437.0
999.0,430.0
1000.0,433.0
1001.0,421.0
1002.0,420.0
1003.0,427.0
1004.0,394.0
1005.0,397.0
1006.0,413.0
1007.0,414.0
1008.0,401.0
1009.0,418.0
1010.0,396.0
1011.0,401.0
1012.0,398.0
1013.0,361.0
1014.0,381.0
1015.0,394.0
1016.0,394.0
1017.0,375.0
1018.0,374.0
1019.0,370.0
1020.0,380.0
1021.0,385.0
1022.0,389.0
1023.0,361.0
