0.0,411.0
1.0,705.0
2.0,691.0
3.0,730.0
4.0,725.0
5.0,787.0
6.0,790.0
7.0,854.0
8.0,864.0
9.0,868.0
10.0,886.0
11.0,955.0
12.0,934.0
13.0,995.0
14.0,966.0
15.0,993.0
16.0,1018.0
17.0,912.0
18.0,913.0
19.0,936.0
20.0,953.0
21.0,966.0
22.0,1001.0
23.0,1048.0
24.0,1032.0
25.0,1068.0
26.0,1112.0
27.0,1095.0
28.0,1150.0
29.0,1141.0
30.0,1143.0
31.0,1202.0
32.0,1189.0
33.0,1269.0
34.0,1070.0
35.0,1116.0
36.0,1148.0
37.0,1156.0
38.0,1210.0
39.0,1238.0
40.0,1225.0
41.0,1284.0
42.0,1353.0
43.0,1338.0
44.0,1330.0
45.0,1400.0
46.0,1386.0
47.0,1438.0
48.0,1466.0
49.0,1470.0
50.0,1352.0
51.0,1391.0
52.0,1382.0
53.0,1422.0
54.0,1460.0
55.0,1478.0
56.0,1526.0
57.0,1527.0
58.0,1563.0
59.0,1584.0
60.0,1630.0
61.0,1670.0
62.0,1723.0
63.0,1671.0
64.0,1695.0
65.0,1744.0
66.0,1752.0
67.0,1660.0
68.0,1718.0
69.0,1703.0
70.0,1750.0
71.0,1768.0
72.0,1809.0
73.0,1803.0
74.0,1865.0
75.0,1898.0
76.0,1877.0
77.0,1938.0
78.0,1961.0
79.0,2010.0
80.0,2003.0
81.0,2029.0
82.0,2052.0
83.0,2105.0
84.0,1975.0
85.0,1968.0
86.0,2022.0
87.0,2053.0
88.0,2123.0
89.0,2109.0
90.0,2144.0
91.0,2230.0
92.0,2229.0
93.0,2264.0
94.0,2263.0
95.0,2263.0
96.0,2293.0
97.0,2319.0
98.0,2379.0
99.0,2383.0
100.0,2287.0
101.0,2265.0
102.0,2331.0
103.0,2394.0
104.0,2451.0
105.0,2423.0
106.0,2431.0
107.0,2501.0
108.0,2555.0
109.0,2587.0
110.0,2567.0
111.0,2598.0
112.0,2620.0
113.0,2670.0
114.0,2697.0
115.0,2729.0
116.0,2717.0
117.0,2634.0
118.0,2673.0
119.0,2731.0
120.0,2747.0
121.0,2780.0
122.0,2821.0
123.0,2893.0
124.0,2880.0
125.0,2980.0
126.0,2924.0
127.0,2937.0
128.0,2983.0
129.0,2996.0
130.0,3042.0
131.0,3061.0
132.0,3111.0
133.0,3073.0
134.0,3022.0
135.0,3067.0
136.0,3078.0
137.0,3124.0
138.0,3221.0
139.0,3211.0
140.0,3213.0
141.0,3267.0
142.0,3366.0
143.0,3346.0
144.0,3248.0
145.0,3364.0
146.0,3386.0
147.0,3500.0
148.0,3426.0
149.0,3391.0
150.0,3445.0
151.0,3491.0
152.0,3467.0
153.0,3569.0
154.0,3587.0
155.0,3577.0
156.0,3642.0
157.0,3662.0
158.0,3679.0
159.0,3654.0
160.0,3690.0
161.0,3710.0
162.0,3850.0
163.0,3829.0
164.0,3850.0
165.0,3857.0
166.0,3906.0
167.0,3820.0
168.0,3823.0
169.0,3927.0
170.0,3935.0
171.0,4021.0
172.0,4045.0
173.0,4121.0
174.0,4018.0
175.0,4139.0
176.0,4124.0
177.0,4150.0
178.0,4199.0
179.0,4211.0
180.0,4200.0
181.0,4284.0
182.0,4295.0
183.0,4290.0
184.0,4278.0
185.0,4325.0
186.0,4294.0
187.0,4410.0
188.0,4437.0
189.0,4473.0
190.0,4534.0
191.0,4409.0
192.0,4556.0
193.0,4605.0
194.0,4583.0
195.0,4663.0
196.0,4688.0
197.0,4626.0
198.0,4742.0
199.0,4736.0
200.0,4651.0
201.0,4729.0
202.0,4775.0
203.0,4862.0
204.0,4889.0
205.0,4859.0
206.0,4912.0
207.0,4846.0
208.0,4952.0
209.0,4968.0
210.0,5043.0
211.0,5056.0
212.0,5041.0
213.0,5183.0
214.0,5083.0
215.0,5160.0
216.0,5221.0
217.0,5182.0
218.0,5211.0
219.0,5202.0
220.0,5308.0
221.0,5341.0
222.0,5323.0
223.0,5355.0
224.0,5382.0
225.0,5318.0
226.0,5430.0
227.0,5476.0
228.0,5455.0
229.0,5537.0
230.0,5481.0
231.0,5571.0
232.0,5645.0
233.0,5637.0
234.0,5571.0
235.0,5604.0
236.0,5698.0
237.0,5699.0
238.0,5729.0
239.0,5774.0
240.0,5748.0
241.0,5820.0
242.0,5752.0
243.0,5863.0
244.0,5848.0
245.0,5899.0
246.0,5983.0
247.0,5905.0
248.0,5961.0
249.0,5943.0
250.0,5957.0
251.0,5971.0
252.0,6091.0
253.0,6042.0
254.0,6078.0
255.0,6149.0
256.0,6088.0
257.0,6180.0
258.0,6173.0
259.0,6213.0
260.0,6222.0
261.0,6419.0
262.0,6292.0
263.0,6344.0
264.0,6358.0
265.0,6464.0
266.0,6373.0
267.0,6441.0
268.0,6453.0
269.0,6398.0
270.0,6542.0
271.0,6496.0
272.0,6476.0
273.0,6608.0
274.0,6581.0
275.0,6654.0
276.0,6664.0
277.0,6579.0
278.0,6705.0
279.0,6747.0
280.0,6819.0
281.0,6706.0
282.0,6753.0
283.0,6791.0
284.0,6748.0
285.0,6861.0
286.0,6927.0
287.0,6848.0
288.0,6965.0
289.0,6953.0
290.0,6986.0
291.0,6967.0
292.0,6956.0
293.0,7013.0
294.0,7090.0
295.0,7150.0
296.0,7112.0
297.0,7141.0
298.0,7124.0
299.0,7123.0
300.0,7203.0
301.0,7084.0
302.0,7247.0
303.0,7146.0
304.0,7375.0
305.0,7244.0
306.0,7348.0
307.0,7395.0
308.0,7432.0
309.0,7488.0
310.0,7452.0
311.0,7354.0
312.0,7479.0
313.0,7462.0
314.0,7477.0
315.0,7468.0
316.0,7584.0
317.0,7604.0
318.0,7636.0
319.0,7488.0
320.0,7680.0
321.0,7680.0
322.0,7689.0
323.0,7653.0
324.0,7740.0
325.0,7734.0
326.0,7801.0
327.0,7704.0
328.0,7805.0
329.0,7806.0
330.0,7837.0
331.0,7952.0
332.0,7875.0
333.0,8023.0
334.0,8051.0
335.0,7872.0
336.0,7971.0
337.0,8050.0
338.0,8019.0
339.0,7996.0
340.0,8052.0
341.0,8082.0
342.0,8139.0
343.0,7910.0
344.0,8169.0
345.0,8187.0
346.0,8153.0
347.0,8284.0
348.0,8208.0
349.0,8142.0
350.0,8210.0
351.0,8416.0
352.0,8190.0
353.0,8298.0
354.0,8276.0
355.0,8173.0
356.0,8265.0
357.0,8489.0
358.0,8415.0
359.0,8303.0
360.0,8480.0
361.0,8450.0
362.0,8450.0
363.0,8484.0
364.0,8443.0
365.0,8446.0
366.0,8523.0
367.0,8544.0
368.0,8455.0
369.0,8645.0
370.0,8623.0
371.0,8563.0
372.0,8497.0
373.0,8727.0
374.0,8739.0
375.0,8567.0
376.0,8839.0
377.0,8569.0
378.0,8654.0
379.0,8815.0
380.0,8660.0
381.0,8808.0
382.0,8801.0
383.0,8745.0
384.0,8830.0
385.0,8768.0
386.0,8826.0
387.0,8817.0
388.0,8888.0
389.0,8890.0
390.0,8912.0
391.0,8828.0
392.0,8920.0
393.0,8877.0
394.0,8912.0
395.0,8920.0
396.0,9004.0
397.0,8944.0
398.0,8997.0
399.0,8987.0
400.0,8911.0
401.0,9041.0
402.0,8960.0
403.0,9092.0
404.0,9018.0
405.0,9128.0
406.0,8959.0
407.0,9092.0
408.0,9107.0
409.0,9185.0
410.0,9152.0
411.0,9103.0
412.0,9107.0
413.0,9050.0
414.0,9217.0
415.0,9108.0
416.0,9041.0
417.0,9248.0
418.0,9186.0
419.0,9261.0
420.0,9212.0
421.0,9141.0
422.0,9221.0
423.0,9354.0
424.0,9302.0
425.0,9197.0
426.0,9203.0
427.0,9249.0
428.0,9332.0
429.0,9201.0
430.0,9261.0
431.0,9242.0
432.0,9281.0
433.0,9367.0
434.0,9345.0
435.0,9283.0
436.0,9302.0
437.0,9242.0
438.0,9336.0
439.0,9421.0
440.0,9321.0
441.0,9368.0
442.0,9328.0
443.0,9409.0
444.0,9400.0
445.0,9332.0
446.0,9392.0
447.0,9386.0
448.0,9423.0
449.0,9224.0
450.0,9366.0
451.0,9453.0
452.0,9472.0
453.0,9273.0
454.0,9270.0
455.0,9381.0
456.0,9450.0
457.0,9485.0
458.0,9389.0
459.0,9385.0
460.0,9453.0
461.0,9364.0
462.0,9498.0
463.0,9437.0
464.0,9294.0
465.0,9485.0
466.0,9529.0
467.0,9367.0
468.0,9494.0
469.0,9333.0
470.0,9414.0
471.0,9444.0
472.0,9529.0
473.0,9481.0
474.0,9515.0
475.0,9475.0
476.0,9429.0
477.0,9402.0
478.0,9457.0
479.0,9421.0
480.0,9410.0
481.0,9401.0
482.0,9484.0
483.0,9467.0
484.0,9310.0
485.0,9590.0
486.0,9382.0
487.0,9355.0
488.0,9444.0
489.0,9485.0
490.0,9485.0
491.0,9430.0
492.0,9356.0
493.0,9364.0
494.0,9473.0
495.0,9501.0
496.0,9325.0
497.0,9328.0
498.0,9396.0
499.0,9403.0
500.0,9401.0
501.0,9390.0
502.0,9405.0
503.0,9466.0
504.0,9527.0
505.0,9354.0
506.0,9380.0
507.0,9419.0
508.0,9416.0
509.0,9267.0
510.0,9484.0
511.0,9460.0
512.0,9342.0
513.0,9569.0
514.0,9511.0
515.0,9363.0
516.0,9479.0
517.0,9345.0
518.0,9370.0
519.0,9397.0
520.0,9417.0
521.0,9276.0
522.0,9431.0
523.0,9302.0
524.0,9331.0
525.0,9361.0
526.0,9355.0
527.0,9297.0
528.0,9374.0
529.0,9271.0
530.0,9329.0
531.0,9333.0
532.0,9257.0
533.0,9268.0
534.0,9265.0
535.0,9204.0
536.0,9267.0
537.0,9305.0
538.0,9332.0
539.0,9234.0
540.0,9331.0
541.0,9313.0
542.0,9242.0
543.0,9280.0
544.0,9220.0
545.0,9151.0
546.0,9283.0
547.0,9175.0
548.0,9164.0
549.0,9197.0
550.0,9212.0
551.0,9199.0
552.0,9246.0
553.0,9172.0
554.0,9175.0
555.0,9240.0
556.0,9101.0
557.0,9110.0
558.0,9135.0
559.0,9147.0
560.0,9063.0
561.0,9225.0
562.0,9019.0
563.0,9038.0
564.0,9176.0
565.0,9115.0
566.0,9034.0
567.0,9054.0
568.0,8968.0
569.0,9087.0
570.0,8995.0
571.0,9050.0
572.0,8925.0
573.0,9031.0
574.0,9028.0
575.0,8954.0
576.0,8904.0
577.0,8849.0
578.0,8928.0
579.0,8872.0
580.0,9032.0
581.0,8883.0
582.0,8791.0
583.0,8970.0
584.0,8784.0
585.0,8842.0
586.0,8832.0
587.0,8838.0
588.0,8868.0
589.0,8698.0
590.0,8723.0
591.0,8880.0
592.0,8667.0
593.0,8754.0
594.0,8786.0
595.0,8803.0
596.0,8678.0
597.0,8695.0
598.0,8599.0
599.0,8567.0
600.0,8720.0
601.0,8663.0
602.0,8575.0
603.0,8641.0
604.0,8673.0
605.0,8535.0
606.0,8520.0
607.0,8614.0
608.0,8592.0
609.0,8452.0
610.0,8557.0
611.0,8482.0
612.0,8520.0
613.0,8399.0
614.0,8385.0
615.0,8515.0
616.0,8366.0
617.0,8371.0
618.0,8468.0
619.0,8272.0
620.0,8446.0
621.0,8299.0
622.0,8291.0
623.0,8286.0
624.0,8263.0
625.0,8328.0
626.0,8262.0
627.0,8244.0
628.0,8180.0
629.0,8297.0
630.0,8178.0
631.0,8113.0
632.0,8143.0
633.0,8104.0
634.0,8152.0
635.0,8086.0
636.0,8046.0
637.0,8082.0
638.0,8098.0
639.0,8044.0
640.0,7943.0
641.0,7874.0
642.0,7965.0
643.0,8016.0
644.0,7896.0
645.0,7858.0
646.0,7819.0
647.0,7907.0
648.0,7916.0
649.0,7860.0
650.0,7846.0
651.0,7835.0
652.0,7695.0
653.0,7760.0
654.0,7649.0
655.0,7758.0
656.0,7735.0
657.0,7705.0
658.0,7533.0
659.0,7639.0
660.0,7513.0
661.0,7590.0
662.0,7499.0
663.0,7452.0
664.0,7451.0
665.0,7428.0
666.0,7458.0
667.0,7469.0
668.0,7417.0
669.0,7388.0
670.0,7391.0
671.0,7402.0
672.0,7353.0
673.0,7297.0
674.0,7250.0
675.0,7269.0
676.0,7288.0
677.0,7212.0
678.0,7128.0
679.0,7257.0
680.0,7088.0
681.0,7137.0
682.0,7075.0
683.0,7213.0
684.0,7061.0
685.0,7086.0
686.0,6993.0
687.0,7003.0
688.0,6958.0
689.0,6984.0
690.0,6982.0
691.0,6897.0
692.0,6841.0
693.0,6950.0
694.0,6837.0
695.0,6792.0
696.0,6696.0
697.0,6757.0
698.0,6742.0
699.0,6742.0
700.0,6688.0
701.0,6691.0
702.0,6750.0
703.0,6628.0
704.0,6629.0
705.0,6541.0
706.0,6560.0
707.0,6572.0
708.0,6509.0
709.0,6534.0
710.0,6413.0
711.0,6471.0
712.0,6465.0
713.0,6349.0
714.0,6352.0
715.0,6340.0
716.0,6389.0
717.0,6355.0
718.0,6268.0
719.0,6162.0
720.0,6199.0
721.0,6263.0
722.0,6197.0
723.0,6100.0
724.0,6074.0
725.0,6020.0
726.0,6073.0
727.0,6027.0
728.0,6018.0
729.0,6023.0
730.0,6029.0
731.0,5970.0
732.0,5982.0
733.0,5888.0
734.0,5933.0
735.0,5843.0
736.0,5778.0
737.0,5789.0
738.0,5759.0
739.0,5809.0
740.0,5686.0
741.0,5675.0
742.0,5656.0
743.0,5630.0
744.0,5608.0
745.0,5602.0
746.0,5564.0
747.0,5570.0
748.0,5509.0
749.0,5512.0
750.0,5457.0
751.0,5545.0
752.0,5355.0
753.0,5430.0
754.0,5419.0
755.0,5313.0
756.0,5377.0
757.0,5303.0
758.0,5284.0
759.0,5232.0
760.0,5148.0
761.0,5187.0
762.0,5145.0
763.0,5246.0
764.0,5131.0
765.0,5062.0
766.0,5003.0
767.0,5094.0
768.0,5071.0
769.0,4990.0
770.0,4981.0
771.0,4996.0
772.0,4925.0
773.0,4894.0
774.0,4878.0
775.0,4873.0
776.0,4819.0
777.0,4779.0
778.0,4719.0
779.0,4720.0
780.0,4738.0
781.0,4691.0
782.0,4683.0
783.0,4611.0
784.0,4691.0
785.0,4622.0
786.0,4620.0
787.0,4463.0
788.0,4518.0
789.0,4480.0
790.0,4463.0
791.0,4419.0
792.0,4432.0
793.0,4362.0
794.0,4424.0
795.0,4355.0
796.0,4312.0
797.0,4259.0
798.0,4276.0
799.0,4288.0
800.0,4237.0
801.0,4218.0
802.0,4164.0
803.0,4218.0
804.0,4148.0
805.0,4143.0
806.0,4150.0
807.0,4103.0
808.0,4110.0
809.0,4024.0
810.0,4018.0
811.0,3985.0
812.0,3932.0
813.0,3972.0
814.0,3919.0
815.0,3817.0
816.0,3841.0
817.0,3899.0
818.0,3801.0
819.0,3766.0
820.0,3824.0
821.0,3735.0
822.0,3684.0
823.0,3696.0
824.0,3630.0
825.0,3681.0
826.0,3769.0
827.0,3641.0
828.0,3619.0
829.0,3578.0
830.0,3492.0
831.0,3568.0
832.0,3463.0
833.0,3478.0
834.0,3523.0
835.0,3455.0
836.0,3448.0
837.0,3432.0
838.0,3371.0
839.0,3345.0
840.0,3311.0
841.0,3264.0
842.0,3341.0
843.0,3259.0
844.0,3263.0
845.0,3232.0
846.0,3196.0
847.0,3151.0
848.0,3154.0
849.0,3178.0
850.0,3117.0
851.0,3097.0
852.0,3120.0
853.0,3049.0
854.0,2992.0
855.0,2970.0
856.0,2990.0
857.0,3020.0
858.0,3000.0
859.0,2934.0
860.0,2932.0
861.0,2909.0
862.0,2914.0
863.0,2817.0
864.0,2832.0
865.0,2841.0
866.0,2791.0
867.0,2785.0
868.0,2766.0
869.0,2748.0
870.0,2711.0
871.0,2677.0
872.0,2641.0
873.0,2652.0
874.0,2692.0
875.0,2632.0
876.0,2638.0
877.0,2598.0
878.0,2580.0
879.0,2572.0
880.0,2544.0
881.0,2484.0
882.0,2473.0
883.0,2506.0
884.0,2415.0
885.0,2446.0
886.0,2400.0
887.0,2431.0
888.0,2377.0
889.0,2346.0
890.0,2337.0
891.0,2362.0
892.0,2347.0
893.0,2276.0
894.0,2228.0
895.0,2269.0
896.0,2188.0
897.0,2235.0
898.0,2214.0
899.0,2222.0
900.0,2159.0
901.0,2144.0
902.0,2093.0
903.0,2076.0
904.0,2090.0
905.0,2099.0
906.0,2060.0
907.0,2048.0
908.0,2018.0
909.0,2000.0
910.0,1998.0
911.0,1983.0
912.0,1956.0
913.0,1956.0
914.0,1917.0
915.0,1935.0
916.0,1878.0
917.0,1882.0
918.0,1841.0
919.0,1852.0
920.0,1816.0
921.0,1799.0
922.0,1816.0
923.0,1824.0
924.0,1786.0
925.0,1742.0
926.0,1706.0
927.0,1695.0
928.0,1725.0
929.0,1649.0
930.0,1618.0
931.0,1689.0
932.0,1646.0
933.0,1633.0
934.0,1571.0
935.0,1574.0
936.0,1551.0
937.0,1559.0
938.0,1525.0
939.0,1546.0
940.0,1501.0
941.0,1478.0
942.0,1504.0
943.0,1458.0
944.0,1450.0
945.0,1439.0
946.0,1440.0
947.0,1425.0
948.0,1414.0
949.0,1402.0
950.0,1392.0
951.0,1353.0
952.0,1318.0
953.0,1301.0
954.0,1321.0
955.0,1352.0
956.0,1308.0
957.0,1296.0
958.0,1239.0
959.0,1254.0
960.0,1261.0
961.0,1222.0
962.0,1208.0
963.0,1196.0
964.0,1193.0
965.0,1160.0
966.0,1186.0
967.0,1158.0
968.0,1128.0
969.0,1152.0
970.0,1128.0
971.0,1103.0
972.0,1083.0
973.0,1110.0
974.0,1085.0
975.0,1049.0
976.0,1052.0
977.0,1041.0
978.0,1008.0
979.0,1019.0
980.0,1018.0
981.0,1020.0
982.0,981.0
983.0,959.0
984.0,957.0
985.0,963.0
986.0,921.0
987.0,930.0
988.0,906.0
989.0,935.0
990.0,905.0
991.0,913.0
992.0,898.0
993.0,882.0
994.0,907.0
995.0,851.0
996.0,867.0
997.0,829.0
998.0,848.0
999.0,850.0
1000.0,798.0
1001.0,781.0
1002.0,808.0
1003.0,791.0
1004.0,756.0
1005.0,754.0
1006.0,761.0
1007.0,769.0
1008.0,732.0
1009.0,773.0
1010.0,705.0
1011.0,751.0
1012.0,722.0
1013.0,724.0
1014.0,691.0
1015.0,688.0
1016.0,705.0
1017.0,682.0
1018.0,675.0
1019.0,682.0
1020.0,652.0
1021.0,669.0
1022.0,651.0
1023.0,626.0
