0.0,103.0
1.0,129.0
2.0,151.0
3.0,175.0
4.0,178.0
5.0,195.0
6.0,213.0
7.0,203.0
8.0,204.0
9.0,215.0
10.0,208.0
11.0,208.0
12.0,227.0
13.0,209.0
14.0,206.0
15.0,234.0
16.0,223.0
17.0,209.0
18.0,209.0
19.0,243.0
20.0,210.0
21.0,223.0
22.0,233.0
23.0,226.0
24.0,225.0
25.0,232.0
26.0,207.0
27.0,228.0
28.0,204.0
29.0,217.0
30.0,221.0
31.0,240.0
32.0,217.0
33.0,241.0
34.0,233.0
35.0,250.0
36.0,252.0
37.0,229.0
38.0,271.0
39.0,264.0
40.0,276.0
41.0,273.0
42.0,261.0
43.0,264.0
44.0,271.0
45.0,255.0
46.0,251.0
47.0,264.0
48.0,266.0
49.0,289.0
50.0,258.0
51.0,266.0
52.0,291.0
53.0,266.0
54.0,256.0
55.0,273.0
56.0,282.0
57.0,285.0
58.0,284.0
59.0,277.0
60.0,287.0
61.0,260.0
62.0,270.0
63.0,287.0
64.0,277.0
65.0,279.0
66.0,279.0
67.0,294.0
68.0,279.0
69.0,255.0
70.0,282.0
71.0,290.0
72.0,271.0
73.0,293.0
74.0,269.0
75.0,273.0
76.0,274.0
77.0,279.0
78.0,282.0
79.0,305.0
80.0,285.0
81.0,309.0
82.0,269.0
83.0,300.0
84.0,294.0
85.0,324.0
86.0,285.0
87.0,281.0
88.0,289.0
89.0,294.0
90.0,289.0
91.0,312.0
92.0,290.0
93.0,323.0
94.0,309.0
95.0,282.0
96.0,287.0
97.0,272.0
98.0,325.0
99.0,330.0
100.0,308.0
101.0,298.0
102.0,304.0
103.0,312.0
104.0,292.0
105.0,293.0
106.0,312.0
107.0,312.0
108.0,324.0
109.0,317.0
110.0,327.0
111.0,317.0
112.0,321.0
113.0,317.0
114.0,322.0
115.0,301.0
116.0,320.0
117.0,324.0
118.0,295.0
119.0,322.0
120.0,315.0
121.0,327.0
122.0,322.0
123.0,333.0
124.0,308.0
125.0,334.0
126.0,321.0
127.0,324.0
128.0,328.0
129.0,311.0
130.0,326.0
131.0,323.0
132.0,341.0
133.0,325.0
134.0,327.0
135.0,341.0
136.0,351.0
137.0,321.0
138.0,309.0
139.0,351.0
140.0,323.0
141.0,341.0
142.0,370.0
143.0,346.0
144.0,327.0
145.0,357.0
146.0,360.0
147.0,347.0
148.0,347.0
149.0,347.0
150.0,362.0
151.0,358.0
152.0,368.0
153.0,355.0
154.0,362.0
155.0,353.0
156.0,374.0
157.0,369.0
158.0,372.0
159.0,365.0
160.0,343.0
161.0,356.0
162.0,378.0
163.0,380.0
164.0,350.0
165.0,361.0
166.0,350.0
167.0,387.0
168.0,395.0
169.0,370.0
170.0,379.0
171.0,388.0
172.0,385.0
173.0,358.0
174.0,381.0
175.0,391.0
176.0,372.0
177.0,408.0
178.0,378.0
179.0,400.0
180.0,381.0
181.0,403.0
182.0,374.0
183.0,393.0
184.0,391.0
185.0,376.0
186.0,383.0
187.0,376.0
188.0,369.0
189.0,399.0
190.0,387.0
191.0,394.0
192.0,379.0
193.0,394.0
194.0,405.0
195.0,398.0
196.0,391.0
197.0,410.0
198.0,397.0
199.0,379.0
200.0,397.0
201.0,376.0
202.0,388.0
203.0,403.0
204.0,390.0
205.0,420.0
206.0,402.0
207.0,410.0
208.0,398.0
209.0,407.0
210.0,428.0
211.0,395.0
212.0,403.0
213.0,407.0
214.0,392.0
215.0,409.0
216.0,423.0
217.0,401.0
218.0,407.0
219.0,427.0
220.0,433.0
221.0,427.0
222.0,435.0
223.0,419.0
224.0,417.0
225.0,414.0
226.0,426.0
227.0,445.0
228.0,440.0
229.0,426.0
230.0,430.0
231.0,435.0
232.0,429.0
233.0,425.0
234.0,426.0
235.0,441.0
236.0,440.0
237.0,436.0
238.0,424.0
239.0,420.0
240.0,445.0
241.0,427.0
242.0,438.0
243.0,440.0
244.0,446.0
245.0,440.0
246.0,439.0
247.0,440.0
248.0,443.0
249.0,452.0
250.0,434.0
251.0,441.0
252.0,460.0
253.0,471.0
254.0,438.0
255.0,457.0
256.0,431.0
257.0,454.0
258.0,469.0
259.0,458.0
260.0,464.0
261.0,464.0
262.0,446.0
263.0,469.0
264.0,462.0
265.0,442.0
266.0,462.0
267.0,470.0
268.0,474.0
269.0,478.0
270.0,455.0
271.0,487.0
272.0,451.0
273.0,445.0
274.0,479.0
275.0,462.0
276.0,474.0
277.0,476.0
278.0,461.0
279.0,474.0
280.0,457.0
281.0,483.0
282.0,487.0
283.0,446.0
284.0,470.0
285.0,481.0
286.0,510.0
287.0,492.0
288.0,495.0
289.0,507.0
290.0,491.0
291.0,503.0
292.0,494.0
293.0,487.0
294.0,481.0
295.0,472.0
296.0,503.0
297.0,482.0
298.0,480.0
299.0,483.0
300.0,487.0
301.0,499.0
302.0,498.0
303.0,500.0
304.0,508.0
305.0,507.0
306.0,485.0
307.0,513.0
308.0,522.0
309.0,519.0
310.0,500.0
311.0,510.0
312.0,497.0
313.0,518.0
314.0,514.0
315.0,538.0
316.0,514.0
317.0,515.0
318.0,537.0
319.0,508.0
320.0,500.0
321.0,541.0
322.0,506.0
323.0,525.0
324.0,519.0
325.0,527.0
326.0,516.0
327.0,550.0
328.0,512.0
329.0,521.0
330.0,540.0
331.0,504.0
332.0,525.0
333.0,505.0
334.0,530.0
335.0,504.0
336.0,533.0
337.0,527.0
338.0,540.0
339.0,545.0
340.0,545.0
341.0,526.0
342.0,535.0
343.0,551.0
344.0,532.0
345.0,554.0
346.0,549.0
347.0,537.0
348.0,542.0
349.0,535.0
350.0,545.0
351.0,549.0
352.0,537.0
353.0,527.0
354.0,547.0
355.0,549.0
356.0,559.0
357.0,546.0
358.0,573.0
359.0,551.0
360.0,578.0
361.0,555.0
362.0,544.0
363.0,550.0
364.0,573.0
365.0,551.0
366.0,555.0
367.0,543.0
368.0,535.0
369.0,573.0
370.0,554.0
371.0,560.0
372.0,567.0
373.0,573.0
374.0,572.0
375.0,556.0
376.0,534.0
377.0,570.0
378.0,564.0
379.0,532.0
380.0,580.0
381.0,544.0
382.0,564.0
383.0,561.0
384.0,582.0
385.0,556.0
386.0,564.0
387.0,568.0
388.0,557.0
389.0,561.0
390.0,564.0
391.0,572.0
392.0,574.0
393.0,575.0
394.0,562.0
395.0,541.0
396.0,598.0
397.0,573.0
398.0,563.0
399.0,579.0
400.0,562.0
401.0,591.0
402.0,599.0
403.0,570.0
404.0,566.0
405.0,606.0
406.0,599.0
407.0,582.0
408.0,580.0
409.0,590.0
410.0,579.0
411.0,556.0
412.0,603.0
413.0,574.0
414.0,576.0
415.0,592.0
416.0,601.0
417.0,597.0
418.0,603.0
419.0,592.0
420.0,611.0
421.0,603.0
422.0,589.0
423.0,592.0
424.0,583.0
425.0,588.0
426.0,582.0
427.0,591.0
428.0,594.0
429.0,558.0
430.0,590.0
431.0,568.0
432.0,597.0
433.0,562.0
434.0,595.0
435.0,611.0
436.0,597.0
437.0,569.0
438.0,603.0
439.0,584.0
440.0,579.0
441.0,588.0
442.0,590.0
443.0,595.0
444.0,579.0
445.0,578.0
446.0,570.0
447.0,597.0
448.0,592.0
449.0,582.0
450.0,604.0
451.0,600.0
452.0,618.0
453.0,593.0
454.0,579.0
455.0,610.0
456.0,610.0
457.0,599.0
458.0,610.0
459.0,585.0
460.0,596.0
461.0,575.0
462.0,567.0
463.0,598.0
464.0,606.0
465.0,614.0
466.0,612.0
467.0,584.0
468.0,603.0
469.0,608.0
470.0,604.0
471.0,598.0
472.0,563.0
473.0,556.0
474.0,593.0
475.0,561.0
476.0,601.0
477.0,600.0
478.0,595.0
479.0,582.0
480.0,579.0
481.0,597.0
482.0,596.0
483.0,598.0
484.0,598.0
485.0,600.0
486.0,614.0
487.0,587.0
488.0,595.0
489.0,597.0
490.0,601.0
491.0,612.0
492.0,582.0
493.0,596.0
494.0,590.0
495.0,591.0
496.0,559.0
497.0,600.0
498.0,583.0
499.0,613.0
500.0,597.0
501.0,566.0
502.0,576.0
503.0,586.0
504.0,594.0
505.0,601.0
506.0,607.0
507.0,580.0
508.0,584.0
509.0,582.0
510.0,588.0
511.0,573.0
512.0,595.0
513.0,598.0
514.0,590.0
515.0,596.0
516.0,597.0
517.0,610.0
518.0,587.0
519.0,590.0
520.0,618.0
521.0,582.0
522.0,561.0
523.0,592.0
524.0,585.0
525.0,577.0
526.0,570.0
527.0,582.0
528.0,572.0
529.0,595.0
530.0,591.0
531.0,584.0
532.0,570.0
533.0,586.0
534.0,565.0
535.0,570.0
536.0,558.0
537.0,581.0
538.0,589.0
539.0,577.0
540.0,563.0
541.0,582.0
542.0,566.0
543.0,563.0
544.0,556.0
545.0,561.0
546.0,588.0
547.0,581.0
548.0,572.0
549.0,576.0
550.0,571.0
551.0,587.0
552.0,585.0
553.0,576.0
554.0,581.0
555.0,560.0
556.0,566.0
557.0,573.0
558.0,583.0
559.0,579.0
560.0,558.0
561.0,546.0
562.0,581.0
563.0,578.0
564.0,548.0
565.0,574.0
566.0,578.0
567.0,560.0
568.0,573.0
569.0,572.0
570.0,574.0
571.0,561.0
572.0,572.0
573.0,551.0
574.0,559.0
575.0,573.0
576.0,575.0
577.0,546.0
578.0,556.0
579.0,561.0
580.0,533.0
581.0,552.0
582.0,551.0
583.0,530.0
584.0,554.0
585.0,542.0
586.0,544.0
587.0,548.0
588.0,533.0
589.0,560.0
590.0,543.0
591.0,561.0
592.0,577.0
593.0,563.0
594.0,569.0
595.0,560.0
596.0,539.0
597.0,550.0
598.0,538.0
599.0,531.0
600.0,525.0
601.0,547.0
602.0,516.0
603.0,539.0
604.0,528.0
605.0,531.0
606.0,521.0
607.0,542.0
608.0,529.0
609.0,543.0
610.0,531.0
611.0,548.0
612.0,534.0
613.0,502.0
614.0,535.0
615.0,539.0
616.0,489.0
617.0,533.0
618.0,557.0
619.0,527.0
620.0,550.0
621.0,549.0
622.0,527.0
623.0,532.0
624.0,528.0
625.0,507.0
626.0,493.0
627.0,526.0
628.0,510.0
629.0,531.0
630.0,512.0
631.0,528.0
632.0,519.0
633.0,511.0
634.0,507.0
635.0,501.0
636.0,498.0
637.0,544.0
638.0,498.0
639.0,537.0
640.0,514.0
641.0,518.0
642.0,519.0
643.0,513.0
644.0,497.0
645.0,501.0
646.0,503.0
647.0,507.0
648.0,496.0
649.0,518.0
650.0,505.0
651.0,513.0
652.0,484.0
653.0,518.0
654.0,494.0
655.0,513.0
656.0,493.0
657.0,525.0
658.0,498.0
659.0,514.0
660.0,514.0
661.0,501.0
662.0,474.0
663.0,505.0
664.0,447.0
665.0,478.0
666.0,474.0
667.0,471.0
668.0,482.0
669.0,470.0
670.0,471.0
671.0,482.0
672.0,484.0
673.0,452.0
674.0,478.0
675.0,469.0
676.0,482.0
677.0,487.0
678.0,467.0
679.0,463.0
680.0,481.0
681.0,455.0
682.0,447.0
683.0,477.0
684.0,466.0
685.0,468.0
686.0,459.0
687.0,448.0
688.0,474.0
689.0,458.0
690.0,472.0
691.0,445.0
692.0,478.0
693.0,462.0
694.0,467.0
695.0,444.0
696.0,460.0
697.0,459.0
698.0,460.0
699.0,462.0
700.0,464.0
701.0,460.0
702.0,458.0
703.0,453.0
704.0,451.0
705.0,440.0
706.0,450.0
707.0,451.0
708.0,441.0
709.0,460.0
710.0,453.0
711.0,448.0
712.0,457.0
713.0,443.0
714.0,426.0
715.0,446.0
716.0,466.0
717.0,458.0
718.0,410.0
719.0,425.0
720.0,435.0
721.0,427.0
722.0,417.0
723.0,417.0
724.0,422.0
725.0,436.0
726.0,413.0
727.0,441.0
728.0,416.0
729.0,414.0
730.0,430.0
731.0,423.0
732.0,426.0
733.0,408.0
734.0,421.0
735.0,413.0
736.0,420.0
737.0,411.0
738.0,402.0
739.0,434.0
740.0,416.0
741.0,395.0
742.0,424.0
743.0,424.0
744.0,393.0
745.0,419.0
746.0,419.0
747.0,404.0
748.0,405.0
749.0,419.0
750.0,412.0
751.0,414.0
752.0,389.0
753.0,415.0
754.0,389.0
755.0,420.0
756.0,370.0
757.0,399.0
758.0,387.0
759.0,364.0
760.0,395.0
761.0,413.0
762.0,385.0
763.0,372.0
764.0,387.0
765.0,363.0
766.0,404.0
767.0,392.0
768.0,377.0
769.0,369.0
770.0,393.0
771.0,418.0
772.0,390.0
773.0,357.0
774.0,380.0
775.0,380.0
776.0,369.0
777.0,375.0
778.0,377.0
779.0,398.0
780.0,376.0
781.0,337.0
782.0,381.0
783.0,369.0
784.0,367.0
785.0,359.0
786.0,355.0
787.0,370.0
788.0,363.0
789.0,352.0
790.0,345.0
791.0,392.0
792.0,377.0
793.0,373.0
794.0,353.0
795.0,341.0
796.0,334.0
797.0,336.0
798.0,352.0
799.0,357.0
800.0,378.0
801.0,340.0
802.0,366.0
803.0,347.0
804.0,361.0
805.0,366.0
806.0,367.0
807.0,370.0
808.0,331.0
809.0,344.0
810.0,336.0
811.0,362.0
812.0,322.0
813.0,360.0
814.0,341.0
815.0,347.0
816.0,349.0
817.0,361.0
818.0,332.0
819.0,327.0
820.0,362.0
821.0,357.0
822.0,324.0
823.0,332.0
824.0,350.0
825.0,352.0
826.0,347.0
827.0,337.0
828.0,325.0
829.0,351.0
830.0,322.0
831.0,333.0
832.0,341.0
833.0,362.0
834.0,320.0
835.0,338.0
836.0,317.0
837.0,334.0
838.0,328.0
839.0,319.0
840.0,324.0
841.0,321.0
842.0,338.0
843.0,331.0
844.0,336.0
845.0,338.0
846.0,325.0
847.0,309.0
848.0,324.0
849.0,320.0
850.0,313.0
851.0,326.0
852.0,315.0
853.0,340.0
854.0,340.0
855.0,324.0
856.0,330.0
857.0,327.0
858.0,332.0
859.0,333.0
860.0,328.0
861.0,340.0
862.0,320.0
863.0,309.0
864.0,294.0
865.0,313.0
866.0,312.0
867.0,309.0
868.0,298.0
869.0,334.0
870.0,297.0
871.0,310.0
872.0,327.0
873.0,293.0
874.0,317.0
875.0,312.0
876.0,302.0
877.0,310.0
878.0,302.0
879.0,315.0
880.0,310.0
881.0,311.0
882.0,303.0
883.0,330.0
884.0,310.0
885.0,294.0
886.0,330.0
887.0,307.0
888.0,312.0
889.0,295.0
890.0,296.0
891.0,290.0
892.0,306.0
893.0,302.0
894.0,300.0
895.0,304.0
896.0,333.0
897.0,317.0
898.0,305.0
899.0,305.0
900.0,305.0
901.0,289.0
902.0,297.0
903.0,287.0
904.0,299.0
905.0,306.0
906.0,308.0
907.0,327.0
908.0,299.0
909.0,307.0
910.0,303.0
911.0,294.0
912.0,316.0
913.0,288.0
914.0,294.0
915.0,297.0
916.0,307.0
917.0,316.0
918.0,288.0
919.0,306.0
920.0,304.0
921.0,309.0
922.0,301.0
923.0,278.0
924.0,282.0
925.0,295.0
926.0,295.0
927.0,284.0
928.0,274.0
929.0,295.0
930.0,299.0
931.0,302.0
932.0,295.0
933.0,306.0
934.0,297.0
935.0,285.0
936.0,296.0
937.0,288.0
938.0,298.0
939.0,302.0
940.0,282.0
941.0,282.0
942.0,288.0
943.0,312.0
944.0,292.0
945.0,292.0
946.0,270.0
947.0,303.0
948.0,294.0
949.0,284.0
950.0,289.0
951.0,294.0
952.0,278.0
953.0,295.0
954.0,279.0
955.0,288.0
956.0,311.0
957.0,310.0
958.0,290.0
959.0,290.0
960.0,273.0
961.0,293.0
962.0,302.0
963.0,283.0
964.0,304.0
965.0,303.0
966.0,290.0
967.0,268.0
968.0,307.0
969.0,285.0
970.0,282.0
971.0,279.0
972.0,293.0
973.0,292.0
974.0,274.0
975.0,296.0
976.0,275.0
977.0,266.0
978.0,277.0
979.0,271.0
980.0,282.0
981.0,282.0
982.0,293.0
983.0,294.0
984.0,289.0
985.0,295.0
986.0,293.0
987.0,287.0
988.0,285.0
989.0,279.0
990.0,289.0
991.0,268.0
992.0,274.0
993.0,280.0
994.0,283.0
995.0,284.0
996.0,281.0
997.0,293.0
998.0,280.0
999.0,294.0
1000.0,308.0
1001.0,281.0
1002.0,301.0
1003.0,287.0
1004.0,276.0
1005.0,304.0
1006.0,288.0
1007.0,289.0
1008.0,288.0
1009.0,283.0
1010.0,270.0
1011.0,272.0
1012.0,280.0
1013.0,278.0
1014.0,272.0
1015.0,289.0
1016.0,313.0
1017.0,274.0
1018.0,276.0
1019.0,284.0
1020.0,282.0
1021.0,294.0
1022.0,267.0
1023.0,295.0
