0.0,92.0
1.0,136.0
2.0,157.0
3.0,178.0
4.0,170.0
5.0,209.0
6.0,200.0
7.0,193.0
8.0,206.0
9.0,205.0
10.0,213.0
11.0,202.0
12.0,226.0
13.0,191.0
14.0,201.0
15.0,227.0
16.0,219.0
17.0,225.0
18.0,221.0
19.0,224.0
20.0,220.0
21.0,226.0
22.0,199.0
23.0,230.0
24.0,235.0
25.0,231.0
26.0,229.0
27.0,239.0
28.0,232.0
29.0,249.0
30.0,253.0
31.0,257.0
32.0,238.0
33.0,252.0
34.0,261.0
35.0,250.0
36.0,251.0
37.0,260.0
38.0,254.0
39.0,254.0
40.0,271.0
41.0,266.0
42.0,256.0
43.0,266.0
44.0,258.0
45.0,268.0
46.0,238.0
47.0,264.0
48.0,246.0
49.0,266.0
50.0,280.0
51.0,253.0
52.0,248.0
53.0,265.0
54.0,253.0
55.0,284.0
56.0,270.0
57.0,277.0
58.0,280.0
59.0,280.0
60.0,271.0
61.0,281.0
62.0,287.0
63.0,280.0
64.0,262.0
65.0,261.0
66.0,274.0
67.0,280.0
68.0,263.0
69.0,261.0
70.0,276.0
71.0,258.0
72.0,255.0
73.0,272.0
74.0,278.0
75.0,281.0
76.0,263.0
77.0,265.0
78.0,277.0
79.0,270.0
80.0,298.0
81.0,275.0
82.0,256.0
83.0,285.0
84.0,291.0
85.0,253.0
86.0,284.0
87.0,274.0
88.0,280.0
89.0,268.0
90.0,282.0
91.0,272.0
92.0,292.0
93.0,272.0
94.0,301.0
95.0,284.0
96.0,275.0
97.0,293.0
98.0,290.0
99.0,259.0
100.0,303.0
101.0,287.0
102.0,288.0
103.0,279.0
104.0,279.0
105.0,279.0
106.0,312.0
107.0,311.0
108.0,290.0
109.0,312.0
110.0,284.0
111.0,305.0
112.0,292.0
113.0,313.0
114.0,295.0
115.0,269.0
116.0,273.0
117.0,306.0
118.0,273.0
119.0,292.0
120.0,317.0
121.0,322.0
122.0,300.0
123.0,316.0
124.0,298.0
125.0,286.0
126.0,295.0
127.0,306.0
128.0,302.0
129.0,285.0
130.0,315.0
131.0,311.0
132.0,309.0
133.0,302.0
134.0,318.0
135.0,292.0
136.0,314.0
137.0,300.0
138.0,305.0
139.0,315.0
140.0,319.0
141.0,313.0
142.0,299.0
143.0,341.0
144.0,313.0
145.0,344.0
146.0,304.0
147.0,319.0
148.0,323.0
149.0,325.0
150.0,343.0
151.0,298.0
152.0,332.0
153.0,335.0
154.0,305.0
155.0,311.0
156.0,325.0
157.0,336.0
158.0,338.0
159.0,332.0
160.0,335.0
161.0,322.0
162.0,341.0
163.0,328.0
164.0,328.0
165.0,343.0
166.0,352.0
167.0,348.0
168.0,329.0
169.0,342.0
170.0,326.0
171.0,329.0
172.0,347.0
173.0,338.0
174.0,339.0
175.0,341.0
176.0,347.0
177.0,353.0
178.0,353.0
179.0,359.0
180.0,314.0
181.0,364.0
182.0,359.0
183.0,337.0
184.0,369.0
185.0,356.0
186.0,354.0
187.0,346.0
188.0,348.0
189.0,338.0
190.0,382.0
191.0,355.0
192.0,365.0
193.0,358.0
194.0,354.0
195.0,351.0
196.0,358.0
197.0,357.0
198.0,357.0
199.0,362.0
200.0,335.0
201.0,361.0
202.0,342.0
203.0,355.0
204.0,386.0
205.0,353.0
206.0,346.0
207.0,353.0
208.0,381.0
209.0,354.0
210.0,374.0
211.0,363.0
212.0,384.0
213.0,382.0
214.0,357.0
215.0,370.0
216.0,362.0
217.0,364.0
218.0,398.0
219.0,401.0
220.0,368.0
221.0,378.0
222.0,383.0
223.0,367.0
224.0,392.0
225.0,373.0
226.0,369.0
227.0,368.0
228.0,380.0
229.0,369.0
230.0,385.0
231.0,371.0
232.0,356.0
233.0,397.0
234.0,391.0
235.0,374.0
236.0,381.0
237.0,380.0
238.0,367.0
239.0,379.0
240.0,396.0
241.0,389.0
242.0,396.0
243.0,392.0
244.0,378.0
245.0,366.0
246.0,378.0
247.0,368.0
248.0,378.0
249.0,389.0
250.0,399.0
251.0,380.0
252.0,406.0
253.0,384.0
254.0,410.0
255.0,388.0
256.0,400.0
257.0,413.0
258.0,420.0
259.0,406.0
260.0,421.0
261.0,377.0
262.0,392.0
263.0,395.0
264.0,429.0
265.0,407.0
266.0,389.0
267.0,417.0
268.0,399.0
269.0,387.0
270.0,424.0
271.0,415.0
272.0,393.0
273.0,412.0
274.0,398.0
275.0,420.0
276.0,422.0
277.0,393.0
278.0,440.0
279.0,423.0
280.0,399.0
281.0,413.0
282.0,420.0
283.0,407.0
284.0,426.0
285.0,415.0
286.0,398.0
287.0,397.0
288.0,440.0
289.0,406.0
290.0,424.0
291.0,415.0
292.0,417.0
293.0,426.0
294.0,426.0
295.0,426.0
296.0,415.0
297.0,451.0
298.0,429.0
299.0,430.0
300.0,419.0
301.0,421.0
302.0,424.0
303.0,404.0
304.0,434.0
305.0,438.0
306.0,438.0
307.0,426.0
308.0,454.0
309.0,407.0
310.0,426.0
311.0,432.0
312.0,454.0
313.0,445.0
314.0,421.0
315.0,419.0
316.0,430.0
317.0,431.0
318.0,438.0
319.0,416.0
320.0,401.0
321.0,435.0
322.0,435.0
323.0,427.0
324.0,423.0
325.0,417.0
326.0,446.0
327.0,444.0
328.0,444.0
329.0,418.0
330.0,437.0
331.0,441.0
332.0,430.0
333.0,425.0
334.0,439.0
335.0,448.0
336.0,432.0
337.0,418.0
338.0,421.0
339.0,449.0
340.0,416.0
341.0,443.0
342.0,429.0
343.0,450.0
344.0,441.0
345.0,449.0
346.0,454.0
347.0,456.0
348.0,437.0
349.0,440.0
350.0,438.0
351.0,432.0
352.0,404.0
353.0,458.0
354.0,453.0
355.0,448.0
356.0,457.0
357.0,442.0
358.0,452.0
359.0,453.0
360.0,478.0
361.0,474.0
362.0,454.0
363.0,430.0
364.0,467.0
365.0,457.0
366.0,441.0
367.0,467.0
368.0,442.0
369.0,447.0
370.0,455.0
371.0,465.0
372.0,451.0
373.0,469.0
374.0,464.0
375.0,472.0
376.0,472.0
377.0,421.0
378.0,450.0
379.0,444.0
380.0,453.0
381.0,448.0
382.0,471.0
383.0,433.0
384.0,450.0
385.0,458.0
386.0,484.0
387.0,445.0
388.0,456.0
389.0,478.0
390.0,473.0
391.0,459.0
392.0,448.0
393.0,469.0
394.0,458.0
395.0,457.0
396.0,486.0
397.0,460.0
398.0,474.0
399.0,468.0
400.0,466.0
401.0,454.0
402.0,486.0
403.0,515.0
404.0,454.0
405.0,490.0
406.0,465.0
407.0,463.0
408.0,496.0
409.0,476.0
410.0,484.0
411.0,472.0
412.0,509.0
413.0,469.0
414.0,462.0
415.0,471.0
416.0,462.0
417.0,501.0
418.0,441.0
419.0,468.0
420.0,479.0
421.0,458.0
422.0,471.0
423.0,454.0
424.0,482.0
425.0,454.0
426.0,470.0
427.0,474.0
428.0,479.0
429.0,467.0
430.0,474.0
431.0,497.0
432.0,471.0
433.0,494.0
434.0,475.0
435.0,460.0
436.0,471.0
437.0,467.0
438.0,463.0
439.0,468.0
440.0,476.0
441.0,476.0
442.0,470.0
443.0,473.0
444.0,475.0
445.0,488.0
446.0,479.0
447.0,476.0
448.0,468.0
449.0,452.0
450.0,485.0
451.0,434.0
452.0,469.0
453.0,509.0
454.0,473.0
455.0,468.0
456.0,477.0
457.0,473.0
458.0,483.0
459.0,474.0
460.0,483.0
461.0,469.0
462.0,472.0
463.0,497.0
464.0,464.0
465.0,467.0
466.0,485.0
467.0,467.0
468.0,472.0
469.0,460.0
470.0,480.0
471.0,475.0
472.0,480.0
473.0,465.0
474.0,477.0
475.0,487.0
476.0,465.0
477.0,472.0
478.0,449.0
479.0,469.0
480.0,480.0
481.0,456.0
482.0,488.0
483.0,455.0
484.0,477.0
485.0,473.0
486.0,484.0
487.0,463.0
488.0,474.0
489.0,455.0
490.0,485.0
491.0,465.0
492.0,451.0
493.0,488.0
494.0,445.0
495.0,489.0
496.0,460.0
497.0,466.0
498.0,497.0
499.0,481.0
500.0,472.0
501.0,475.0
502.0,471.0
503.0,483.0
504.0,481.0
505.0,462.0
506.0,479.0
507.0,463.0
508.0,468.0
509.0,478.0
510.0,475.0
511.0,445.0
512.0,462.0
513.0,471.0
514.0,470.0
515.0,464.0
516.0,494.0
517.0,455.0
518.0,471.0
519.0,468.0
520.0,489.0
521.0,466.0
522.0,492.0
523.0,468.0
524.0,484.0
525.0,461.0
526.0,475.0
527.0,470.0
528.0,457.0
529.0,465.0
530.0,456.0
531.0,467.0
532.0,481.0
533.0,472.0
534.0,474.0
535.0,470.0
536.0,456.0
537.0,472.0
538.0,459.0
539.0,468.0
540.0,447.0
541.0,436.0
542.0,435.0
543.0,444.0
544.0,485.0
545.0,456.0
546.0,479.0
547.0,459.0
548.0,474.0
549.0,449.0
550.0,470.0
551.0,450.0
552.0,451.0
553.0,435.0
554.0,464.0
555.0,447.0
556.0,453.0
557.0,455.0
558.0,450.0
559.0,453.0
560.0,463.0
561.0,432.0
562.0,464.0
563.0,455.0
564.0,436.0
565.0,459.0
566.0,462.0
567.0,475.0
568.0,464.0
569.0,478.0
570.0,439.0
571.0,455.0
572.0,422.0
573.0,440.0
574.0,467.0
575.0,450.0
576.0,455.0
577.0,439.0
578.0,452.0
579.0,438.0
580.0,466.0
581.0,453.0
582.0,440.0
583.0,439.0
584.0,446.0
585.0,448.0
586.0,427.0
587.0,459.0
588.0,448.0
589.0,442.0
590.0,434.0
591.0,452.0
592.0,433.0
593.0,435.0
594.0,448.0
595.0,435.0
596.0,446.0
597.0,451.0
598.0,442.0
599.0,435.0
600.0,423.0
601.0,438.0
602.0,450.0
603.0,470.0
604.0,455.0
605.0,465.0
606.0,457.0
607.0,426.0
608.0,419.0
609.0,445.0
610.0,445.0
611.0,420.0
612.0,441.0
613.0,445.0
614.0,432.0
615.0,425.0
616.0,423.0
617.0,403.0
618.0,412.0
619.0,439.0
620.0,436.0
621.0,419.0
622.0,439.0
623.0,429.0
624.0,422.0
625.0,437.0
626.0,409.0
627.0,420.0
628.0,416.0
629.0,420.0
630.0,420.0
631.0,427.0
632.0,421.0
633.0,414.0
634.0,419.0
635.0,424.0
636.0,394.0
637.0,425.0
638.0,433.0
639.0,426.0
640.0,420.0
641.0,413.0
642.0,412.0
643.0,401.0
644.0,398.0
645.0,417.0
646.0,432.0
647.0,404.0
648.0,400.0
649.0,407.0
650.0,407.0
651.0,413.0
652.0,394.0
653.0,426.0
654.0,418.0
655.0,424.0
656.0,398.0
657.0,407.0
658.0,409.0
659.0,410.0
660.0,439.0
661.0,396.0
662.0,400.0
663.0,401.0
664.0,397.0
665.0,400.0
666.0,432.0
667.0,396.0
668.0,395.0
669.0,402.0
670.0,400.0
671.0,380.0
672.0,393.0
673.0,407.0
674.0,406.0
675.0,398.0
676.0,384.0
677.0,380.0
678.0,406.0
679.0,396.0
680.0,394.0
681.0,398.0
682.0,395.0
683.0,388.0
684.0,391.0
685.0,398.0
686.0,381.0
687.0,394.0
688.0,416.0
689.0,377.0
690.0,389.0
691.0,381.0
692.0,395.0
693.0,408.0
694.0,372.0
695.0,379.0
696.0,417.0
697.0,395.0
698.0,401.0
699.0,370.0
700.0,383.0
701.0,375.0
702.0,373.0
703.0,380.0
704.0,398.0
705.0,389.0
706.0,345.0
707.0,394.0
708.0,373.0
709.0,382.0
710.0,358.0
711.0,371.0
712.0,384.0
713.0,375.0
714.0,365.0
715.0,382.0
716.0,366.0
717.0,359.0
718.0,368.0
719.0,359.0
720.0,383.0
721.0,362.0
722.0,380.0
723.0,382.0
724.0,385.0
725.0,382.0
726.0,367.0
727.0,377.0
728.0,366.0
729.0,377.0
730.0,378.0
731.0,374.0
732.0,362.0
733.0,371.0
734.0,351.0
735.0,382.0
736.0,356.0
737.0,345.0
738.0,376.0
739.0,368.0
740.0,358.0
741.0,364.0
742.0,360.0
743.0,358.0
744.0,369.0
745.0,358.0
746.0,358.0
747.0,318.0
748.0,342.0
749.0,378.0
750.0,359.0
751.0,365.0
752.0,344.0
753.0,380.0
754.0,348.0
755.0,351.0
756.0,351.0
757.0,333.0
758.0,377.0
759.0,330.0
760.0,319.0
761.0,332.0
762.0,337.0
763.0,323.0
764.0,350.0
765.0,344.0
766.0,356.0
767.0,348.0
768.0,340.0
769.0,342.0
770.0,341.0
771.0,336.0
772.0,314.0
773.0,339.0
774.0,350.0
775.0,308.0
776.0,322.0
777.0,327.0
778.0,351.0
779.0,336.0
780.0,348.0
781.0,342.0
782.0,314.0
783.0,326.0
784.0,341.0
785.0,337.0
786.0,337.0
787.0,322.0
788.0,316.0
789.0,342.0
790.0,315.0
791.0,311.0
792.0,340.0
793.0,325.0
794.0,309.0
795.0,333.0
796.0,322.0
797.0,309.0
798.0,326.0
799.0,319.0
800.0,320.0
801.0,313.0
802.0,306.0
803.0,325.0
804.0,313.0
805.0,310.0
806.0,313.0
807.0,318.0
808.0,310.0
809.0,300.0
810.0,329.0
811.0,306.0
812.0,294.0
813.0,297.0
814.0,316.0
815.0,319.0
816.0,318.0
817.0,332.0
818.0,305.0
819.0,327.0
820.0,315.0
821.0,307.0
822.0,303.0
823.0,326.0
824.0,309.0
825.0,317.0
826.0,333.0
827.0,345.0
828.0,320.0
829.0,296.0
830.0,305.0
831.0,310.0
832.0,309.0
833.0,307.0
834.0,299.0
835.0,316.0
836.0,317.0
837.0,296.0
838.0,318.0
839.0,310.0
840.0,307.0
841.0,300.0
842.0,306.0
843.0,305.0
844.0,299.0
845.0,319.0
846.0,304.0
847.0,307.0
848.0,305.0
849.0,305.0
850.0,300.0
851.0,309.0
852.0,298.0
853.0,298.0
854.0,297.0
855.0,304.0
856.0,304.0
857.0,294.0
858.0,308.0
859.0,322.0
860.0,306.0
861.0,323.0
862.0,311.0
863.0,304.0
864.0,292.0
865.0,312.0
866.0,302.0
867.0,301.0
868.0,316.0
869.0,300.0
870.0,296.0
871.0,301.0
872.0,278.0
873.0,305.0
874.0,292.0
875.0,309.0
876.0,292.0
877.0,302.0
878.0,306.0
879.0,293.0
880.0,303.0
881.0,296.0
882.0,300.0
883.0,311.0
884.0,284.0
885.0,299.0
886.0,286.0
887.0,267.0
888.0,285.0
889.0,289.0
890.0,273.0
891.0,287.0
892.0,304.0
893.0,288.0
894.0,274.0
895.0,298.0
896.0,287.0
897.0,289.0
898.0,296.0
899.0,284.0
900.0,285.0
901.0,295.0
902.0,276.0
903.0,288.0
904.0,261.0
905.0,312.0
906.0,304.0
907.0,295.0
908.0,291.0
909.0,291.0
910.0,287.0
911.0,289.0
912.0,291.0
913.0,267.0
914.0,281.0
915.0,293.0
916.0,258.0
917.0,284.0
918.0,276.0
919.0,281.0
920.0,280.0
921.0,289.0
922.0,289.0
923.0,274.0
924.0,290.0
925.0,271.0
926.0,289.0
927.0,305.0
928.0,285.0
929.0,299.0
930.0,265.0
931.0,290.0
932.0,289.0
933.0,286.0
934.0,288.0
935.0,287.0
936.0,293.0
937.0,289.0
938.0,289.0
939.0,292.0
940.0,284.0
941.0,272.0
942.0,276.0
943.0,285.0
944.0,310.0
945.0,308.0
946.0,271.0
947.0,261.0
948.0,293.0
949.0,291.0
950.0,282.0
951.0,294.0
952.0,281.0
953.0,277.0
954.0,271.0
955.0,290.0
956.0,283.0
957.0,282.0
958.0,294.0
959.0,278.0
960.0,310.0
961.0,278.0
962.0,278.0
963.0,279.0
964.0,303.0
965.0,273.0
966.0,278.0
967.0,275.0
968.0,278.0
969.0,282.0
970.0,293.0
971.0,275.0
972.0,272.0
973.0,275.0
974.0,294.0
975.0,282.0
976.0,291.0
977.0,296.0
978.0,271.0
979.0,297.0
980.0,269.0
981.0,283.0
982.0,275.0
983.0,299.0
984.0,270.0
985.0,290.0
986.0,269.0
987.0,288.0
988.0,278.0
989.0,278.0
990.0,293.0
991.0,306.0
992.0,268.0
993.0,280.0
994.0,300.0
995.0,295.0
996.0,266.0
997.0,267.0
998.0,283.0
999.0,296.0
1000.0,291.0
1001.0,283.0
1002.0,265.0
1003.0,280.0
1004.0,253.0
1005.0,282.0
1006.0,304.0
1007.0,285.0
1008.0,296.0
1009.0,263.0
1010.0,299.0
1011.0,277.0
1012.0,283.0
1013.0,274.0
1014.0,297.0
1015.0,305.0
1016.0,285.0
1017.0,268.0
1018.0,282.0
1019.0,277.0
1020.0,285.0
1021.0,292.0
1022.0,276.0
1023.0,270.0
