0.0,205.0
1.0,345.0
2.0,361.0
3.0,414.0
4.0,439.0
5.0,424.0
6.0,440.0
7.0,464.0
8.0,446.0
9.0,462.0
10.0,448.0
11.0,423.0
12.0,466.0
13.0,462.0
14.0,455.0
15.0,476.0
16.0,506.0
17.0,486.0
18.0,494.0
19.0,511.0
20.0,505.0
21.0,543.0
22.0,562.0
23.0,552.0
24.0,564.0
25.0,555.0
26.0,559.0
27.0,601.0
28.0,530.0
29.0,530.0
30.0,551.0
31.0,541.0
32.0,566.0
33.0,587.0
34.0,569.0
35.0,604.0
36.0,640.0
37.0,613.0
38.0,601.0
39.0,610.0
40.0,651.0
41.0,641.0
42.0,676.0
43.0,665.0
44.0,651.0
45.0,672.0
46.0,629.0
47.0,651.0
48.0,666.0
49.0,685.0
50.0,712.0
51.0,696.0
52.0,716.0
53.0,708.0
54.0,720.0
55.0,736.0
56.0,765.0
57.0,753.0
58.0,767.0
59.0,769.0
60.0,811.0
61.0,808.0
62.0,825.0
63.0,831.0
64.0,799.0
65.0,796.0
66.0,811.0
67.0,826.0
68.0,842.0
69.0,855.0
70.0,853.0
71.0,886.0
72.0,859.0
73.0,903.0
74.0,936.0
75.0,920.0
76.0,933.0
77.0,902.0
78.0,940.0
79.0,960.0
80.0,948.0
81.0,1002.0
82.0,910.0
83.0,941.0
84.0,937.0
85.0,964.0
86.0,973.0
87.0,993.0
88.0,999.0
89.0,1027.0
90.0,1031.0
91.0,1035.0
92.0,1054.0
93.0,1019.0
94.0,1054.0
95.0,1059.0
96.0,1065.0
97.0,1078.0
98.0,1097.0
99.0,1103.0
100.0,1086.0
101.0,1086.0
102.0,1090.0
103.0,1114.0
104.0,1108.0
105.0,1090.0
106.0,1165.0
107.0,1172.0
108.0,1197.0
109.0,1226.0
110.0,1247.0
111.0,1207.0
112.0,1210.0
113.0,1225.0
114.0,1248.0
115.0,1236.0
116.0,1256.0
117.0,1265.0
118.0,1263.0
119.0,1260.0
120.0,1242.0
121.0,1255.0
122.0,1311.0
123.0,1316.0
124.0,1340.0
125.0,1352.0
126.0,1381.0
127.0,1349.0
128.0,1343.0
129.0,1386.0
130.0,1424.0
131.0,1395.0
132.0,1417.0
133.0,1445.0
134.0,1418.0
135.0,1434.0
136.0,1406.0
137.0,1439.0
138.0,1408.0
139.0,1433.0
140.0,1425.0
141.0,1521.0
142.0,1493.0
143.0,1558.0
144.0,1534.0
145.0,1561.0
146.0,1538.0
147.0,1553.0
148.0,1578.0
149.0,1573.0
150.0,1582.0
151.0,1631.0
152.0,1626.0
153.0,1620.0
154.0,1596.0
155.0,1662.0
156.0,1652.0
157.0,1669.0
158.0,1674.0
159.0,1682.0
160.0,1752.0
161.0,1667.0
162.0,1708.0
163.0,1719.0
164.0,1735.0
165.0,1730.0
166.0,1784.0
167.0,1769.0
168.0,1797.0
169.0,1822.0
170.0,1805.0
171.0,1810.0
172.0,1838.0
173.0,1831.0
174.0,1814.0
175.0,1912.0
176.0,1828.0
177.0,1902.0
178.0,1922.0
179.0,1920.0
180.0,1932.0
181.0,1933.0
182.0,1969.0
183.0,1955.0
184.0,1980.0
185.0,1994.0
186.0,2011.0
187.0,1984.0
188.0,2001.0
189.0,2033.0
190.0,2017.0
191.0,2038.0
192.0,2017.0
193.0,2065.0
194.0,2025.0
195.0,2084.0
196.0,2093.0
197.0,2070.0
198.0,2145.0
199.0,2157.0
200.0,2178.0
201.0,2182.0
202.0,2178.0
203.0,2222.0
204.0,2191.0
205.0,2211.0
206.0,2200.0
207.0,2161.0
208.0,2245.0
209.0,2286.0
210.0,2280.0
211.0,2280.0
212.0,2305.0
213.0,2313.0
214.0,2349.0
215.0,2316.0
216.0,2380.0
217.0,2331.0
218.0,2395.0
219.0,2424.0
220.0,2392.0
221.0,2391.0
222.0,2465.0
223.0,2461.0
224.0,2434.0
225.0,2412.0
226.0,2427.0
227.0,2484.0
228.0,2477.0
229.0,2481.0
230.0,2486.0
231.0,2548.0
232.0,2536.0
233.0,2566.0
234.0,2555.0
235.0,2573.0
236.0,2572.0
237.0,2615.0
238.0,2626.0
239.0,2609.0
240.0,2617.0
241.0,2636.0
242.0,2681.0
243.0,2668.0
244.0,2658.0
245.0,2694.0
246.0,2721.0
247.0,2720.0
248.0,2709.0
249.0,2726.0
250.0,2743.0
251.0,2763.0
252.0,2738.0
253.0,2796.0
254.0,2814.0
255.0,2804.0
256.0,2822.0
257.0,2809.0
258.0,2833.0
259.0,2836.0
260.0,2915.0
261.0,2899.0
262.0,2871.0
263.0,2882.0
264.0,2897.0
265.0,2937.0
266.0,2974.0
267.0,2931.0
268.0,2972.0
269.0,2941.0
270.0,3002.0
271.0,2975.0
272.0,2985.0
273.0,3004.0
274.0,3051.0
275.0,3019.0
276.0,3026.0
277.0,3104.0
278.0,3071.0
279.0,3015.0
280.0,3078.0
281.0,3094.0
282.0,3126.0
283.0,3156.0
284.0,3118.0
285.0,3186.0
286.0,3149.0
287.0,3203.0
288.0,3186.0
289.0,3172.0
290.0,3237.0
291.0,3224.0
292.0,3241.0
293.0,3257.0
294.0,3289.0
295.0,3229.0
296.0,3268.0
297.0,3276.0
298.0,3258.0
299.0,3318.0
300.0,3290.0
301.0,3273.0
302.0,3333.0
303.0,3357.0
304.0,3320.0
305.0,3381.0
306.0,3396.0
307.0,3431.0
308.0,3404.0
309.0,3396.0
310.0,3440.0
311.0,3406.0
312.0,3446.0
313.0,3488.0
314.0,3479.0
315.0,3473.0
316.0,3479.0
317.0,3489.0
318.0,3504.0
319.0,3515.0
320.0,3571.0
321.0,3476.0
322.0,3564.0
323.0,3524.0
324.0,3572.0
325.0,3546.0
326.0,3610.0
327.0,3558.0
328.0,3616.0
329.0,3605.0
330.0,3696.0
331.0,3632.0
332.0,3701.0
333.0,3702.0
334.0,3643.0
335.0,3697.0
336.0,3635.0
337.0,3644.0
338.0,3634.0
339.0,3658.0
340.0,3731.0
341.0,3802.0
342.0,3740.0
343.0,3699.0
344.0,3785.0
345.0,3800.0
346.0,3751.0
347.0,3756.0
348.0,3828.0
349.0,3830.0
350.0,3819.0
351.0,3816.0
352.0,3865.0
353.0,3846.0
354.0,3843.0
355.0,3919.0
356.0,3874.0
357.0,3887.0
358.0,3932.0
359.0,3886.0
360.0,3914.0
361.0,3934.0
362.0,3959.0
363.0,3971.0
364.0,3884.0
365.0,3879.0
366.0,3944.0
367.0,4000.0
368.0,3997.0
369.0,4016.0
370.0,4012.0
371.0,4016.0
372.0,3949.0
373.0,4050.0
374.0,4053.0
375.0,4015.0
376.0,3956.0
377.0,4048.0
378.0,4101.0
379.0,4005.0
380.0,4103.0
381.0,4061.0
382.0,4057.0
383.0,4007.0
384.0,4072.0
385.0,4055.0
386.0,4124.0
387.0,4078.0
388.0,4077.0
389.0,4116.0
390.0,4098.0
391.0,4123.0
392.0,4148.0
393.0,4137.0
394.0,4106.0
395.0,4145.0
396.0,4132.0
397.0,4210.0
398.0,4124.0
399.0,4206.0
400.0,4164.0
401.0,4165.0
402.0,4201.0
403.0,4171.0
404.0,4193.0
405.0,4250.0
406.0,4234.0
407.0,4208.0
408.0,4213.0
409.0,4228.0
410.0,4243.0
411.0,4288.0
412.0,4227.0
413.0,4253.0
414.0,4199.0
415.0,4285.0
416.0,4277.0
417.0,4278.0
418.0,4260.0
419.0,4308.0
420.0,4245.0
421.0,4240.0
422.0,4267.0
423.0,4347.0
424.0,4275.0
425.0,4273.0
426.0,4308.0
427.0,4333.0
428.0,4303.0
429.0,4237.0
430.0,4342.0
431.0,4316.0
432.0,4341.0
433.0,4373.0
434.0,4310.0
435.0,4339.0
436.0,4313.0
437.0,4317.0
438.0,4361.0
439.0,4239.0
440.0,4311.0
441.0,4333.0
442.0,4343.0
443.0,4282.0
444.0,4299.0
445.0,4358.0
446.0,4313.0
447.0,4366.0
448.0,4367.0
449.0,4334.0
450.0,4339.0
451.0,4378.0
452.0,4383.0
453.0,4381.0
454.0,4355.0
455.0,4372.0
456.0,4379.0
457.0,4387.0
458.0,4358.0
459.0,4411.0
460.0,4411.0
461.0,4398.0
462.0,4324.0
463.0,4368.0
464.0,4338.0
465.0,4404.0
466.0,4316.0
467.0,4358.0
468.0,4396.0
469.0,4435.0
470.0,4380.0
471.0,4372.0
472.0,4349.0
473.0,4379.0
474.0,4390.0
475.0,4362.0
476.0,4391.0
477.0,4357.0
478.0,4342.0
479.0,4391.0
480.0,4373.0
481.0,4385.0
482.0,4354.0
483.0,4438.0
484.0,4349.0
485.0,4422.0
486.0,4375.0
487.0,4362.0
488.0,4385.0
489.0,4393.0
490.0,4418.0
491.0,4374.0
492.0,4405.0
493.0,4417.0
494.0,4391.0
495.0,4368.0
496.0,4340.0
497.0,4377.0
498.0,4420.0
499.0,4433.0
500.0,4397.0
501.0,4378.0
502.0,4377.0
503.0,4473.0
504.0,4320.0
505.0,4398.0
506.0,4359.0
507.0,4449.0
508.0,4355.0
509.0,4324.0
510.0,4398.0
511.0,4376.0
512.0,4369.0
513.0,4361.0
514.0,4367.0
515.0,4382.0
516.0,4353.0
517.0,4280.0
518.0,4322.0
519.0,4441.0
520.0,4372.0
521.0,4364.0
522.0,4276.0
523.0,4407.0
524.0,4331.0
525.0,4281.0
526.0,4365.0
527.0,4322.0
528.0,4346.0
529.0,4351.0
530.0,4329.0
531.0,4325.0
532.0,4267.0
533.0,4306.0
534.0,4232.0
535.0,4235.0
536.0,4332.0
537.0,4259.0
538.0,4300.0
539.0,4324.0
540.0,4187.0
541.0,4391.0
542.0,4293.0
543.0,4298.0
544.0,4253.0
545.0,4286.0
546.0,4298.0
547.0,4256.0
548.0,4244.0
549.0,4246.0
550.0,4208.0
551.0,4304.0
552.0,4239.0
553.0,4287.0
554.0,4232.0
555.0,4151.0
556.0,4231.0
557.0,4267.0
558.0,4246.0
559.0,4210.0
560.0,4134.0
561.0,4244.0
562.0,4203.0
563.0,4240.0
564.0,4160.0
565.0,4234.0
566.0,4182.0
567.0,4157.0
568.0,4121.0
569.0,4150.0
570.0,4167.0
571.0,4098.0
572.0,4155.0
573.0,4086.0
574.0,4120.0
575.0,4084.0
576.0,4116.0
577.0,4151.0
578.0,4039.0
579.0,4099.0
580.0,4096.0
581.0,4088.0
582.0,4099.0
583.0,4031.0
584.0,4040.0
585.0,4106.0
586.0,4026.0
587.0,4013.0
588.0,4021.0
589.0,4022.0
590.0,4076.0
591.0,3960.0
592.0,4007.0
593.0,3978.0
594.0,3959.0
595.0,3929.0
596.0,4005.0
597.0,3996.0
598.0,3981.0
599.0,3927.0
600.0,3962.0
601.0,3972.0
602.0,3917.0
603.0,3961.0
604.0,3826.0
605.0,3955.0
606.0,3906.0
607.0,3939.0
608.0,3917.0
609.0,3953.0
610.0,3903.0
611.0,3910.0
612.0,3955.0
613.0,3804.0
614.0,3835.0
615.0,3832.0
616.0,3871.0
617.0,3843.0
618.0,3793.0
619.0,3832.0
620.0,3763.0
621.0,3766.0
622.0,3726.0
623.0,3824.0
624.0,3720.0
625.0,3777.0
626.0,3744.0
627.0,3748.0
628.0,3741.0
629.0,3684.0
630.0,3718.0
631.0,3715.0
632.0,3659.0
633.0,3623.0
634.0,3727.0
635.0,3657.0
636.0,3619.0
637.0,3705.0
638.0,3602.0
639.0,3619.0
640.0,3633.0
641.0,3580.0
642.0,3588.0
643.0,3568.0
644.0,3578.0
645.0,3522.0
646.0,3556.0
647.0,3595.0
648.0,3523.0
649.0,3518.0
650.0,3551.0
651.0,3522.0
652.0,3499.0
653.0,3460.0
654.0,3471.0
655.0,3438.0
656.0,3510.0
657.0,3475.0
658.0,3388.0
659.0,3397.0
660.0,3423.0
661.0,3391.0
662.0,3400.0
663.0,3381.0
664.0,3397.0
665.0,3320.0
666.0,3411.0
667.0,3239.0
668.0,3304.0
669.0,3314.0
670.0,3291.0
671.0,3284.0
672.0,3295.0
673.0,3273.0
674.0,3217.0
675.0,3256.0
676.0,3235.0
677.0,3217.0
678.0,3200.0
679.0,3183.0
680.0,3178.0
681.0,3196.0
682.0,3170.0
683.0,3113.0
684.0,3153.0
685.0,3074.0
686.0,3172.0
687.0,3065.0
688.0,3081.0
689.0,3099.0
690.0,3049.0
691.0,3079.0
692.0,3022.0
693.0,3028.0
694.0,3015.0
695.0,2976.0
696.0,2950.0
697.0,2941.0
698.0,2983.0
699.0,2919.0
700.0,2954.0
701.0,2936.0
702.0,2892.0
703.0,2919.0
704.0,2889.0
705.0,2907.0
706.0,2902.0
707.0,2866.0
708.0,2859.0
709.0,2785.0
710.0,2848.0
711.0,2757.0
712.0,2795.0
713.0,2765.0
714.0,2791.0
715.0,2707.0
716.0,2757.0
717.0,2755.0
718.0,2724.0
719.0,2739.0
720.0,2694.0
721.0,2757.0
722.0,2675.0
723.0,2670.0
724.0,2682.0
725.0,2627.0
726.0,2598.0
727.0,2604.0
728.0,2601.0
729.0,2536.0
730.0,2537.0
731.0,2593.0
732.0,2552.0
733.0,2544.0
734.0,2499.0
735.0,2524.0
736.0,2533.0
737.0,2499.0
738.0,2496.0
739.0,2500.0
740.0,2444.0
741.0,2437.0
742.0,2444.0
743.0,2410.0
744.0,2464.0
745.0,2417.0
746.0,2446.0
747.0,2381.0
748.0,2371.0
749.0,2336.0
750.0,2366.0
751.0,2323.0
752.0,2339.0
753.0,2352.0
754.0,2342.0
755.0,2311.0
756.0,2211.0
757.0,2250.0
758.0,2264.0
759.0,2215.0
760.0,2221.0
761.0,2212.0
762.0,2203.0
763.0,2215.0
764.0,2175.0
765.0,2129.0
766.0,2196.0
767.0,2146.0
768.0,2144.0
769.0,2133.0
770.0,2108.0
771.0,2109.0
772.0,2102.0
773.0,2016.0
774.0,2070.0
775.0,2070.0
776.0,2017.0
777.0,2040.0
778.0,2055.0
779.0,1982.0
780.0,2040.0
781.0,1952.0
782.0,1951.0
783.0,1976.0
784.0,1946.0
785.0,1973.0
786.0,1938.0
787.0,1905.0
788.0,1908.0
789.0,1913.0
790.0,1893.0
791.0,1891.0
792.0,1861.0
793.0,1855.0
794.0,1784.0
795.0,1832.0
796.0,1801.0
797.0,1825.0
798.0,1782.0
799.0,1800.0
800.0,1751.0
801.0,1742.0
802.0,1765.0
803.0,1733.0
804.0,1708.0
805.0,1722.0
806.0,1743.0
807.0,1715.0
808.0,1670.0
809.0,1695.0
810.0,1627.0
811.0,1625.0
812.0,1627.0
813.0,1638.0
814.0,1666.0
815.0,1598.0
816.0,1596.0
817.0,1554.0
818.0,1566.0
819.0,1577.0
820.0,1574.0
821.0,1581.0
822.0,1523.0
823.0,1522.0
824.0,1521.0
825.0,1522.0
826.0,1514.0
827.0,1490.0
828.0,1476.0
829.0,1462.0
830.0,1419.0
831.0,1445.0
832.0,1439.0
833.0,1411.0
834.0,1410.0
835.0,1426.0
836.0,1399.0
837.0,1398.0
838.0,1363.0
839.0,1350.0
840.0,1377.0
841.0,1392.0
842.0,1323.0
843.0,1339.0
844.0,1323.0
845.0,1287.0
846.0,1295.0
847.0,1286.0
848.0,1277.0
849.0,1256.0
850.0,1282.0
851.0,1264.0
852.0,1243.0
853.0,1220.0
854.0,1248.0
855.0,1264.0
856.0,1246.0
857.0,1188.0
858.0,1224.0
859.0,1195.0
860.0,1176.0
861.0,1132.0
862.0,1154.0
863.0,1151.0
864.0,1133.0
865.0,1145.0
866.0,1131.0
867.0,1113.0
868.0,1081.0
869.0,1087.0
870.0,1096.0
871.0,1074.0
872.0,1086.0
873.0,1043.0
874.0,1021.0
875.0,1057.0
876.0,1009.0
877.0,1038.0
878.0,995.0
879.0,1008.0
880.0,1007.0
881.0,995.0
882.0,974.0
883.0,1016.0
884.0,937.0
885.0,962.0
886.0,946.0
887.0,931.0
888.0,914.0
889.0,947.0
890.0,955.0
891.0,922.0
892.0,912.0
893.0,904.0
894.0,896.0
895.0,863.0
896.0,867.0
897.0,886.0
898.0,864.0
899.0,850.0
900.0,869.0
901.0,850.0
902.0,844.0
903.0,803.0
904.0,814.0
905.0,817.0
906.0,810.0
907.0,799.0
908.0,806.0
909.0,771.0
910.0,773.0
911.0,754.0
912.0,783.0
913.0,763.0
914.0,760.0
915.0,749.0
916.0,749.0
917.0,704.0
918.0,726.0
919.0,712.0
920.0,725.0
921.0,737.0
922.0,693.0
923.0,670.0
924.0,715.0
925.0,674.0
926.0,671.0
927.0,677.0
928.0,648.0
929.0,646.0
930.0,662.0
931.0,641.0
932.0,624.0
933.0,638.0
934.0,645.0
935.0,640.0
936.0,629.0
937.0,597.0
938.0,589.0
939.0,600.0
940.0,572.0
941.0,593.0
942.0,607.0
943.0,585.0
944.0,566.0
945.0,580.0
946.0,588.0
947.0,574.0
948.0,552.0
949.0,559.0
950.0,545.0
951.0,539.0
952.0,542.0
953.0,556.0
954.0,523.0
955.0,503.0
956.0,545.0
957.0,512.0
958.0,498.0
959.0,513.0
960.0,512.0
961.0,507.0
962.0,495.0
963.0,480.0
964.0,502.0
965.0,466.0
966.0,485.0
967.0,487.0
968.0,473.0
969.0,443.0
970.0,490.0
971.0,440.0
972.0,460.0
973.0,449.0
974.0,458.0
975.0,465.0
976.0,438.0
977.0,449.0
978.0,433.0
979.0,435.0
980.0,433.0
981.0,423.0
982.0,442.0
983.0,443.0
984.0,399.0
985.0,430.0
986.0,411.0
987.0,405.0
988.0,398.0
989.0,414.0
990.0,392.0
991.0,394.0
992.0,412.0
993.0,402.0
994.0,395.0
995.0,406.0
996.0,397.0
997.0,369.0
998.0,376.0
999.0,390.0
1000.0,373.0
1001.0,388.0
1002.0,352.0
1003.0,378.0
1004.0,351.0
1005.0,374.0
1006.0,375.0
1007.0,378.0
1008.0,367.0
1009.0,373.0
1010.0,361.0
1011.0,336.0
1012.0,354.0
1013.0,358.0
1014.0,345.0
1015.0,349.0
1016.0,366.0
1017.0,329.0
1018.0,354.0
1019.0,332.0
1020.0,357.0
1021.0,333.0
1022.0,344.0
1023.0,349.0
