0.0,127.0
1.0,155.0
2.0,160.0
3.0,206.0
4.0,201.0
5.0,211.0
6.0,221.0
7.0,220.0
8.0,214.0
9.0,237.0
10.0,228.0
11.0,228.0
12.0,221.0
13.0,227.0
14.0,223.0
15.0,249.0
16.0,250.0
17.0,228.0
18.0,240.0
19.0,227.0
20.0,226.0
21.0,254.0
22.0,241.0
23.0,237.0
24.0,255.0
25.0,250.0
26.0,254.0
27.0,279.0
28.0,254.0
29.0,259.0
30.0,253.0
31.0,263.0
32.0,273.0
33.0,300.0
34.0,271.0
35.0,283.0
36.0,260.0
37.0,281.0
38.0,269.0
39.0,285.0
40.0,272.0
41.0,284.0
42.0,294.0
43.0,276.0
44.0,291.0
45.0,297.0
46.0,289.0
47.0,280.0
48.0,292.0
49.0,307.0
50.0,291.0
51.0,327.0
52.0,316.0
53.0,341.0
54.0,334.0
55.0,367.0
56.0,345.0
57.0,364.0
58.0,342.0
59.0,366.0
60.0,349.0
61.0,348.0
62.0,387.0
63.0,351.0
64.0,388.0
65.0,374.0
66.0,374.0
67.0,362.0
68.0,373.0
69.0,383.0
70.0,340.0
71.0,376.0
72.0,366.0
73.0,385.0
74.0,379.0
75.0,400.0
76.0,385.0
77.0,406.0
78.0,368.0
79.0,400.0
80.0,380.0
81.0,381.0
82.0,413.0
83.0,394.0
84.0,391.0
85.0,386.0
86.0,392.0
87.0,409.0
88.0,410.0
89.0,438.0
90.0,397.0
91.0,410.0
92.0,418.0
93.0,418.0
94.0,405.0
95.0,429.0
96.0,439.0
97.0,433.0
98.0,421.0
99.0,433.0
100.0,432.0
101.0,424.0
102.0,440.0
103.0,443.0
104.0,447.0
105.0,457.0
106.0,423.0
107.0,465.0
108.0,458.0
109.0,433.0
110.0,445.0
111.0,447.0
112.0,478.0
113.0,445.0
114.0,486.0
115.0,467.0
116.0,478.0
117.0,475.0
118.0,461.0
119.0,479.0
120.0,476.0
121.0,487.0
122.0,492.0
123.0,448.0
124.0,508.0
125.0,488.0
126.0,500.0
127.0,500.0
128.0,485.0
129.0,516.0
130.0,492.0
131.0,487.0
132.0,507.0
133.0,506.0
134.0,504.0
135.0,490.0
136.0,537.0
137.0,533.0
138.0,549.0
139.0,535.0
140.0,535.0
141.0,527.0
142.0,530.0
143.0,549.0
144.0,511.0
145.0,541.0
146.0,520.0
147.0,552.0
148.0,535.0
149.0,550.0
150.0,562.0
151.0,573.0
152.0,567.0
153.0,565.0
154.0,571.0
155.0,587.0
156.0,601.0
157.0,578.0
158.0,565.0
159.0,575.0
160.0,586.0
161.0,596.0
162.0,583.0
163.0,593.0
164.0,564.0
165.0,591.0
166.0,597.0
167.0,634.0
168.0,622.0
169.0,614.0
170.0,604.0
171.0,612.0
172.0,603.0
173.0,645.0
174.0,643.0
175.0,637.0
176.0,624.0
177.0,645.0
178.0,640.0
179.0,622.0
180.0,651.0
181.0,645.0
182.0,659.0
183.0,687.0
184.0,645.0
185.0,637.0
186.0,638.0
187.0,670.0
188.0,676.0
189.0,655.0
190.0,670.0
191.0,689.0
192.0,683.0
193.0,661.0
194.0,690.0
195.0,694.0
196.0,687.0
197.0,694.0
198.0,695.0
199.0,701.0
200.0,682.0
201.0,722.0
202.0,706.0
203.0,724.0
204.0,730.0
205.0,704.0
206.0,727.0
207.0,704.0
208.0,735.0
209.0,750.0
210.0,739.0
211.0,751.0
212.0,717.0
213.0,751.0
214.0,750.0
215.0,748.0
216.0,756.0
217.0,724.0
218.0,761.0
219.0,782.0
220.0,758.0
221.0,751.0
222.0,763.0
223.0,768.0
224.0,769.0
225.0,775.0
226.0,800.0
227.0,796.0
228.0,795.0
229.0,792.0
230.0,806.0
231.0,810.0
232.0,808.0
233.0,809.0
234.0,821.0
235.0,859.0
236.0,843.0
237.0,840.0
238.0,837.0
239.0,847.0
240.0,863.0
241.0,828.0
242.0,820.0
243.0,830.0
244.0,849.0
245.0,834.0
246.0,872.0
247.0,881.0
248.0,896.0
249.0,858.0
250.0,882.0
251.0,883.0
252.0,876.0
253.0,864.0
254.0,893.0
255.0,884.0
256.0,862.0
257.0,885.0
258.0,863.0
259.0,889.0
260.0,880.0
261.0,877.0
262.0,888.0
263.0,902.0
264.0,941.0
265.0,918.0
266.0,951.0
267.0,929.0
268.0,920.0
269.0,910.0
270.0,958.0
271.0,901.0
272.0,926.0
273.0,955.0
274.0,984.0
275.0,934.0
276.0,942.0
277.0,935.0
278.0,974.0
279.0,945.0
280.0,951.0
281.0,968.0
282.0,1000.0
283.0,983.0
284.0,977.0
285.0,980.0
286.0,974.0
287.0,971.0
288.0,991.0
289.0,1000.0
290.0,987.0
291.0,990.0
292.0,975.0
293.0,988.0
294.0,1008.0
295.0,1000.0
296.0,977.0
297.0,1027.0
298.0,1031.0
299.0,1029.0
300.0,1041.0
301.0,1054.0
302.0,1028.0
303.0,1084.0
304.0,1018.0
305.0,1049.0
306.0,1061.0
307.0,1043.0
308.0,1058.0
309.0,1038.0
310.0,1045.0
311.0,1049.0
312.0,1033.0
313.0,1033.0
314.0,1071.0
315.0,1052.0
316.0,1054.0
317.0,1063.0
318.0,1083.0
319.0,1075.0
320.0,1073.0
321.0,1077.0
322.0,1075.0
323.0,1059.0
324.0,1087.0
325.0,1089.0
326.0,1086.0
327.0,1086.0
328.0,1091.0
329.0,1108.0
330.0,1111.0
331.0,1081.0
332.0,1099.0
333.0,1110.0
334.0,1119.0
335.0,1083.0
336.0,1145.0
337.0,1123.0
338.0,1151.0
339.0,1148.0
340.0,1140.0
341.0,1156.0
342.0,1140.0
343.0,1112.0
344.0,1133.0
345.0,1140.0
346.0,1125.0
347.0,1137.0
348.0,1146.0
349.0,1162.0
350.0,1141.0
351.0,1143.0
352.0,1145.0
353.0,1149.0
354.0,1142.0
355.0,1165.0
356.0,1141.0
357.0,1208.0
358.0,1187.0
359.0,1189.0
360.0,1162.0
361.0,1193.0
362.0,1188.0
363.0,1200.0
364.0,1181.0
365.0,1207.0
366.0,1222.0
367.0,1188.0
368.0,1216.0
369.0,1189.0
370.0,1188.0
371.0,1206.0
372.0,1204.0
373.0,1256.0
374.0,1196.0
375.0,1209.0
376.0,1197.0
377.0,1207.0
378.0,1224.0
379.0,1237.0
380.0,1220.0
381.0,1184.0
382.0,1193.0
383.0,1266.0
384.0,1238.0
385.0,1247.0
386.0,1225.0
387.0,1243.0
388.0,1218.0
389.0,1204.0
390.0,1218.0
391.0,1249.0
392.0,1238.0
393.0,1214.0
394.0,1259.0
395.0,1229.0
396.0,1243.0
397.0,1243.0
398.0,1256.0
399.0,1229.0
400.0,1274.0
401.0,1259.0
402.0,1248.0
403.0,1228.0
404.0,1234.0
405.0,1263.0
406.0,1232.0
407.0,1262.0
408.0,1268.0
409.0,1239.0
410.0,1281.0
411.0,1280.0
412.0,1258.0
413.0,1267.0
414.0,1295.0
415.0,1268.0
416.0,1297.0
417.0,1302.0
418.0,1279.0
419.0,1257.0
420.0,1244.0
421.0,1312.0
422.0,1260.0
423.0,1309.0
424.0,1303.0
425.0,1300.0
426.0,1306.0
427.0,1300.0
428.0,1295.0
429.0,1290.0
430.0,1312.0
431.0,1317.0
432.0,1320.0
433.0,1292.0
434.0,1320.0
435.0,1289.0
436.0,1335.0
437.0,1312.0
438.0,1300.0
439.0,1292.0
440.0,1306.0
441.0,1300.0
442.0,1275.0
443.0,1324.0
444.0,1294.0
445.0,1305.0
446.0,1297.0
447.0,1356.0
448.0,1336.0
449.0,1284.0
450.0,1330.0
451.0,1311.0
452.0,1308.0
453.0,1322.0
454.0,1325.0
455.0,1336.0
456.0,1277.0
457.0,1318.0
458.0,1258.0
459.0,1303.0
460.0,1347.0
461.0,1331.0
462.0,1335.0
463.0,1304.0
464.0,1347.0
465.0,1341.0
466.0,1335.0
467.0,1342.0
468.0,1345.0
469.0,1316.0
470.0,1295.0
471.0,1351.0
472.0,1315.0
473.0,1312.0
474.0,1321.0
475.0,1342.0
476.0,1296.0
477.0,1363.0
478.0,1364.0
479.0,1312.0
480.0,1310.0
481.0,1328.0
482.0,1341.0
483.0,1306.0
484.0,1344.0
485.0,1342.0
486.0,1318.0
487.0,1328.0
488.0,1313.0
489.0,1360.0
490.0,1316.0
491.0,1334.0
492.0,1325.0
493.0,1314.0
494.0,1305.0
495.0,1301.0
496.0,1316.0
497.0,1327.0
498.0,1325.0
499.0,1318.0
500.0,1327.0
501.0,1323.0
502.0,1345.0
503.0,1337.0
504.0,1360.0
505.0,1355.0
506.0,1321.0
507.0,1312.0
508.0,1297.0
509.0,1334.0
510.0,1313.0
511.0,1309.0
512.0,1318.0
513.0,1288.0
514.0,1327.0
515.0,1286.0
516.0,1347.0
517.0,1309.0
518.0,1302.0
519.0,1314.0
520.0,1334.0
521.0,1312.0
522.0,1345.0
523.0,1322.0
524.0,1319.0
525.0,1319.0
526.0,1301.0
527.0,1299.0
528.0,1324.0
529.0,1304.0
530.0,1334.0
531.0,1308.0
532.0,1353.0
533.0,1330.0
534.0,1323.0
535.0,1312.0
536.0,1337.0
537.0,1261.0
538.0,1254.0
539.0,1265.0
540.0,1289.0
541.0,1318.0
542.0,1295.0
543.0,1268.0
544.0,1313.0
545.0,1295.0
546.0,1279.0
547.0,1326.0
548.0,1283.0
549.0,1284.0
550.0,1307.0
551.0,1275.0
552.0,1276.0
553.0,1245.0
554.0,1277.0
555.0,1268.0
556.0,1250.0
557.0,1250.0
558.0,1254.0
559.0,1266.0
560.0,1245.0
561.0,1285.0
562.0,1294.0
563.0,1283.0
564.0,1305.0
565.0,1275.0
566.0,1265.0
567.0,1271.0
568.0,1271.0
569.0,1238.0
570.0,1249.0
571.0,1252.0
572.0,1279.0
573.0,1262.0
574.0,1256.0
575.0,1275.0
576.0,1227.0
577.0,1217.0
578.0,1201.0
579.0,1239.0
580.0,1246.0
581.0,1219.0
582.0,1230.0
583.0,1232.0
584.0,1182.0
585.0,1192.0
586.0,1200.0
587.0,1199.0
588.0,1235.0
589.0,1213.0
590.0,1212.0
591.0,1182.0
592.0,1221.0
593.0,1183.0
594.0,1227.0
595.0,1183.0
596.0,1177.0
597.0,1186.0
598.0,1168.0
599.0,1188.0
600.0,1221.0
601.0,1158.0
602.0,1156.0
603.0,1208.0
604.0,1147.0
605.0,1181.0
606.0,1177.0
607.0,1122.0
608.0,1175.0
609.0,1147.0
610.0,1152.0
611.0,1153.0
612.0,1177.0
613.0,1134.0
614.0,1122.0
615.0,1142.0
616.0,1121.0
617.0,1153.0
618.0,1121.0
619.0,1102.0
620.0,1144.0
621.0,1132.0
622.0,1090.0
623.0,1120.0
624.0,1132.0
625.0,1153.0
626.0,1074.0
627.0,1113.0
628.0,1096.0
629.0,1114.0
630.0,1099.0
631.0,1126.0
632.0,1093.0
633.0,1105.0
634.0,1121.0
635.0,1086.0
636.0,1112.0
637.0,1092.0
638.0,1079.0
639.0,1065.0
640.0,1100.0
641.0,1106.0
642.0,1096.0
643.0,1090.0
644.0,1067.0
645.0,1113.0
646.0,1064.0
647.0,1096.0
648.0,1025.0
649.0,1077.0
650.0,1050.0
651.0,1067.0
652.0,1046.0
653.0,1029.0
654.0,1050.0
655.0,1034.0
656.0,997.0
657.0,1028.0
658.0,1023.0
659.0,1026.0
660.0,1035.0
661.0,1046.0
662.0,1032.0
663.0,1005.0
664.0,1044.0
665.0,994.0
666.0,1025.0
667.0,991.0
668.0,1014.0
669.0,994.0
670.0,1005.0
671.0,985.0
672.0,1011.0
673.0,979.0
674.0,962.0
675.0,971.0
676.0,1004.0
677.0,987.0
678.0,966.0
679.0,957.0
680.0,965.0
681.0,948.0
682.0,973.0
683.0,963.0
684.0,989.0
685.0,967.0
686.0,965.0
687.0,942.0
688.0,927.0
689.0,956.0
690.0,916.0
691.0,923.0
692.0,937.0
693.0,915.0
694.0,914.0
695.0,926.0
696.0,908.0
697.0,918.0
698.0,933.0
699.0,912.0
700.0,900.0
701.0,903.0
702.0,900.0
703.0,884.0
704.0,916.0
705.0,904.0
706.0,901.0
707.0,876.0
708.0,889.0
709.0,879.0
710.0,895.0
711.0,865.0
712.0,886.0
713.0,900.0
714.0,842.0
715.0,875.0
716.0,827.0
717.0,841.0
718.0,864.0
719.0,860.0
720.0,856.0
721.0,850.0
722.0,864.0
723.0,853.0
724.0,844.0
725.0,834.0
726.0,837.0
727.0,834.0
728.0,810.0
729.0,848.0
730.0,823.0
731.0,801.0
732.0,811.0
733.0,794.0
734.0,792.0
735.0,797.0
736.0,779.0
737.0,784.0
738.0,761.0
739.0,778.0
740.0,766.0
741.0,769.0
742.0,764.0
743.0,778.0
744.0,779.0
745.0,764.0
746.0,786.0
747.0,728.0
748.0,759.0
749.0,716.0
750.0,769.0
751.0,730.0
752.0,751.0
753.0,715.0
754.0,752.0
755.0,706.0
756.0,741.0
757.0,726.0
758.0,744.0
759.0,743.0
760.0,741.0
761.0,739.0
762.0,704.0
763.0,723.0
764.0,721.0
765.0,723.0
766.0,719.0
767.0,657.0
768.0,683.0
769.0,693.0
770.0,686.0
771.0,692.0
772.0,660.0
773.0,678.0
774.0,680.0
775.0,670.0
776.0,668.0
777.0,682.0
778.0,669.0
779.0,651.0
780.0,681.0
781.0,674.0
782.0,645.0
783.0,660.0
784.0,671.0
785.0,673.0
786.0,639.0
787.0,638.0
788.0,620.0
789.0,616.0
790.0,621.0
791.0,620.0
792.0,644.0
793.0,604.0
794.0,626.0
795.0,640.0
796.0,614.0
797.0,627.0
798.0,621.0
799.0,598.0
800.0,618.0
801.0,615.0
802.0,584.0
803.0,592.0
804.0,576.0
805.0,579.0
806.0,588.0
807.0,575.0
808.0,591.0
809.0,569.0
810.0,586.0
811.0,556.0
812.0,578.0
813.0,556.0
814.0,563.0
815.0,563.0
816.0,573.0
817.0,568.0
818.0,556.0
819.0,551.0
820.0,553.0
821.0,527.0
822.0,567.0
823.0,534.0
824.0,538.0
825.0,522.0
826.0,509.0
827.0,529.0
828.0,542.0
829.0,552.0
830.0,539.0
831.0,538.0
832.0,502.0
833.0,526.0
834.0,527.0
835.0,506.0
836.0,509.0
837.0,523.0
838.0,524.0
839.0,491.0
840.0,501.0
841.0,510.0
842.0,515.0
843.0,496.0
844.0,497.0
845.0,490.0
846.0,491.0
847.0,501.0
848.0,489.0
849.0,498.0
850.0,499.0
851.0,492.0
852.0,487.0
853.0,489.0
854.0,502.0
855.0,455.0
856.0,466.0
857.0,452.0
858.0,488.0
859.0,459.0
860.0,455.0
861.0,454.0
862.0,472.0
863.0,478.0
864.0,469.0
865.0,440.0
866.0,454.0
867.0,481.0
868.0,462.0
869.0,472.0
870.0,453.0
871.0,448.0
872.0,481.0
873.0,442.0
874.0,436.0
875.0,447.0
876.0,443.0
877.0,444.0
878.0,438.0
879.0,440.0
880.0,444.0
881.0,434.0
882.0,412.0
883.0,422.0
884.0,418.0
885.0,433.0
886.0,412.0
887.0,421.0
888.0,416.0
889.0,420.0
890.0,408.0
891.0,420.0
892.0,431.0
893.0,415.0
894.0,436.0
895.0,374.0
896.0,415.0
897.0,408.0
898.0,434.0
899.0,404.0
900.0,390.0
901.0,412.0
902.0,407.0
903.0,399.0
904.0,423.0
905.0,413.0
906.0,392.0
907.0,410.0
908.0,404.0
909.0,401.0
910.0,405.0
911.0,397.0
912.0,424.0
913.0,393.0
914.0,390.0
915.0,402.0
916.0,388.0
917.0,389.0
918.0,402.0
919.0,389.0
920.0,384.0
921.0,390.0
922.0,373.0
923.0,383.0
924.0,382.0
925.0,393.0
926.0,379.0
927.0,381.0
928.0,376.0
929.0,374.0
930.0,373.0
931.0,384.0
932.0,399.0
933.0,379.0
934.0,361.0
935.0,366.0
936.0,365.0
937.0,341.0
938.0,370.0
939.0,351.0
940.0,372.0
941.0,377.0
942.0,352.0
943.0,353.0
944.0,367.0
945.0,355.0
946.0,344.0
947.0,354.0
948.0,344.0
949.0,345.0
950.0,356.0
951.0,337.0
952.0,352.0
953.0,370.0
954.0,343.0
955.0,366.0
956.0,346.0
957.0,349.0
958.0,342.0
959.0,314.0
960.0,316.0
961.0,333.0
962.0,329.0
963.0,363.0
964.0,354.0
965.0,314.0
966.0,348.0
967.0,324.0
968.0,317.0
969.0,329.0
970.0,332.0
971.0,294.0
972.0,344.0
973.0,319.0
974.0,302.0
975.0,312.0
976.0,300.0
977.0,307.0
978.0,319.0
979.0,303.0
980.0,297.0
981.0,292.0
982.0,316.0
983.0,293.0
984.0,323.0
985.0,312.0
986.0,311.0
987.0,310.0
988.0,299.0
989.0,306.0
990.0,293.0
991.0,294.0
992.0,310.0
993.0,281.0
994.0,298.0
995.0,291.0
996.0,312.0
997.0,292.0
998.0,320.0
999.0,286.0
1000.0,292.0
1001.0,301.0
1002.0,290.0
1003.0,279.0
1004.0,305.0
1005.0,275.0
1006.0,300.0
1007.0,311.0
1008.0,282.0
1009.0,289.0
1010.0,301.0
1011.0,299.0
1012.0,301.0
1013.0,309.0
1014.0,317.0
1015.0,298.0
1016.0,308.0
1017.0,313.0
1018.0,278.0
1019.0,289.0
1020.0,324.0
1021.0,308.0
1022.0,309.0
1023.0,273.0
