0.0,326.0
1.0,476.0
2.0,514.0
3.0,552.0
4.0,594.0
5.0,622.0
6.0,644.0
7.0,673.0
8.0,742.0
9.0,753.0
10.0,786.0
11.0,826.0
12.0,883.0
13.0,880.0
14.0,932.0
15.0,800.0
16.0,816.0
17.0,876.0
18.0,909.0
19.0,938.0
20.0,975.0
21.0,1075.0
22.0,1066.0
23.0,1123.0
24.0,1133.0
25.0,1196.0
26.0,1259.0
27.0,1298.0
28.0,1310.0
29.0,1150.0
30.0,1181.0
31.0,1248.0
32.0,1309.0
33.0,1383.0
34.0,1380.0
35.0,1432.0
36.0,1499.0
37.0,1539.0
38.0,1643.0
39.0,1661.0
40.0,1729.0
41.0,1752.0
42.0,1799.0
43.0,1549.0
44.0,1669.0
45.0,1718.0
46.0,1802.0
47.0,1826.0
48.0,1892.0
49.0,1960.0
50.0,2026.0
51.0,2091.0
52.0,2145.0
53.0,2194.0
54.0,2222.0
55.0,2339.0
56.0,2412.0
57.0,2397.0
58.0,2229.0
59.0,2265.0
60.0,2370.0
61.0,2429.0
62.0,2465.0
63.0,2570.0
64.0,2615.0
65.0,2700.0
66.0,2714.0
67.0,2830.0
68.0,2901.0
69.0,2908.0
70.0,2992.0
71.0,3034.0
72.0,2794.0
73.0,2955.0
74.0,3000.0
75.0,3065.0
76.0,3053.0
77.0,3172.0
78.0,3273.0
79.0,3409.0
80.0,3448.0
81.0,3479.0
82.0,3559.0
83.0,3597.0
84.0,3692.0
85.0,3788.0
86.0,3515.0
87.0,3616.0
88.0,3665.0
89.0,3715.0
90.0,3887.0
91.0,3906.0
92.0,3973.0
93.0,3999.0
94.0,4081.0
95.0,4174.0
96.0,4241.0
97.0,4270.0
98.0,4390.0
99.0,4435.0
100.0,4208.0
101.0,4267.0
102.0,4451.0
103.0,4524.0
104.0,4564.0
105.0,4619.0
106.0,4691.0
107.0,4803.0
108.0,4978.0
109.0,4984.0
110.0,5024.0
111.0,5121.0
112.0,5071.0
113.0,5199.0
114.0,5205.0
115.0,5191.0
116.0,5208.0
117.0,5245.0
118.0,5408.0
119.0,5505.0
120.0,5578.0
121.0,5592.0
122.0,5656.0
123.0,5774.0
124.0,5753.0
125.0,6002.0
126.0,6013.0
127.0,5982.0
128.0,5997.0
129.0,6013.0
130.0,6074.0
131.0,6190.0
132.0,6275.0
133.0,6381.0
134.0,6365.0
135.0,6596.0
136.0,6522.0
137.0,6532.0
138.0,6693.0
139.0,6835.0
140.0,6836.0
141.0,6868.0
142.0,7034.0
143.0,7001.0
144.0,7032.0
145.0,7010.0
146.0,7069.0
147.0,7185.0
148.0,7424.0
149.0,7319.0
150.0,7482.0
151.0,7406.0
152.0,7621.0
153.0,7603.0
154.0,7757.0
155.0,7871.0
156.0,7857.0
157.0,7942.0
158.0,7757.0
159.0,8013.0
160.0,8101.0
161.0,8173.0
162.0,8192.0
163.0,8181.0
164.0,8452.0
165.0,8471.0
166.0,8603.0
167.0,8518.0
168.0,8553.0
169.0,8720.0
170.0,8673.0
171.0,8671.0
172.0,8806.0
173.0,8931.0
174.0,8882.0
175.0,9009.0
176.0,9097.0
177.0,9188.0
178.0,9304.0
179.0,9323.0
180.0,9337.0
181.0,9352.0
182.0,9432.0
183.0,9532.0
184.0,9698.0
185.0,9586.0
186.0,9633.0
187.0,9705.0
188.0,9996.0
189.0,10003.0
190.0,9880.0
191.0,10059.0
192.0,10225.0
193.0,10163.0
194.0,10241.0
195.0,10418.0
196.0,10512.0
197.0,10332.0
198.0,10519.0
199.0,10636.0
200.0,10676.0
201.0,10772.0
202.0,10753.0
203.0,10759.0
204.0,10946.0
205.0,11412.0
206.0,11213.0
207.0,11169.0
208.0,11172.0
209.0,11165.0
210.0,11371.0
211.0,11328.0
212.0,11634.0
213.0,11445.0
214.0,11638.0
215.0,11613.0
216.0,11735.0
217.0,11755.0
218.0,11927.0
219.0,11804.0
220.0,11965.0
221.0,12040.0
222.0,12173.0
223.0,12260.0
224.0,12259.0
225.0,12264.0
226.0,12196.0
227.0,12406.0
228.0,12435.0
229.0,12467.0
230.0,12418.0
231.0,12513.0
232.0,12558.0
233.0,12654.0
234.0,12731.0
235.0,12874.0
236.0,12741.0
237.0,12691.0
238.0,12840.0
239.0,12967.0
240.0,12936.0
241.0,13036.0
242.0,13010.0
243.0,13107.0
244.0,13265.0
245.0,13220.0
246.0,13364.0
247.0,13401.0
248.0,13401.0
249.0,13364.0
250.0,13587.0
251.0,13518.0
252.0,13438.0
253.0,13573.0
254.0,13665.0
255.0,13656.0
256.0,13892.0
257.0,13850.0
258.0,13760.0
259.0,13641.0
260.0,13935.0
261.0,13884.0
262.0,13944.0
263.0,14246.0
264.0,13870.0
265.0,13930.0
266.0,14123.0
267.0,14123.0
268.0,14319.0
269.0,14285.0
270.0,14325.0
271.0,14197.0
272.0,14157.0
273.0,14309.0
274.0,14525.0
275.0,14611.0
276.0,14350.0
277.0,14429.0
278.0,14634.0
279.0,14490.0
280.0,14821.0
281.0,14683.0
282.0,14550.0
283.0,14643.0
284.0,14627.0
285.0,15014.0
286.0,14831.0
287.0,14683.0
288.0,15028.0
289.0,14874.0
290.0,14905.0
291.0,15142.0
292.0,15033.0
293.0,14939.0
294.0,15003.0
295.0,15149.0
296.0,15149.0
297.0,15362.0
298.0,14909.0
299.0,15229.0
300.0,15109.0
301.0,15441.0
302.0,15336.0
303.0,15371.0
304.0,15310.0
305.0,15334.0
306.0,15417.0
307.0,15613.0
308.0,15545.0
309.0,15475.0
310.0,15409.0
311.0,15648.0
312.0,15565.0
313.0,15854.0
314.0,15537.0
315.0,15764.0
316.0,15716.0
317.0,15751.0
318.0,15841.0
319.0,16071.0
320.0,15787.0
321.0,15913.0
322.0,15860.0
323.0,15869.0
324.0,16064.0
325.0,16053.0
326.0,15917.0
327.0,15969.0
328.0,15809.0
329.0,16005.0
330.0,16218.0
331.0,16175.0
332.0,16117.0
333.0,16193.0
334.0,16305.0
335.0,16368.0
336.0,16337.0
337.0,16352.0
338.0,16326.0
339.0,16282.0
340.0,16371.0
341.0,16427.0
342.0,16315.0
343.0,16594.0
344.0,16354.0
345.0,16506.0
346.0,16729.0
347.0,16499.0
348.0,16656.0
349.0,16662.0
350.0,16541.0
351.0,16723.0
352.0,16683.0
353.0,16676.0
354.0,16592.0
355.0,16638.0
356.0,16630.0
357.0,16813.0
358.0,16936.0
359.0,16870.0
360.0,16870.0
361.0,16811.0
362.0,16937.0
363.0,17243.0
364.0,16794.0
365.0,17132.0
366.0,16976.0
367.0,16990.0
368.0,17194.0
369.0,17203.0
370.0,17066.0
371.0,16935.0
372.0,17153.0
373.0,16989.0
374.0,17113.0
375.0,17237.0
376.0,17268.0
377.0,17215.0
378.0,17092.0
379.0,17106.0
380.0,17540.0
381.0,17237.0
382.0,17182.0
383.0,17301.0
384.0,17280.0
385.0,17416.0
386.0,17440.0
387.0,17571.0
388.0,17436.0
389.0,17347.0
390.0,17495.0
391.0,17446.0
392.0,17610.0
393.0,17647.0
394.0,17440.0
395.0,17530.0
396.0,17537.0
397.0,17748.0
398.0,17567.0
399.0,17564.0
400.0,17679.0
401.0,17653.0
402.0,17955.0
403.0,17865.0
404.0,17754.0
405.0,17904.0
406.0,17763.0
407.0,17721.0
408.0,17913.0
409.0,17877.0
410.0,17875.0
411.0,17880.0
412.0,17783.0
413.0,17951.0
414.0,17904.0
415.0,18062.0
416.0,17792.0
417.0,18000.0
418.0,17994.0
419.0,18106.0
420.0,18094.0
421.0,17896.0
422.0,17986.0
423.0,17899.0
424.0,18248.0
425.0,18045.0
426.0,18216.0
427.0,17905.0
428.0,18003.0
429.0,18039.0
430.0,18315.0
431.0,18109.0
432.0,18181.0
433.0,18176.0
434.0,18204.0
435.0,18330.0
436.0,18320.0
437.0,18043.0
438.0,18030.0
439.0,18387.0
440.0,18331.0
441.0,18253.0
442.0,18193.0
443.0,18278.0
444.0,18281.0
445.0,18331.0
446.0,18399.0
447.0,18499.0
448.0,18413.0
449.0,18102.0
450.0,18354.0
451.0,18476.0
452.0,18423.0
453.0,18540.0
454.0,18534.0
455.0,18488.0
456.0,18390.0
457.0,18289.0
458.0,18587.0
459.0,18645.0
460.0,18347.0
461.0,18355.0
462.0,18510.0
463.0,18647.0
464.0,18783.0
465.0,18435.0
466.0,18261.0
467.0,18485.0
468.0,18592.0
469.0,18669.0
470.0,18529.0
471.0,18345.0
472.0,18512.0
473.0,18760.0
474.0,18787.0
475.0,18677.0
476.0,18480.0
477.0,18509.0
478.0,18749.0
479.0,18710.0
480.0,18552.0
481.0,18450.0
482.0,18436.0
483.0,18731.0
484.0,18655.0
485.0,18735.0
486.0,18710.0
487.0,18713.0
488.0,18606.0
489.0,18675.0
490.0,18808.0
491.0,18765.0
492.0,18744.0
493.0,18568.0
494.0,18740.0
495.0,18573.0
496.0,18892.0
497.0,18537.0
498.0,18608.0
499.0,18446.0
500.0,18785.0
501.0,18746.0
502.0,18863.0
503.0,18549.0
504.0,18826.0
505.0,18679.0
506.0,18662.0
507.0,18986.0
508.0,18456.0
509.0,18747.0
510.0,18513.0
511.0,18883.0
512.0,18740.0
513.0,18487.0
514.0,18616.0
515.0,18737.0
516.0,18468.0
517.0,18896.0
518.0,19003.0
519.0,18744.0
520.0,18672.0
521.0,18594.0
522.0,18827.0
523.0,18739.0
524.0,18415.0
525.0,18513.0
526.0,18643.0
527.0,18501.0
528.0,18930.0
529.0,18546.0
530.0,18870.0
531.0,18497.0
532.0,18825.0
533.0,18563.0
534.0,18808.0
535.0,18654.0
536.0,18347.0
537.0,18589.0
538.0,18441.0
539.0,18597.0
540.0,18679.0
541.0,18685.0
542.0,18339.0
543.0,18603.0
544.0,18510.0
545.0,18762.0
546.0,18611.0
547.0,18512.0
548.0,18511.0
549.0,18534.0
550.0,18703.0
551.0,18720.0
552.0,18336.0
553.0,18205.0
554.0,18585.0
555.0,18511.0
556.0,18551.0
557.0,18350.0
558.0,18492.0
559.0,18539.0
560.0,18355.0
561.0,18588.0
562.0,18506.0
563.0,18103.0
564.0,18236.0
565.0,18314.0
566.0,18291.0
567.0,18537.0
568.0,18444.0
569.0,18515.0
570.0,18255.0
571.0,18322.0
572.0,18358.0
573.0,18458.0
574.0,18042.0
575.0,18142.0
576.0,18174.0
577.0,18240.0
578.0,18185.0
579.0,18040.0
580.0,18201.0
581.0,18001.0
582.0,18324.0
583.0,18147.0
584.0,18090.0
585.0,17879.0
586.0,18118.0
587.0,17823.0
588.0,18025.0
589.0,18139.0
590.0,17893.0
591.0,17832.0
592.0,17778.0
593.0,17872.0
594.0,18002.0
595.0,17853.0
596.0,17828.0
597.0,17804.0
598.0,17861.0
599.0,17901.0
600.0,17812.0
601.0,17671.0
602.0,17646.0
603.0,17776.0
604.0,17857.0
605.0,17745.0
606.0,17379.0
607.0,17783.0
608.0,17344.0
609.0,17710.0
610.0,17605.0
611.0,17570.0
612.0,17622.0
613.0,17373.0
614.0,17494.0
615.0,17538.0
616.0,17599.0
617.0,17128.0
618.0,17210.0
619.0,17556.0
620.0,17048.0
621.0,17428.0
622.0,17361.0
623.0,17115.0
624.0,17199.0
625.0,17268.0
626.0,17137.0
627.0,17186.0
628.0,17065.0
629.0,17026.0
630.0,16881.0
631.0,17087.0
632.0,16967.0
633.0,16811.0
634.0,16945.0
635.0,16789.0
636.0,17100.0
637.0,16848.0
638.0,16897.0
639.0,16551.0
640.0,16854.0
641.0,16697.0
642.0,16887.0
643.0,16664.0
644.0,16705.0
645.0,16502.0
646.0,16739.0
647.0,16569.0
648.0,16654.0
649.0,16490.0
650.0,16501.0
651.0,16461.0
652.0,16500.0
653.0,16506.0
654.0,16527.0
655.0,16410.0
656.0,16198.0
657.0,16258.0
658.0,16094.0
659.0,16277.0
660.0,16256.0
661.0,15954.0
662.0,16119.0
663.0,16175.0
664.0,16184.0
665.0,15961.0
666.0,15916.0
667.0,15721.0
668.0,16017.0
669.0,15858.0
670.0,15692.0
671.0,15821.0
672.0,15761.0
673.0,15811.0
674.0,15570.0
675.0,15806.0
676.0,15582.0
677.0,15530.0
678.0,15575.0
679.0,15627.0
680.0,15604.0
681.0,15290.0
682.0,15427.0
683.0,15475.0
684.0,15386.0
685.0,15335.0
686.0,15329.0
687.0,15168.0
688.0,15125.0
689.0,15192.0
690.0,15431.0
691.0,15151.0
692.0,15008.0
693.0,15136.0
694.0,14808.0
695.0,14986.0
696.0,15064.0
697.0,14831.0
698.0,14813.0
699.0,14751.0
700.0,14761.0
701.0,14735.0
702.0,14722.0
703.0,14443.0
704.0,14676.0
705.0,14640.0
706.0,14658.0
707.0,14570.0
708.0,14436.0
709.0,14351.0
710.0,14401.0
711.0,14616.0
712.0,14347.0
713.0,14235.0
714.0,14181.0
715.0,14133.0
716.0,14331.0
717.0,14106.0
718.0,14068.0
719.0,14129.0
720.0,13948.0
721.0,13949.0
722.0,13893.0
723.0,13854.0
724.0,13874.0
725.0,13707.0
726.0,13744.0
727.0,13753.0
728.0,13680.0
729.0,13766.0
730.0,13518.0
731.0,13608.0
732.0,13550.0
733.0,13503.0
734.0,13663.0
735.0,13380.0
736.0,13167.0
737.0,13509.0
738.0,13378.0
739.0,13256.0
740.0,13074.0
741.0,13168.0
742.0,13246.0
743.0,13192.0
744.0,12984.0
745.0,13107.0
746.0,12910.0
747.0,12915.0
748.0,12931.0
749.0,12971.0
750.0,12928.0
751.0,12821.0
752.0,12712.0
753.0,12814.0
754.0,12715.0
755.0,12765.0
756.0,12455.0
757.0,12442.0
758.0,12582.0
759.0,12507.0
760.0,12394.0
761.0,12440.0
762.0,12163.0
763.0,12276.0
764.0,12398.0
765.0,12202.0
766.0,12113.0
767.0,12024.0
768.0,12052.0
769.0,12055.0
770.0,12051.0
771.0,12002.0
772.0,11819.0
773.0,11920.0
774.0,11792.0
775.0,11831.0
776.0,11746.0
777.0,11633.0
778.0,11619.0
779.0,11651.0
780.0,11539.0
781.0,11523.0
782.0,11474.0
783.0,11239.0
784.0,11516.0
785.0,11326.0
786.0,11442.0
787.0,11238.0
788.0,11092.0
789.0,11218.0
790.0,11173.0
791.0,11196.0
792.0,11160.0
793.0,10837.0
794.0,10958.0
795.0,11046.0
796.0,10880.0
797.0,10838.0
798.0,10969.0
799.0,10644.0
800.0,10724.0
801.0,10831.0
802.0,10568.0
803.0,10616.0
804.0,10539.0
805.0,10436.0
806.0,10579.0
807.0,10535.0
808.0,10297.0
809.0,10371.0
810.0,10209.0
811.0,10427.0
812.0,10261.0
813.0,10165.0
814.0,10134.0
815.0,10020.0
816.0,10022.0
817.0,10140.0
818.0,10058.0
819.0,9871.0
820.0,9859.0
821.0,9792.0
822.0,9870.0
823.0,9673.0
824.0,9640.0
825.0,9653.0
826.0,9546.0
827.0,9631.0
828.0,9658.0
829.0,9375.0
830.0,9538.0
831.0,9335.0
832.0,9455.0
833.0,9419.0
834.0,9268.0
835.0,9070.0
836.0,9150.0
837.0,9305.0
838.0,9125.0
839.0,9101.0
840.0,8855.0
841.0,8915.0
842.0,8977.0
843.0,8973.0
844.0,8851.0
845.0,8804.0
846.0,8708.0
847.0,8692.0
848.0,8716.0
849.0,8632.0
850.0,8541.0
851.0,8515.0
852.0,8584.0
853.0,8554.0
854.0,8452.0
855.0,8382.0
856.0,8293.0
857.0,8271.0
858.0,8365.0
859.0,8226.0
860.0,8172.0
861.0,7996.0
862.0,8101.0
863.0,8006.0
864.0,8075.0
865.0,8149.0
866.0,9563.0
867.0,8597.0
868.0,7782.0
869.0,7772.0
870.0,7805.0
871.0,7680.0
872.0,7579.0
873.0,7603.0
874.0,7587.0
875.0,7562.0
876.0,7456.0
877.0,7405.0
878.0,7462.0
879.0,7431.0
880.0,7350.0
881.0,7294.0
882.0,7315.0
883.0,7169.0
884.0,7132.0
885.0,7227.0
886.0,6972.0
887.0,6960.0
888.0,6875.0
889.0,6980.0
890.0,7058.0
891.0,6833.0
892.0,6747.0
893.0,6799.0
894.0,6802.0
895.0,6752.0
896.0,6675.0
897.0,6610.0
898.0,6614.0
899.0,6604.0
900.0,6589.0
901.0,6376.0
902.0,6396.0
903.0,6232.0
904.0,6336.0
905.0,6302.0
906.0,6286.0
907.0,6172.0
908.0,6143.0
909.0,6097.0
910.0,6154.0
911.0,6155.0
912.0,6048.0
913.0,6008.0
914.0,5920.0
915.0,5954.0
916.0,5798.0
917.0,5911.0
918.0,5840.0
919.0,5677.0
920.0,5746.0
921.0,5669.0
922.0,5679.0
923.0,5559.0
924.0,5568.0
925.0,5574.0
926.0,5473.0
927.0,5442.0
928.0,5421.0
929.0,5350.0
930.0,5335.0
931.0,5163.0
932.0,5260.0
933.0,5115.0
934.0,5169.0
935.0,5196.0
936.0,5128.0
937.0,5115.0
938.0,5080.0
939.0,5031.0
940.0,4868.0
941.0,4907.0
942.0,4815.0
943.0,4779.0
944.0,4795.0
945.0,4730.0
946.0,4747.0
947.0,4798.0
948.0,4644.0
949.0,4626.0
950.0,4564.0
951.0,4601.0
952.0,4558.0
953.0,4570.0
954.0,4377.0
955.0,4258.0
956.0,4355.0
957.0,4417.0
958.0,4227.0
959.0,4154.0
960.0,4226.0
961.0,4198.0
962.0,4196.0
963.0,4170.0
964.0,4089.0
965.0,4086.0
966.0,4060.0
967.0,3970.0
968.0,3891.0
969.0,3838.0
970.0,3815.0
971.0,3813.0
972.0,3764.0
973.0,3808.0
974.0,3764.0
975.0,3724.0
976.0,3755.0
977.0,3742.0
978.0,3707.0
979.0,3614.0
980.0,3396.0
981.0,3426.0
982.0,3444.0
983.0,3426.0
984.0,3392.0
985.0,3240.0
986.0,3346.0
987.0,3324.0
988.0,3304.0
989.0,3318.0
990.0,3242.0
991.0,3279.0
992.0,3250.0
993.0,3228.0
994.0,3052.0
995.0,3013.0
996.0,3030.0
997.0,2980.0
998.0,2974.0
999.0,2941.0
1000.0,2981.0
1001.0,2934.0
1002.0,2921.0
1003.0,2923.0
1004.0,2843.0
1005.0,2805.0
1006.0,2814.0
1007.0,2676.0
1008.0,2661.0
1009.0,2598.0
1010.0,2577.0
1011.0,2593.0
1012.0,2604.0
1013.0,2585.0
1014.0,2550.0
1015.0,2501.0
1016.0,2503.0
1017.0,2498.0
1018.0,2499.0
1019.0,2501.0
1020.0,2287.0
1021.0,2268.0
1022.0,2286.0
1023.0,2268.0
