0.0,140.0
1.0,175.0
2.0,186.0
3.0,211.0
4.0,213.0
5.0,220.0
6.0,223.0
7.0,235.0
8.0,236.0
9.0,249.0
10.0,250.0
11.0,258.0
12.0,257.0
13.0,246.0
14.0,261.0
15.0,253.0
16.0,267.0
17.0,252.0
18.0,294.0
19.0,269.0
20.0,295.0
21.0,270.0
22.0,277.0
23.0,271.0
24.0,278.0
25.0,294.0
26.0,284.0
27.0,314.0
28.0,310.0
29.0,324.0
30.0,286.0
31.0,291.0
32.0,309.0
33.0,329.0
34.0,307.0
35.0,333.0
36.0,312.0
37.0,328.0
38.0,324.0
39.0,343.0
40.0,338.0
41.0,333.0
42.0,361.0
43.0,357.0
44.0,339.0
45.0,364.0
46.0,366.0
47.0,363.0
48.0,370.0
49.0,363.0
50.0,366.0
51.0,376.0
52.0,380.0
53.0,409.0
54.0,408.0
55.0,407.0
56.0,395.0
57.0,414.0
58.0,414.0
59.0,431.0
60.0,417.0
61.0,399.0
62.0,414.0
63.0,423.0
64.0,435.0
65.0,463.0
66.0,434.0
67.0,434.0
68.0,464.0
69.0,433.0
70.0,449.0
71.0,436.0
72.0,449.0
73.0,450.0
74.0,469.0
75.0,469.0
76.0,470.0
77.0,487.0
78.0,474.0
79.0,475.0
80.0,458.0
81.0,503.0
82.0,498.0
83.0,482.0
84.0,494.0
85.0,474.0
86.0,491.0
87.0,500.0
88.0,504.0
89.0,484.0
90.0,524.0
91.0,489.0
92.0,517.0
93.0,514.0
94.0,517.0
95.0,522.0
96.0,538.0
97.0,529.0
98.0,534.0
99.0,548.0
100.0,547.0
101.0,541.0
102.0,565.0
103.0,551.0
104.0,535.0
105.0,545.0
106.0,572.0
107.0,554.0
108.0,560.0
109.0,585.0
110.0,587.0
111.0,576.0
112.0,582.0
113.0,591.0
114.0,586.0
115.0,563.0
116.0,610.0
117.0,584.0
118.0,632.0
119.0,594.0
120.0,600.0
121.0,611.0
122.0,622.0
123.0,609.0
124.0,624.0
125.0,633.0
126.0,643.0
127.0,643.0
128.0,628.0
129.0,635.0
130.0,659.0
131.0,633.0
132.0,676.0
133.0,670.0
134.0,682.0
135.0,690.0
136.0,688.0
137.0,667.0
138.0,675.0
139.0,683.0
140.0,691.0
141.0,692.0
142.0,698.0
143.0,708.0
144.0,719.0
145.0,690.0
146.0,720.0
147.0,696.0
148.0,730.0
149.0,741.0
150.0,725.0
151.0,723.0
152.0,736.0
153.0,747.0
154.0,746.0
155.0,721.0
156.0,770.0
157.0,754.0
158.0,758.0
159.0,755.0
160.0,762.0
161.0,757.0
162.0,783.0
163.0,788.0
164.0,778.0
165.0,788.0
166.0,765.0
167.0,789.0
168.0,801.0
169.0,794.0
170.0,828.0
171.0,806.0
172.0,833.0
173.0,831.0
174.0,840.0
175.0,825.0
176.0,851.0
177.0,820.0
178.0,869.0
179.0,828.0
180.0,847.0
181.0,858.0
182.0,863.0
183.0,874.0
184.0,869.0
185.0,876.0
186.0,855.0
187.0,888.0
188.0,857.0
189.0,902.0
190.0,911.0
191.0,873.0
192.0,914.0
193.0,905.0
194.0,896.0
195.0,915.0
196.0,917.0
197.0,906.0
198.0,957.0
199.0,936.0
200.0,966.0
201.0,937.0
202.0,960.0
203.0,973.0
204.0,981.0
205.0,964.0
206.0,960.0
207.0,958.0
208.0,951.0
209.0,962.0
210.0,967.0
211.0,948.0
212.0,959.0
213.0,987.0
214.0,1007.0
215.0,971.0
216.0,1019.0
217.0,992.0
218.0,1018.0
219.0,974.0
220.0,1054.0
221.0,1040.0
222.0,1034.0
223.0,1049.0
224.0,1035.0
225.0,1038.0
226.0,1051.0
227.0,1047.0
228.0,1062.0
229.0,1065.0
230.0,1064.0
231.0,1054.0
232.0,1070.0
233.0,1103.0
234.0,1111.0
235.0,1077.0
236.0,1104.0
237.0,1114.0
238.0,1130.0
239.0,1100.0
240.0,1125.0
241.0,1136.0
242.0,1119.0
243.0,1158.0
244.0,1147.0
245.0,1126.0
246.0,1104.0
247.0,1165.0
248.0,1116.0
249.0,1121.0
250.0,1158.0
251.0,1134.0
252.0,1176.0
253.0,1173.0
254.0,1172.0
255.0,1179.0
256.0,1209.0
257.0,1157.0
258.0,1186.0
259.0,1209.0
260.0,1211.0
261.0,1209.0
262.0,1230.0
263.0,1222.0
264.0,1223.0
265.0,1215.0
266.0,1255.0
267.0,1250.0
268.0,1237.0
269.0,1266.0
270.0,1296.0
271.0,1235.0
272.0,1315.0
273.0,1302.0
274.0,1295.0
275.0,1281.0
276.0,1292.0
277.0,1279.0
278.0,1297.0
279.0,1306.0
280.0,1290.0
281.0,1314.0
282.0,1298.0
283.0,1355.0
284.0,1339.0
285.0,1354.0
286.0,1360.0
287.0,1337.0
288.0,1364.0
289.0,1345.0
290.0,1344.0
291.0,1393.0
292.0,1373.0
293.0,1352.0
294.0,1377.0
295.0,1331.0
296.0,1364.0
297.0,1439.0
298.0,1384.0
299.0,1392.0
300.0,1382.0
301.0,1398.0
302.0,1401.0
303.0,1392.0
304.0,1410.0
305.0,1414.0
306.0,1408.0
307.0,1443.0
308.0,1399.0
309.0,1419.0
310.0,1455.0
311.0,1464.0
312.0,1494.0
313.0,1439.0
314.0,1454.0
315.0,1461.0
316.0,1451.0
317.0,1445.0
318.0,1494.0
319.0,1502.0
320.0,1474.0
321.0,1477.0
322.0,1458.0
323.0,1476.0
324.0,1507.0
325.0,1476.0
326.0,1500.0
327.0,1506.0
328.0,1537.0
329.0,1525.0
330.0,1566.0
331.0,1535.0
332.0,1525.0
333.0,1558.0
334.0,1550.0
335.0,1546.0
336.0,1559.0
337.0,1536.0
338.0,1527.0
339.0,1534.0
340.0,1542.0
341.0,1581.0
342.0,1618.0
343.0,1554.0
344.0,1608.0
345.0,1579.0
346.0,1577.0
347.0,1578.0
348.0,1616.0
349.0,1554.0
350.0,1571.0
351.0,1625.0
352.0,1591.0
353.0,1619.0
354.0,1637.0
355.0,1610.0
356.0,1649.0
357.0,1593.0
358.0,1574.0
359.0,1643.0
360.0,1646.0
361.0,1666.0
362.0,1642.0
363.0,1621.0
364.0,1662.0
365.0,1662.0
366.0,1688.0
367.0,1641.0
368.0,1651.0
369.0,1651.0
370.0,1633.0
371.0,1659.0
372.0,1656.0
373.0,1688.0
374.0,1653.0
375.0,1700.0
376.0,1695.0
377.0,1668.0
378.0,1691.0
379.0,1717.0
380.0,1697.0
381.0,1699.0
382.0,1667.0
383.0,1696.0
384.0,1688.0
385.0,1698.0
386.0,1746.0
387.0,1713.0
388.0,1710.0
389.0,1691.0
390.0,1758.0
391.0,1714.0
392.0,1695.0
393.0,1720.0
394.0,1716.0
395.0,1706.0
396.0,1727.0
397.0,1770.0
398.0,1736.0
399.0,1759.0
400.0,1751.0
401.0,1709.0
402.0,1730.0
403.0,1740.0
404.0,1756.0
405.0,1772.0
406.0,1743.0
407.0,1754.0
408.0,1787.0
409.0,1775.0
410.0,1792.0
411.0,1750.0
412.0,1754.0
413.0,1729.0
414.0,1768.0
415.0,1770.0
416.0,1720.0
417.0,1759.0
418.0,1799.0
419.0,1786.0
420.0,1755.0
421.0,1810.0
422.0,1754.0
423.0,1799.0
424.0,1790.0
425.0,1747.0
426.0,1809.0
427.0,1809.0
428.0,1765.0
429.0,1758.0
430.0,1775.0
431.0,1827.0
432.0,1784.0
433.0,1813.0
434.0,1811.0
435.0,1768.0
436.0,1770.0
437.0,1794.0
438.0,1782.0
439.0,1773.0
440.0,1807.0
441.0,1783.0
442.0,1819.0
443.0,1783.0
444.0,1797.0
445.0,1850.0
446.0,1809.0
447.0,1800.0
448.0,1819.0
449.0,1752.0
450.0,1780.0
451.0,1841.0
452.0,1778.0
453.0,1795.0
454.0,1811.0
455.0,1790.0
456.0,1756.0
457.0,1762.0
458.0,1793.0
459.0,1773.0
460.0,1788.0
461.0,1806.0
462.0,1819.0
463.0,1805.0
464.0,1752.0
465.0,1790.0
466.0,1824.0
467.0,1778.0
468.0,1781.0
469.0,1827.0
470.0,1825.0
471.0,1812.0
472.0,1770.0
473.0,1821.0
474.0,1773.0
475.0,1753.0
476.0,1792.0
477.0,1803.0
478.0,1781.0
479.0,1850.0
480.0,1804.0
481.0,1779.0
482.0,1779.0
483.0,1823.0
484.0,1837.0
485.0,1824.0
486.0,1805.0
487.0,1800.0
488.0,1796.0
489.0,1792.0
490.0,1744.0
491.0,1796.0
492.0,1784.0
493.0,1824.0
494.0,1785.0
495.0,1797.0
496.0,1770.0
497.0,1815.0
498.0,1769.0
499.0,1777.0
500.0,1841.0
501.0,1813.0
502.0,1789.0
503.0,1738.0
504.0,1770.0
505.0,1770.0
506.0,1747.0
507.0,1792.0
508.0,1796.0
509.0,1797.0
510.0,1767.0
511.0,1754.0
512.0,1745.0
513.0,1785.0
514.0,1779.0
515.0,1749.0
516.0,1717.0
517.0,1760.0
518.0,1767.0
519.0,1748.0
520.0,1792.0
521.0,1762.0
522.0,1773.0
523.0,1748.0
524.0,1774.0
525.0,1770.0
526.0,1801.0
527.0,1760.0
528.0,1744.0
529.0,1801.0
530.0,1756.0
531.0,1718.0
532.0,1743.0
533.0,1760.0
534.0,1718.0
535.0,1734.0
536.0,1722.0
537.0,1784.0
538.0,1748.0
539.0,1688.0
540.0,1759.0
541.0,1784.0
542.0,1760.0
543.0,1686.0
544.0,1720.0
545.0,1726.0
546.0,1734.0
547.0,1670.0
548.0,1715.0
549.0,1731.0
550.0,1701.0
551.0,1701.0
552.0,1695.0
553.0,1703.0
554.0,1704.0
555.0,1670.0
556.0,1697.0
557.0,1690.0
558.0,1686.0
559.0,1696.0
560.0,1704.0
561.0,1688.0
562.0,1680.0
563.0,1669.0
564.0,1722.0
565.0,1667.0
566.0,1662.0
567.0,1689.0
568.0,1669.0
569.0,1687.0
570.0,1676.0
571.0,1639.0
572.0,1629.0
573.0,1680.0
574.0,1619.0
575.0,1629.0
576.0,1622.0
577.0,1713.0
578.0,1646.0
579.0,1622.0
580.0,1601.0
581.0,1636.0
582.0,1646.0
583.0,1654.0
584.0,1649.0
585.0,1598.0
586.0,1632.0
587.0,1627.0
588.0,1614.0
589.0,1629.0
590.0,1605.0
591.0,1600.0
592.0,1561.0
593.0,1611.0
594.0,1594.0
595.0,1559.0
596.0,1571.0
597.0,1560.0
598.0,1599.0
599.0,1564.0
600.0,1560.0
601.0,1542.0
602.0,1560.0
603.0,1514.0
604.0,1517.0
605.0,1537.0
606.0,1529.0
607.0,1535.0
608.0,1549.0
609.0,1523.0
610.0,1494.0
611.0,1557.0
612.0,1513.0
613.0,1495.0
614.0,1513.0
615.0,1508.0
616.0,1471.0
617.0,1483.0
618.0,1509.0
619.0,1496.0
620.0,1469.0
621.0,1487.0
622.0,1499.0
623.0,1481.0
624.0,1479.0
625.0,1502.0
626.0,1451.0
627.0,1470.0
628.0,1462.0
629.0,1455.0
630.0,1451.0
631.0,1450.0
632.0,1491.0
633.0,1429.0
634.0,1446.0
635.0,1435.0
636.0,1435.0
637.0,1423.0
638.0,1424.0
639.0,1412.0
640.0,1423.0
641.0,1412.0
642.0,1391.0
643.0,1398.0
644.0,1411.0
645.0,1386.0
646.0,1399.0
647.0,1362.0
648.0,1386.0
649.0,1361.0
650.0,1351.0
651.0,1330.0
652.0,1369.0
653.0,1348.0
654.0,1347.0
655.0,1310.0
656.0,1322.0
657.0,1350.0
658.0,1313.0
659.0,1308.0
660.0,1333.0
661.0,1307.0
662.0,1329.0
663.0,1310.0
664.0,1294.0
665.0,1287.0
666.0,1293.0
667.0,1245.0
668.0,1285.0
669.0,1255.0
670.0,1268.0
671.0,1246.0
672.0,1248.0
673.0,1247.0
674.0,1274.0
675.0,1286.0
676.0,1229.0
677.0,1250.0
678.0,1237.0
679.0,1234.0
680.0,1209.0
681.0,1195.0
682.0,1214.0
683.0,1206.0
684.0,1199.0
685.0,1209.0
686.0,1188.0
687.0,1199.0
688.0,1155.0
689.0,1213.0
690.0,1195.0
691.0,1165.0
692.0,1153.0
693.0,1161.0
694.0,1151.0
695.0,1148.0
696.0,1137.0
697.0,1160.0
698.0,1109.0
699.0,1123.0
700.0,1125.0
701.0,1175.0
702.0,1129.0
703.0,1121.0
704.0,1144.0
705.0,1095.0
706.0,1084.0
707.0,1082.0
708.0,1095.0
709.0,1090.0
710.0,1060.0
711.0,1068.0
712.0,1081.0
713.0,1057.0
714.0,1089.0
715.0,1054.0
716.0,1066.0
717.0,1051.0
718.0,1039.0
719.0,1036.0
720.0,1030.0
721.0,1041.0
722.0,1010.0
723.0,1002.0
724.0,985.0
725.0,1019.0
726.0,992.0
727.0,1004.0
728.0,986.0
729.0,1009.0
730.0,967.0
731.0,993.0
732.0,988.0
733.0,980.0
734.0,958.0
735.0,945.0
736.0,961.0
737.0,958.0
738.0,921.0
739.0,924.0
740.0,954.0
741.0,911.0
742.0,940.0
743.0,929.0
744.0,916.0
745.0,917.0
746.0,944.0
747.0,897.0
748.0,903.0
749.0,903.0
750.0,893.0
751.0,890.0
752.0,885.0
753.0,892.0
754.0,901.0
755.0,878.0
756.0,891.0
757.0,860.0
758.0,861.0
759.0,832.0
760.0,838.0
761.0,853.0
762.0,834.0
763.0,840.0
764.0,827.0
765.0,825.0
766.0,795.0
767.0,800.0
768.0,823.0
769.0,821.0
770.0,800.0
771.0,800.0
772.0,806.0
773.0,788.0
774.0,794.0
775.0,797.0
776.0,784.0
777.0,782.0
778.0,788.0
779.0,786.0
780.0,765.0
781.0,755.0
782.0,768.0
783.0,750.0
784.0,735.0
785.0,729.0
786.0,755.0
787.0,741.0
788.0,739.0
789.0,712.0
790.0,719.0
791.0,690.0
792.0,683.0
793.0,697.0
794.0,723.0
795.0,721.0
796.0,716.0
797.0,700.0
798.0,697.0
799.0,674.0
800.0,680.0
801.0,679.0
802.0,643.0
803.0,697.0
804.0,658.0
805.0,650.0
806.0,680.0
807.0,660.0
808.0,645.0
809.0,644.0
810.0,642.0
811.0,650.0
812.0,626.0
813.0,651.0
814.0,652.0
815.0,634.0
816.0,623.0
817.0,628.0
818.0,621.0
819.0,607.0
820.0,614.0
821.0,616.0
822.0,625.0
823.0,600.0
824.0,608.0
825.0,601.0
826.0,600.0
827.0,596.0
828.0,615.0
829.0,571.0
830.0,564.0
831.0,579.0
832.0,557.0
833.0,564.0
834.0,572.0
835.0,530.0
836.0,556.0
837.0,547.0
838.0,543.0
839.0,547.0
840.0,530.0
841.0,547.0
842.0,563.0
843.0,537.0
844.0,533.0
845.0,524.0
846.0,538.0
847.0,527.0
848.0,496.0
849.0,506.0
850.0,508.0
851.0,509.0
852.0,503.0
853.0,504.0
854.0,493.0
855.0,486.0
856.0,481.0
857.0,493.0
858.0,465.0
859.0,492.0
860.0,490.0
861.0,463.0
862.0,492.0
863.0,476.0
864.0,497.0
865.0,466.0
866.0,479.0
867.0,452.0
868.0,447.0
869.0,467.0
870.0,461.0
871.0,451.0
872.0,461.0
873.0,449.0
874.0,474.0
875.0,443.0
876.0,426.0
877.0,450.0
878.0,426.0
879.0,447.0
880.0,447.0
881.0,430.0
882.0,440.0
883.0,430.0
884.0,428.0
885.0,425.0
886.0,408.0
887.0,437.0
888.0,422.0
889.0,434.0
890.0,421.0
891.0,414.0
892.0,405.0
893.0,401.0
894.0,406.0
895.0,385.0
896.0,423.0
897.0,420.0
898.0,401.0
899.0,398.0
900.0,390.0
901.0,400.0
902.0,412.0
903.0,382.0
904.0,378.0
905.0,381.0
906.0,383.0
907.0,381.0
908.0,408.0
909.0,367.0
910.0,387.0
911.0,352.0
912.0,382.0
913.0,378.0
914.0,385.0
915.0,399.0
916.0,348.0
917.0,374.0
918.0,367.0
919.0,378.0
920.0,352.0
921.0,350.0
922.0,327.0
923.0,364.0
924.0,340.0
925.0,359.0
926.0,330.0
927.0,332.0
928.0,378.0
929.0,352.0
930.0,349.0
931.0,356.0
932.0,342.0
933.0,329.0
934.0,339.0
935.0,342.0
936.0,345.0
937.0,356.0
938.0,346.0
939.0,332.0
940.0,331.0
941.0,343.0
942.0,342.0
943.0,313.0
944.0,341.0
945.0,347.0
946.0,337.0
947.0,328.0
948.0,325.0
949.0,332.0
950.0,319.0
951.0,320.0
952.0,322.0
953.0,306.0
954.0,335.0
955.0,315.0
956.0,321.0
957.0,319.0
958.0,330.0
959.0,330.0
960.0,304.0
961.0,300.0
962.0,314.0
963.0,312.0
964.0,325.0
965.0,295.0
966.0,295.0
967.0,320.0
968.0,301.0
969.0,297.0
970.0,320.0
971.0,298.0
972.0,317.0
973.0,319.0
974.0,315.0
975.0,307.0
976.0,289.0
977.0,282.0
978.0,302.0
979.0,299.0
980.0,320.0
981.0,299.0
982.0,329.0
983.0,318.0
984.0,286.0
985.0,291.0
986.0,308.0
987.0,295.0
988.0,304.0
989.0,299.0
990.0,304.0
991.0,277.0
992.0,296.0
993.0,288.0
994.0,307.0
995.0,301.0
996.0,292.0
997.0,296.0
998.0,307.0
999.0,295.0
1000.0,311.0
1001.0,285.0
1002.0,296.0
1003.0,297.0
1004.0,299.0
1005.0,300.0
1006.0,294.0
1007.0,296.0
1008.0,295.0
1009.0,274.0
1010.0,301.0
1011.0,296.0
1012.0,294.0
1013.0,299.0
1014.0,287.0
1015.0,312.0
1016.0,305.0
1017.0,291.0
1018.0,296.0
1019.0,295.0
1020.0,286.0
1021.0,292.0
1022.0,308.0
1023.0,284.0
