0.0,880.0
1.0,1298.0
2.0,1254.0
3.0,1264.0
4.0,1301.0
5.0,1277.0
6.0,1330.0
7.0,1313.0
8.0,1303.0
9.0,1343.0
10.0,1374.0
11.0,1372.0
12.0,1413.0
13.0,1427.0
14.0,1437.0
15.0,1515.0
16.0,1488.0
17.0,1522.0
18.0,1503.0
19.0,1534.0
20.0,1576.0
21.0,1604.0
22.0,1570.0
23.0,1612.0
24.0,1569.0
25.0,1601.0
26.0,1690.0
27.0,1702.0
28.0,1697.0
29.0,1705.0
30.0,1755.0
31.0,1776.0
32.0,1767.0
33.0,1765.0
34.0,1813.0
35.0,1819.0
36.0,1865.0
37.0,1923.0
38.0,1898.0
39.0,1888.0
40.0,1944.0
41.0,1955.0
42.0,1989.0
43.0,1969.0
44.0,2008.0
45.0,2005.0
46.0,2037.0
47.0,2126.0
48.0,2129.0
49.0,2115.0
50.0,2147.0
51.0,2160.0
52.0,2231.0
53.0,2224.0
54.0,2220.0
55.0,2253.0
56.0,2260.0
57.0,2346.0
58.0,2335.0
59.0,2353.0
60.0,2369.0
61.0,2405.0
62.0,2494.0
63.0,2485.0
64.0,2519.0
65.0,2462.0
66.0,2589.0
67.0,2534.0
68.0,2635.0
69.0,2617.0
70.0,2619.0
71.0,2654.0
72.0,2690.0
73.0,2718.0
74.0,2759.0
75.0,2681.0
76.0,2759.0
77.0,2845.0
78.0,2840.0
79.0,2865.0
80.0,2869.0
81.0,2904.0
82.0,2932.0
83.0,2981.0
84.0,2951.0
85.0,3023.0
86.0,3022.0
87.0,3131.0
88.0,3068.0
89.0,3102.0
90.0,3163.0
91.0,3188.0
92.0,3164.0
93.0,3284.0
94.0,3318.0
95.0,3313.0
96.0,3258.0
97.0,3312.0
98.0,3354.0
99.0,3329.0
100.0,3408.0
101.0,3450.0
102.0,3442.0
103.0,3463.0
104.0,3515.0
105.0,3525.0
106.0,3594.0
107.0,3632.0
108.0,3620.0
109.0,3658.0
110.0,3734.0
111.0,3765.0
112.0,3746.0
113.0,3794.0
114.0,3789.0
115.0,3864.0
116.0,3816.0
117.0,3957.0
118.0,3941.0
119.0,3982.0
120.0,3998.0
121.0,4001.0
122.0,4072.0
123.0,4099.0
124.0,4137.0
125.0,4239.0
126.0,4248.0
127.0,4242.0
128.0,4205.0
129.0,4236.0
130.0,4332.0
131.0,4360.0
132.0,4398.0
133.0,4403.0
134.0,4449.0
135.0,4506.0
136.0,4508.0
137.0,4561.0
138.0,4541.0
139.0,4579.0
140.0,4673.0
141.0,4668.0
142.0,4786.0
143.0,4712.0
144.0,4789.0
145.0,4829.0
146.0,4851.0
147.0,4842.0
148.0,4919.0
149.0,4956.0
150.0,4915.0
151.0,5007.0
152.0,5034.0
153.0,5096.0
154.0,5112.0
155.0,5159.0
156.0,5178.0
157.0,5273.0
158.0,5283.0
159.0,5317.0
160.0,5310.0
161.0,5375.0
162.0,5438.0
163.0,5362.0
164.0,5470.0
165.0,5492.0
166.0,5607.0
167.0,5569.0
168.0,5600.0
169.0,5589.0
170.0,5569.0
171.0,5791.0
172.0,5762.0
173.0,5772.0
174.0,5864.0
175.0,5953.0
176.0,6009.0
177.0,5970.0
178.0,6016.0
179.0,6010.0
180.0,6026.0
181.0,6082.0
182.0,6190.0
183.0,6127.0
184.0,6247.0
185.0,6322.0
186.0,6244.0
187.0,6264.0
188.0,6427.0
189.0,6370.0
190.0,6404.0
191.0,6438.0
192.0,6439.0
193.0,6542.0
194.0,6592.0
195.0,6501.0
196.0,6755.0
197.0,6759.0
198.0,6627.0
199.0,6773.0
200.0,6826.0
201.0,6807.0
202.0,6909.0
203.0,6925.0
204.0,6977.0
205.0,6915.0
206.0,7028.0
207.0,7093.0
208.0,7217.0
209.0,7045.0
210.0,7202.0
211.0,7197.0
212.0,7271.0
213.0,7278.0
214.0,7303.0
215.0,7383.0
216.0,7375.0
217.0,7315.0
218.0,7483.0
219.0,7614.0
220.0,7471.0
221.0,7615.0
222.0,7681.0
223.0,7657.0
224.0,7665.0
225.0,7726.0
226.0,7812.0
227.0,7753.0
228.0,7895.0
229.0,7752.0
230.0,7803.0
231.0,7919.0
232.0,7967.0
233.0,7959.0
234.0,8006.0
235.0,8127.0
236.0,8064.0
237.0,8082.0
238.0,8091.0
239.0,8074.0
240.0,8111.0
241.0,8265.0
242.0,8324.0
243.0,8318.0
244.0,8382.0
245.0,8396.0
246.0,8509.0
247.0,8409.0
248.0,8469.0
249.0,8550.0
250.0,8587.0
251.0,8506.0
252.0,8508.0
253.0,8724.0
254.0,8706.0
255.0,8665.0
256.0,8749.0
257.0,8728.0
258.0,8791.0
259.0,8772.0
260.0,8863.0
261.0,8934.0
262.0,8841.0
263.0,9020.0
264.0,8939.0
265.0,9046.0
266.0,8884.0
267.0,9029.0
268.0,9087.0
269.0,9139.0
270.0,9173.0
271.0,8978.0
272.0,9082.0
273.0,9218.0
274.0,9319.0
275.0,9264.0
276.0,9245.0
277.0,9436.0
278.0,9350.0
279.0,9333.0
280.0,9433.0
281.0,9460.0
282.0,9395.0
283.0,9549.0
284.0,9576.0
285.0,9457.0
286.0,9473.0
287.0,9677.0
288.0,9582.0
289.0,9715.0
290.0,9669.0
291.0,9570.0
292.0,9767.0
293.0,9789.0
294.0,9755.0
295.0,9841.0
296.0,9771.0
297.0,9851.0
298.0,9900.0
299.0,10024.0
300.0,10064.0
301.0,9777.0
302.0,10011.0
303.0,10079.0
304.0,10135.0
305.0,10068.0
306.0,9966.0
307.0,10094.0
308.0,10201.0
309.0,10273.0
310.0,10116.0
311.0,10330.0
312.0,10250.0
313.0,10242.0
314.0,10338.0
315.0,10270.0
316.0,10360.0
317.0,10354.0
318.0,10488.0
319.0,10296.0
320.0,10460.0
321.0,10583.0
322.0,10420.0
323.0,10638.0
324.0,10560.0
325.0,10523.0
326.0,10572.0
327.0,10664.0
328.0,10704.0
329.0,10809.0
330.0,10555.0
331.0,10608.0
332.0,10794.0
333.0,10652.0
334.0,10787.0
335.0,10814.0
336.0,10861.0
337.0,10714.0
338.0,10898.0
339.0,10858.0
340.0,10866.0
341.0,10895.0
342.0,10868.0
343.0,11010.0
344.0,11095.0
345.0,10954.0
346.0,11018.0
347.0,10924.0
348.0,11009.0
349.0,11050.0
350.0,11149.0
351.0,11015.0
352.0,11149.0
353.0,11168.0
354.0,11323.0
355.0,11329.0
356.0,11217.0
357.0,11311.0
358.0,11274.0
359.0,11334.0
360.0,11430.0
361.0,11306.0
362.0,11590.0
363.0,11929.0
364.0,11336.0
365.0,11446.0
366.0,11308.0
367.0,11606.0
368.0,11476.0
369.0,11418.0
370.0,11439.0
371.0,11372.0
372.0,11482.0
373.0,11541.0
374.0,11534.0
375.0,11501.0
376.0,11679.0
377.0,11651.0
378.0,11606.0
379.0,11545.0
380.0,11790.0
381.0,11338.0
382.0,11743.0
383.0,11805.0
384.0,11644.0
385.0,11804.0
386.0,11745.0
387.0,11742.0
388.0,11707.0
389.0,11816.0
390.0,11740.0
391.0,11823.0
392.0,11796.0
393.0,11842.0
394.0,11904.0
395.0,11791.0
396.0,11868.0
397.0,11998.0
398.0,11953.0
399.0,11948.0
400.0,11948.0
401.0,12019.0
402.0,11842.0
403.0,12038.0
404.0,12059.0
405.0,11983.0
406.0,11878.0
407.0,12074.0
408.0,12205.0
409.0,12160.0
410.0,11984.0
411.0,12057.0
412.0,12128.0
413.0,12344.0
414.0,12153.0
415.0,11973.0
416.0,12280.0
417.0,12051.0
418.0,12289.0
419.0,12146.0
420.0,12333.0
421.0,12167.0
422.0,12074.0
423.0,12318.0
424.0,12397.0
425.0,12223.0
426.0,12221.0
427.0,12253.0
428.0,12402.0
429.0,12252.0
430.0,12263.0
431.0,12357.0
432.0,12230.0
433.0,12410.0
434.0,12434.0
435.0,12249.0
436.0,12492.0
437.0,12426.0
438.0,12663.0
439.0,12371.0
440.0,12550.0
441.0,12385.0
442.0,12480.0
443.0,12593.0
444.0,12530.0
445.0,12520.0
446.0,12565.0
447.0,12496.0
448.0,12506.0
449.0,12572.0
450.0,12524.0
451.0,12497.0
452.0,12489.0
453.0,12667.0
454.0,12503.0
455.0,12513.0
456.0,12592.0
457.0,12498.0
458.0,12567.0
459.0,12710.0
460.0,12468.0
461.0,12503.0
462.0,12612.0
463.0,12836.0
464.0,12544.0
465.0,12555.0
466.0,12441.0
467.0,12710.0
468.0,12693.0
469.0,12719.0
470.0,12578.0
471.0,12515.0
472.0,12687.0
473.0,12794.0
474.0,12676.0
475.0,12417.0
476.0,12732.0
477.0,12639.0
478.0,12764.0
479.0,12515.0
480.0,12569.0
481.0,12706.0
482.0,12551.0
483.0,12715.0
484.0,12680.0
485.0,12577.0
486.0,12547.0
487.0,12740.0
488.0,12750.0
489.0,12607.0
490.0,12597.0
491.0,12663.0
492.0,12831.0
493.0,12739.0
494.0,12834.0
495.0,12512.0
496.0,12831.0
497.0,12588.0
498.0,12589.0
499.0,12670.0
500.0,12584.0
501.0,12533.0
502.0,12632.0
503.0,12579.0
504.0,12508.0
505.0,12735.0
506.0,12619.0
507.0,12782.0
508.0,12563.0
509.0,12560.0
510.0,12527.0
511.0,12597.0
512.0,12640.0
513.0,12435.0
514.0,12507.0
515.0,12609.0
516.0,12492.0
517.0,12690.0
518.0,12560.0
519.0,12586.0
520.0,12493.0
521.0,12496.0
522.0,12510.0
523.0,12543.0
524.0,12525.0
525.0,12455.0
526.0,12644.0
527.0,12594.0
528.0,12422.0
529.0,12481.0
530.0,12593.0
531.0,12527.0
532.0,12520.0
533.0,12239.0
534.0,12451.0
535.0,12388.0
536.0,12455.0
537.0,12300.0
538.0,12264.0
539.0,12424.0
540.0,12345.0
541.0,12443.0
542.0,12363.0
543.0,12311.0
544.0,12376.0
545.0,12276.0
546.0,12365.0
547.0,12337.0
548.0,12346.0
549.0,12137.0
550.0,12350.0
551.0,12319.0
552.0,12368.0
553.0,12114.0
554.0,12246.0
555.0,12168.0
556.0,12176.0
557.0,12059.0
558.0,12083.0
559.0,12078.0
560.0,12079.0
561.0,12126.0
562.0,12173.0
563.0,12075.0
564.0,12023.0
565.0,12045.0
566.0,12103.0
567.0,12048.0
568.0,11947.0
569.0,11945.0
570.0,11985.0
571.0,11798.0
572.0,11989.0
573.0,11946.0
574.0,11788.0
575.0,12029.0
576.0,11794.0
577.0,11804.0
578.0,11825.0
579.0,11800.0
580.0,11921.0
581.0,11752.0
582.0,11695.0
583.0,11681.0
584.0,11661.0
585.0,11712.0
586.0,11736.0
587.0,11572.0
588.0,11546.0
589.0,11565.0
590.0,11685.0
591.0,11499.0
592.0,11559.0
593.0,11458.0
594.0,11598.0
595.0,11496.0
596.0,11560.0
597.0,11336.0
598.0,11257.0
599.0,11544.0
600.0,11458.0
601.0,11280.0
602.0,11352.0
603.0,11318.0
604.0,11435.0
605.0,11150.0
606.0,11279.0
607.0,11050.0
608.0,11311.0
609.0,11241.0
610.0,11180.0
611.0,11076.0
612.0,11113.0
613.0,11156.0
614.0,11250.0
615.0,11014.0
616.0,11114.0
617.0,10847.0
618.0,11109.0
619.0,11001.0
620.0,10944.0
621.0,11045.0
622.0,10834.0
623.0,10832.0
624.0,10930.0
625.0,10821.0
626.0,10845.0
627.0,10842.0
628.0,10822.0
629.0,10813.0
630.0,10653.0
631.0,10662.0
632.0,10602.0
633.0,10593.0
634.0,10662.0
635.0,10685.0
636.0,10474.0
637.0,10692.0
638.0,10441.0
639.0,10544.0
640.0,10368.0
641.0,10397.0
642.0,10431.0
643.0,10582.0
644.0,10322.0
645.0,10367.0
646.0,10243.0
647.0,10291.0
648.0,10488.0
649.0,10321.0
650.0,10187.0
651.0,10268.0
652.0,10263.0
653.0,10205.0
654.0,10073.0
655.0,10097.0
656.0,10044.0
657.0,9992.0
658.0,10066.0
659.0,10098.0
660.0,9906.0
661.0,9951.0
662.0,9961.0
663.0,9889.0
664.0,9923.0
665.0,9724.0
666.0,9790.0
667.0,9855.0
668.0,9783.0
669.0,9753.0
670.0,9564.0
671.0,9580.0
672.0,9681.0
673.0,9647.0
674.0,9486.0
675.0,9563.0
676.0,9527.0
677.0,9557.0
678.0,9516.0
679.0,9384.0
680.0,9497.0
681.0,9280.0
682.0,9336.0
683.0,9290.0
684.0,9239.0
685.0,9417.0
686.0,9290.0
687.0,9128.0
688.0,9176.0
689.0,9218.0
690.0,9250.0
691.0,9054.0
692.0,9142.0
693.0,9053.0
694.0,9071.0
695.0,9180.0
696.0,8939.0
697.0,8991.0
698.0,8830.0
699.0,8955.0
700.0,9089.0
701.0,8825.0
702.0,8925.0
703.0,8710.0
704.0,8740.0
705.0,8790.0
706.0,8748.0
707.0,8593.0
708.0,8665.0
709.0,8626.0
710.0,8646.0
711.0,8623.0
712.0,8483.0
713.0,8420.0
714.0,8517.0
715.0,8421.0
716.0,8304.0
717.0,8418.0
718.0,8309.0
719.0,8301.0
720.0,8198.0
721.0,8225.0
722.0,8230.0
723.0,8163.0
724.0,8135.0
725.0,8152.0
726.0,8056.0
727.0,8019.0
728.0,8137.0
729.0,8045.0
730.0,8026.0
731.0,7901.0
732.0,7912.0
733.0,7936.0
734.0,7910.0
735.0,7924.0
736.0,7778.0
737.0,7764.0
738.0,7810.0
739.0,7739.0
740.0,7716.0
741.0,7583.0
742.0,7609.0
743.0,7644.0
744.0,7652.0
745.0,7482.0
746.0,7575.0
747.0,7445.0
748.0,7483.0
749.0,7425.0
750.0,7334.0
751.0,7332.0
752.0,7427.0
753.0,7216.0
754.0,7394.0
755.0,7223.0
756.0,7281.0
757.0,7276.0
758.0,7129.0
759.0,7092.0
760.0,7056.0
761.0,7091.0
762.0,7115.0
763.0,6905.0
764.0,6901.0
765.0,6916.0
766.0,6908.0
767.0,6870.0
768.0,6745.0
769.0,6742.0
770.0,6722.0
771.0,6707.0
772.0,6732.0
773.0,6600.0
774.0,6634.0
775.0,6624.0
776.0,6628.0
777.0,6493.0
778.0,6477.0
779.0,6453.0
780.0,6444.0
781.0,6485.0
782.0,6388.0
783.0,6375.0
784.0,6250.0
785.0,6368.0
786.0,6230.0
787.0,6186.0
788.0,6197.0
789.0,6139.0
790.0,6249.0
791.0,6135.0
792.0,6000.0
793.0,6080.0
794.0,6057.0
795.0,5972.0
796.0,5945.0
797.0,5911.0
798.0,5911.0
799.0,5804.0
800.0,5910.0
801.0,5783.0
802.0,5780.0
803.0,5778.0
804.0,5749.0
805.0,5655.0
806.0,5700.0
807.0,5614.0
808.0,5508.0
809.0,5586.0
810.0,5525.0
811.0,5451.0
812.0,5443.0
813.0,5532.0
814.0,5331.0
815.0,5470.0
816.0,5376.0
817.0,5266.0
818.0,5285.0
819.0,5201.0
820.0,5282.0
821.0,5229.0
822.0,5168.0
823.0,5129.0
824.0,5016.0
825.0,5069.0
826.0,5051.0
827.0,5010.0
828.0,4966.0
829.0,4937.0
830.0,4929.0
831.0,4869.0
832.0,4803.0
833.0,4839.0
834.0,4811.0
835.0,4741.0
836.0,4785.0
837.0,4718.0
838.0,4683.0
839.0,4572.0
840.0,4616.0
841.0,4636.0
842.0,4599.0
843.0,4464.0
844.0,4554.0
845.0,4459.0
846.0,4432.0
847.0,4424.0
848.0,4292.0
849.0,4328.0
850.0,4318.0
851.0,4336.0
852.0,4271.0
853.0,4263.0
854.0,4171.0
855.0,4152.0
856.0,4148.0
857.0,4072.0
858.0,4062.0
859.0,4100.0
860.0,3963.0
861.0,3989.0
862.0,3990.0
863.0,3966.0
864.0,3910.0
865.0,3915.0
866.0,3939.0
867.0,3798.0
868.0,3781.0
869.0,3820.0
870.0,3721.0
871.0,3704.0
872.0,3719.0
873.0,3659.0
874.0,3618.0
875.0,3631.0
876.0,3557.0
877.0,3551.0
878.0,3551.0
879.0,3506.0
880.0,3508.0
881.0,3458.0
882.0,3476.0
883.0,3376.0
884.0,3398.0
885.0,3330.0
886.0,3231.0
887.0,3271.0
888.0,3272.0
889.0,3265.0
890.0,3143.0
891.0,3147.0
892.0,3174.0
893.0,3145.0
894.0,3169.0
895.0,3149.0
896.0,3081.0
897.0,3100.0
898.0,3027.0
899.0,2967.0
900.0,2903.0
901.0,2869.0
902.0,2963.0
903.0,2863.0
904.0,2792.0
905.0,2854.0
906.0,2832.0
907.0,2869.0
908.0,2752.0
909.0,2739.0
910.0,2698.0
911.0,2742.0
912.0,2681.0
913.0,2699.0
914.0,2602.0
915.0,2623.0
916.0,2530.0
917.0,2490.0
918.0,2501.0
919.0,2502.0
920.0,2509.0
921.0,2480.0
922.0,2446.0
923.0,2376.0
924.0,2387.0
925.0,2381.0
926.0,2396.0
927.0,2372.0
928.0,2279.0
929.0,2329.0
930.0,2271.0
931.0,2135.0
932.0,2189.0
933.0,2115.0
934.0,2164.0
935.0,2093.0
936.0,2123.0
937.0,2103.0
938.0,2103.0
939.0,2087.0
940.0,2044.0
941.0,2072.0
942.0,2027.0
943.0,2027.0
944.0,1998.0
945.0,2030.0
946.0,1967.0
947.0,1849.0
948.0,1887.0
949.0,1842.0
950.0,1819.0
951.0,1812.0
952.0,1860.0
953.0,1834.0
954.0,1757.0
955.0,1798.0
956.0,1747.0
957.0,1716.0
958.0,1725.0
959.0,1786.0
960.0,1661.0
961.0,1684.0
962.0,1587.0
963.0,1621.0
964.0,1522.0
965.0,1547.0
966.0,1543.0
967.0,1527.0
968.0,1554.0
969.0,1494.0
970.0,1498.0
971.0,1574.0
972.0,1492.0
973.0,1465.0
974.0,1452.0
975.0,1442.0
976.0,1407.0
977.0,1340.0
978.0,1326.0
979.0,1331.0
980.0,1301.0
981.0,1323.0
982.0,1285.0
983.0,1286.0
984.0,1279.0
985.0,1244.0
986.0,1265.0
987.0,1231.0
988.0,1215.0
989.0,1215.0
990.0,1212.0
991.0,1201.0
992.0,1165.0
993.0,1087.0
994.0,1133.0
995.0,1058.0
996.0,1062.0
997.0,1078.0
998.0,1101.0
999.0,1061.0
1000.0,1059.0
1001.0,1032.0
1002.0,1036.0
1003.0,1046.0
1004.0,1016.0
1005.0,1011.0
1006.0,1004.0
1007.0,988.0
1008.0,947.0
1009.0,928.0
1010.0,903.0
1011.0,901.0
1012.0,899.0
1013.0,862.0
1014.0,868.0
1015.0,869.0
1016.0,844.0
1017.0,851.0
1018.0,854.0
1019.0,833.0
1020.0,827.0
1021.0,838.0
1022.0,797.0
1023.0,808.0
