0.0,131.0
1.0,195.0
2.0,228.0
3.0,265.0
4.0,277.0
5.0,271.0
6.0,314.0
7.0,328.0
8.0,300.0
9.0,317.0
10.0,333.0
11.0,336.0
12.0,341.0
13.0,349.0
14.0,355.0
15.0,372.0
16.0,365.0
17.0,382.0
18.0,400.0
19.0,382.0
20.0,367.0
21.0,359.0
22.0,387.0
23.0,364.0
24.0,364.0
25.0,406.0
26.0,398.0
27.0,408.0
28.0,398.0
29.0,426.0
30.0,417.0
31.0,426.0
32.0,446.0
33.0,451.0
34.0,443.0
35.0,436.0
36.0,463.0
37.0,467.0
38.0,458.0
39.0,443.0
40.0,469.0
41.0,461.0
42.0,462.0
43.0,450.0
44.0,464.0
45.0,495.0
46.0,486.0
47.0,497.0
48.0,505.0
49.0,529.0
50.0,522.0
51.0,512.0
52.0,514.0
53.0,529.0
54.0,552.0
55.0,564.0
56.0,558.0
57.0,598.0
58.0,595.0
59.0,602.0
60.0,540.0
61.0,546.0
62.0,574.0
63.0,599.0
64.0,605.0
65.0,587.0
66.0,585.0
67.0,631.0
68.0,611.0
69.0,611.0
70.0,619.0
71.0,669.0
72.0,632.0
73.0,676.0
74.0,673.0
75.0,674.0
76.0,700.0
77.0,698.0
78.0,693.0
79.0,696.0
80.0,631.0
81.0,663.0
82.0,683.0
83.0,712.0
84.0,709.0
85.0,735.0
86.0,704.0
87.0,716.0
88.0,743.0
89.0,730.0
90.0,736.0
91.0,743.0
92.0,716.0
93.0,744.0
94.0,777.0
95.0,784.0
96.0,803.0
97.0,784.0
98.0,784.0
99.0,817.0
100.0,785.0
101.0,776.0
102.0,829.0
103.0,828.0
104.0,812.0
105.0,823.0
106.0,832.0
107.0,828.0
108.0,843.0
109.0,861.0
110.0,891.0
111.0,901.0
112.0,909.0
113.0,903.0
114.0,893.0
115.0,910.0
116.0,910.0
117.0,924.0
118.0,904.0
119.0,943.0
120.0,901.0
121.0,890.0
122.0,946.0
123.0,953.0
124.0,920.0
125.0,943.0
126.0,953.0
127.0,958.0
128.0,1009.0
129.0,1006.0
130.0,1019.0
131.0,1033.0
132.0,996.0
133.0,1042.0
134.0,1038.0
135.0,1063.0
136.0,1070.0
137.0,1084.0
138.0,1046.0
139.0,1048.0
140.0,1071.0
141.0,1065.0
142.0,1096.0
143.0,1107.0
144.0,1098.0
145.0,1092.0
146.0,1116.0
147.0,1090.0
148.0,1145.0
149.0,1138.0
150.0,1150.0
151.0,1181.0
152.0,1203.0
153.0,1176.0
154.0,1194.0
155.0,1176.0
156.0,1180.0
157.0,1203.0
158.0,1242.0
159.0,1220.0
160.0,1199.0
161.0,1206.0
162.0,1290.0
163.0,1223.0
164.0,1281.0
165.0,1299.0
166.0,1293.0
167.0,1257.0
168.0,1301.0
169.0,1322.0
170.0,1347.0
171.0,1282.0
172.0,1308.0
173.0,1352.0
174.0,1344.0
175.0,1347.0
176.0,1341.0
177.0,1380.0
178.0,1366.0
179.0,1394.0
180.0,1388.0
181.0,1387.0
182.0,1397.0
183.0,1394.0
184.0,1434.0
185.0,1420.0
186.0,1420.0
187.0,1450.0
188.0,1449.0
189.0,1489.0
190.0,1500.0
191.0,1504.0
192.0,1525.0
193.0,1503.0
194.0,1511.0
195.0,1511.0
196.0,1526.0
197.0,1536.0
198.0,1514.0
199.0,1568.0
200.0,1562.0
201.0,1557.0
202.0,1570.0
203.0,1552.0
204.0,1599.0
205.0,1616.0
206.0,1580.0
207.0,1647.0
208.0,1609.0
209.0,1661.0
210.0,1654.0
211.0,1655.0
212.0,1688.0
213.0,1678.0
214.0,1718.0
215.0,1697.0
216.0,1714.0
217.0,1730.0
218.0,1716.0
219.0,1708.0
220.0,1716.0
221.0,1725.0
222.0,1754.0
223.0,1771.0
224.0,1824.0
225.0,1820.0
226.0,1774.0
227.0,1800.0
228.0,1739.0
229.0,1807.0
230.0,1823.0
231.0,1864.0
232.0,1894.0
233.0,1845.0
234.0,1862.0
235.0,1871.0
236.0,1895.0
237.0,1893.0
238.0,1913.0
239.0,1913.0
240.0,1928.0
241.0,1881.0
242.0,1884.0
243.0,1987.0
244.0,1992.0
245.0,1937.0
246.0,1950.0
247.0,1989.0
248.0,2018.0
249.0,1994.0
250.0,2024.0
251.0,2022.0
252.0,2039.0
253.0,2028.0
254.0,2041.0
255.0,2047.0
256.0,2092.0
257.0,2083.0
258.0,2047.0
259.0,2091.0
260.0,2076.0
261.0,2047.0
262.0,2089.0
263.0,2108.0
264.0,2110.0
265.0,2169.0
266.0,2125.0
267.0,2127.0
268.0,2163.0
269.0,2148.0
270.0,2182.0
271.0,2179.0
272.0,2189.0
273.0,2188.0
274.0,2230.0
275.0,2219.0
276.0,2250.0
277.0,2227.0
278.0,2277.0
279.0,2234.0
280.0,2267.0
281.0,2297.0
282.0,2304.0
283.0,2330.0
284.0,2283.0
285.0,2303.0
286.0,2291.0
287.0,2349.0
288.0,2345.0
289.0,2315.0
290.0,2379.0
291.0,2369.0
292.0,2350.0
293.0,2356.0
294.0,2341.0
295.0,2395.0
296.0,2389.0
297.0,2400.0
298.0,2378.0
299.0,2425.0
300.0,2448.0
301.0,2448.0
302.0,2397.0
303.0,2411.0
304.0,2465.0
305.0,2452.0
306.0,2468.0
307.0,2470.0
308.0,2451.0
309.0,2491.0
310.0,2485.0
311.0,2482.0
312.0,2543.0
313.0,2511.0
314.0,2527.0
315.0,2569.0
316.0,2513.0
317.0,2537.0
318.0,2494.0
319.0,2557.0
320.0,2574.0
321.0,2569.0
322.0,2588.0
323.0,2596.0
324.0,2565.0
325.0,2620.0
326.0,2601.0
327.0,2643.0
328.0,2634.0
329.0,2617.0
330.0,2615.0
331.0,2576.0
332.0,2657.0
333.0,2657.0
334.0,2664.0
335.0,2643.0
336.0,2734.0
337.0,2719.0
338.0,2716.0
339.0,2686.0
340.0,2671.0
341.0,2733.0
342.0,2703.0
343.0,2764.0
344.0,2777.0
345.0,2706.0
346.0,2732.0
347.0,2720.0
348.0,2710.0
349.0,2790.0
350.0,2803.0
351.0,2753.0
352.0,2854.0
353.0,2739.0
354.0,2798.0
355.0,2772.0
356.0,2781.0
357.0,2815.0
358.0,2783.0
359.0,2860.0
360.0,2798.0
361.0,2826.0
362.0,2763.0
363.0,2792.0
364.0,2822.0
365.0,2875.0
366.0,2859.0
367.0,2813.0
368.0,2883.0
369.0,2860.0
370.0,2876.0
371.0,2885.0
372.0,2841.0
373.0,2866.0
374.0,2887.0
375.0,2892.0
376.0,2925.0
377.0,2904.0
378.0,2877.0
379.0,2848.0
380.0,2940.0
381.0,2909.0
382.0,2967.0
383.0,2924.0
384.0,2935.0
385.0,2918.0
386.0,2997.0
387.0,2978.0
388.0,2952.0
389.0,2986.0
390.0,2977.0
391.0,2987.0
392.0,2932.0
393.0,3013.0
394.0,3008.0
395.0,2979.0
396.0,2999.0
397.0,2945.0
398.0,3072.0
399.0,3020.0
400.0,3049.0
401.0,3031.0
402.0,3039.0
403.0,2995.0
404.0,2981.0
405.0,3051.0
406.0,3098.0
407.0,2981.0
408.0,3008.0
409.0,3072.0
410.0,3052.0
411.0,3082.0
412.0,3040.0
413.0,3099.0
414.0,3081.0
415.0,3100.0
416.0,3080.0
417.0,3073.0
418.0,3093.0
419.0,3106.0
420.0,3154.0
421.0,3075.0
422.0,3090.0
423.0,3108.0
424.0,3039.0
425.0,3134.0
426.0,3096.0
427.0,3124.0
428.0,3121.0
429.0,3127.0
430.0,3118.0
431.0,3087.0
432.0,3161.0
433.0,3102.0
434.0,3104.0
435.0,3135.0
436.0,3158.0
437.0,3103.0
438.0,3113.0
439.0,3166.0
440.0,3156.0
441.0,3147.0
442.0,3188.0
443.0,3116.0
444.0,3143.0
445.0,3176.0
446.0,3143.0
447.0,3137.0
448.0,3126.0
449.0,3189.0
450.0,3161.0
451.0,3192.0
452.0,3125.0
453.0,3221.0
454.0,3220.0
455.0,3164.0
456.0,3210.0
457.0,3199.0
458.0,3203.0
459.0,3187.0
460.0,3224.0
461.0,3157.0
462.0,3238.0
463.0,3158.0
464.0,3151.0
465.0,3190.0
466.0,3188.0
467.0,3238.0
468.0,3155.0
469.0,3183.0
470.0,3174.0
471.0,3189.0
472.0,3170.0
473.0,3145.0
474.0,3183.0
475.0,3188.0
476.0,3147.0
477.0,3180.0
478.0,3146.0
479.0,3187.0
480.0,3150.0
481.0,3201.0
482.0,3163.0
483.0,3183.0
484.0,3115.0
485.0,3240.0
486.0,3242.0
487.0,3133.0
488.0,3198.0
489.0,3222.0
490.0,3175.0
491.0,3196.0
492.0,3201.0
493.0,3172.0
494.0,3196.0
495.0,3199.0
496.0,3182.0
497.0,3112.0
498.0,3189.0
499.0,3119.0
500.0,3179.0
501.0,3237.0
502.0,3148.0
503.0,3170.0
504.0,3184.0
505.0,3158.0
506.0,3218.0
507.0,3140.0
508.0,3168.0
509.0,3194.0
510.0,3153.0
511.0,3175.0
512.0,3125.0
513.0,3176.0
514.0,3131.0
515.0,3165.0
516.0,3083.0
517.0,3145.0
518.0,3107.0
519.0,3085.0
520.0,3111.0
521.0,3110.0
522.0,3098.0
523.0,3079.0
524.0,3125.0
525.0,3109.0
526.0,3080.0
527.0,3083.0
528.0,3111.0
529.0,3122.0
530.0,3063.0
531.0,3033.0
532.0,3124.0
533.0,3053.0
534.0,3088.0
535.0,3084.0
536.0,3121.0
537.0,3037.0
538.0,3087.0
539.0,3072.0
540.0,3036.0
541.0,3092.0
542.0,3099.0
543.0,3077.0
544.0,3061.0
545.0,3082.0
546.0,3079.0
547.0,3058.0
548.0,3028.0
549.0,3073.0
550.0,3048.0
551.0,3009.0
552.0,3070.0
553.0,3024.0
554.0,2998.0
555.0,3032.0
556.0,2999.0
557.0,3036.0
558.0,2976.0
559.0,2988.0
560.0,2906.0
561.0,2939.0
562.0,3029.0
563.0,2951.0
564.0,2956.0
565.0,2936.0
566.0,2979.0
567.0,2923.0
568.0,2913.0
569.0,2911.0
570.0,2938.0
571.0,2941.0
572.0,2892.0
573.0,2913.0
574.0,2916.0
575.0,2893.0
576.0,2892.0
577.0,2931.0
578.0,2908.0
579.0,2863.0
580.0,2856.0
581.0,2897.0
582.0,2852.0
583.0,2833.0
584.0,2907.0
585.0,2865.0
586.0,2821.0
587.0,2871.0
588.0,2821.0
589.0,2842.0
590.0,2821.0
591.0,2850.0
592.0,2784.0
593.0,2754.0
594.0,2825.0
595.0,2789.0
596.0,2808.0
597.0,2799.0
598.0,2815.0
599.0,2738.0
600.0,2771.0
601.0,2699.0
602.0,2728.0
603.0,2766.0
604.0,2724.0
605.0,2648.0
606.0,2707.0
607.0,2714.0
608.0,2698.0
609.0,2679.0
610.0,2680.0
611.0,2697.0
612.0,2654.0
613.0,2625.0
614.0,2648.0
615.0,2677.0
616.0,2657.0
617.0,2614.0
618.0,2620.0
619.0,2636.0
620.0,2617.0
621.0,2575.0
622.0,2574.0
623.0,2606.0
624.0,2585.0
625.0,2581.0
626.0,2536.0
627.0,2551.0
628.0,2591.0
629.0,2516.0
630.0,2547.0
631.0,2571.0
632.0,2556.0
633.0,2533.0
634.0,2508.0
635.0,2517.0
636.0,2502.0
637.0,2529.0
638.0,2496.0
639.0,2446.0
640.0,2508.0
641.0,2477.0
642.0,2493.0
643.0,2433.0
644.0,2447.0
645.0,2495.0
646.0,2443.0
647.0,2385.0
648.0,2399.0
649.0,2404.0
650.0,2371.0
651.0,2378.0
652.0,2389.0
653.0,2369.0
654.0,2390.0
655.0,2389.0
656.0,2321.0
657.0,2372.0
658.0,2313.0
659.0,2353.0
660.0,2311.0
661.0,2335.0
662.0,2342.0
663.0,2299.0
664.0,2302.0
665.0,2280.0
666.0,2269.0
667.0,2294.0
668.0,2212.0
669.0,2268.0
670.0,2257.0
671.0,2230.0
672.0,2208.0
673.0,2219.0
674.0,2186.0
675.0,2276.0
676.0,2159.0
677.0,2206.0
678.0,2180.0
679.0,2136.0
680.0,2125.0
681.0,2176.0
682.0,2154.0
683.0,2134.0
684.0,2100.0
685.0,2160.0
686.0,2084.0
687.0,2099.0
688.0,2081.0
689.0,2112.0
690.0,2063.0
691.0,2078.0
692.0,2080.0
693.0,2081.0
694.0,2055.0
695.0,2006.0
696.0,2018.0
697.0,1971.0
698.0,2007.0
699.0,2011.0
700.0,1988.0
701.0,1933.0
702.0,1951.0
703.0,1951.0
704.0,1936.0
705.0,1934.0
706.0,1974.0
707.0,1882.0
708.0,1908.0
709.0,1941.0
710.0,1916.0
711.0,1883.0
712.0,1868.0
713.0,1871.0
714.0,1872.0
715.0,1879.0
716.0,1838.0
717.0,1869.0
718.0,1826.0
719.0,1823.0
720.0,1810.0
721.0,1765.0
722.0,1822.0
723.0,1794.0
724.0,1809.0
725.0,1733.0
726.0,1795.0
727.0,1768.0
728.0,1726.0
729.0,1762.0
730.0,1701.0
731.0,1677.0
732.0,1712.0
733.0,1680.0
734.0,1707.0
735.0,1687.0
736.0,1707.0
737.0,1680.0
738.0,1678.0
739.0,1643.0
740.0,1641.0
741.0,1655.0
742.0,1613.0
743.0,1573.0
744.0,1631.0
745.0,1602.0
746.0,1585.0
747.0,1587.0
748.0,1554.0
749.0,1597.0
750.0,1590.0
751.0,1541.0
752.0,1524.0
753.0,1523.0
754.0,1526.0
755.0,1507.0
756.0,1502.0
757.0,1503.0
758.0,1496.0
759.0,1502.0
760.0,1472.0
761.0,1470.0
762.0,1471.0
763.0,1469.0
764.0,1489.0
765.0,1436.0
766.0,1417.0
767.0,1375.0
768.0,1396.0
769.0,1390.0
770.0,1408.0
771.0,1369.0
772.0,1361.0
773.0,1359.0
774.0,1346.0
775.0,1346.0
776.0,1361.0
777.0,1320.0
778.0,1289.0
779.0,1342.0
780.0,1313.0
781.0,1291.0
782.0,1261.0
783.0,1258.0
784.0,1246.0
785.0,1291.0
786.0,1254.0
787.0,1234.0
788.0,1230.0
789.0,1236.0
790.0,1219.0
791.0,1209.0
792.0,1211.0
793.0,1202.0
794.0,1152.0
795.0,1195.0
796.0,1168.0
797.0,1178.0
798.0,1168.0
799.0,1165.0
800.0,1164.0
801.0,1108.0
802.0,1148.0
803.0,1136.0
804.0,1139.0
805.0,1117.0
806.0,1082.0
807.0,1100.0
808.0,1093.0
809.0,1070.0
810.0,1050.0
811.0,1084.0
812.0,1063.0
813.0,1044.0
814.0,1048.0
815.0,1002.0
816.0,1044.0
817.0,1023.0
818.0,990.0
819.0,990.0
820.0,1009.0
821.0,1006.0
822.0,974.0
823.0,969.0
824.0,1006.0
825.0,962.0
826.0,949.0
827.0,949.0
828.0,902.0
829.0,932.0
830.0,922.0
831.0,933.0
832.0,903.0
833.0,914.0
834.0,891.0
835.0,883.0
836.0,903.0
837.0,863.0
838.0,872.0
839.0,858.0
840.0,890.0
841.0,854.0
842.0,867.0
843.0,860.0
844.0,854.0
845.0,857.0
846.0,811.0
847.0,807.0
848.0,819.0
849.0,827.0
850.0,813.0
851.0,797.0
852.0,781.0
853.0,753.0
854.0,786.0
855.0,771.0
856.0,795.0
857.0,757.0
858.0,749.0
859.0,754.0
860.0,732.0
861.0,754.0
862.0,712.0
863.0,713.0
864.0,731.0
865.0,699.0
866.0,717.0
867.0,726.0
868.0,694.0
869.0,687.0
870.0,706.0
871.0,661.0
872.0,689.0
873.0,653.0
874.0,674.0
875.0,669.0
876.0,660.0
877.0,650.0
878.0,624.0
879.0,653.0
880.0,629.0
881.0,626.0
882.0,637.0
883.0,644.0
884.0,614.0
885.0,637.0
886.0,621.0
887.0,636.0
888.0,618.0
889.0,590.0
890.0,593.0
891.0,604.0
892.0,605.0
893.0,599.0
894.0,562.0
895.0,582.0
896.0,577.0
897.0,581.0
898.0,558.0
899.0,577.0
900.0,536.0
901.0,549.0
902.0,530.0
903.0,532.0
904.0,556.0
905.0,553.0
906.0,551.0
907.0,519.0
908.0,512.0
909.0,536.0
910.0,487.0
911.0,513.0
912.0,499.0
913.0,505.0
914.0,486.0
915.0,505.0
916.0,494.0
917.0,511.0
918.0,504.0
919.0,503.0
920.0,496.0
921.0,463.0
922.0,477.0
923.0,457.0
924.0,449.0
925.0,450.0
926.0,478.0
927.0,448.0
928.0,440.0
929.0,438.0
930.0,437.0
931.0,436.0
932.0,461.0
933.0,434.0
934.0,440.0
935.0,423.0
936.0,427.0
937.0,422.0
938.0,427.0
939.0,415.0
940.0,434.0
941.0,410.0
942.0,422.0
943.0,388.0
944.0,396.0
945.0,405.0
946.0,399.0
947.0,393.0
948.0,395.0
949.0,398.0
950.0,400.0
951.0,379.0
952.0,376.0
953.0,382.0
954.0,387.0
955.0,354.0
956.0,376.0
957.0,386.0
958.0,362.0
959.0,366.0
960.0,357.0
961.0,356.0
962.0,367.0
963.0,358.0
964.0,375.0
965.0,375.0
966.0,372.0
967.0,346.0
968.0,361.0
969.0,338.0
970.0,353.0
971.0,338.0
972.0,358.0
973.0,331.0
974.0,366.0
975.0,369.0
976.0,333.0
977.0,341.0
978.0,340.0
979.0,325.0
980.0,342.0
981.0,343.0
982.0,343.0
983.0,333.0
984.0,312.0
985.0,362.0
986.0,333.0
987.0,338.0
988.0,327.0
989.0,354.0
990.0,321.0
991.0,312.0
992.0,327.0
993.0,316.0
994.0,323.0
995.0,327.0
996.0,315.0
997.0,312.0
998.0,316.0
999.0,310.0
1000.0,331.0
1001.0,322.0
1002.0,326.0
1003.0,310.0
1004.0,313.0
1005.0,315.0
1006.0,312.0
1007.0,286.0
1008.0,305.0
1009.0,302.0
1010.0,323.0
1011.0,305.0
1012.0,297.0
1013.0,303.0
1014.0,308.0
1015.0,306.0
1016.0,297.0
1017.0,315.0
1018.0,294.0
1019.0,304.0
1020.0,307.0
1021.0,324.0
1022.0,309.0
1023.0,297.0
