0.0,779.0
1.0,1155.0
2.0,1134.0
3.0,1136.0
4.0,1196.0
5.0,1168.0
6.0,1217.0
7.0,1197.0
8.0,1239.0
9.0,1246.0
10.0,1270.0
11.0,1261.0
12.0,1313.0
13.0,1283.0
14.0,1362.0
15.0,1346.0
16.0,1372.0
17.0,1375.0
18.0,1406.0
19.0,1460.0
20.0,1459.0
21.0,1456.0
22.0,1446.0
23.0,1424.0
24.0,1456.0
25.0,1500.0
26.0,1485.0
27.0,1502.0
28.0,1546.0
29.0,1572.0
30.0,1562.0
31.0,1598.0
32.0,1621.0
33.0,1659.0
34.0,1658.0
35.0,1650.0
36.0,1755.0
37.0,1698.0
38.0,1734.0
39.0,1743.0
40.0,1731.0
41.0,1812.0
42.0,1799.0
43.0,1830.0
44.0,1848.0
45.0,1885.0
46.0,1885.0
47.0,1942.0
48.0,1909.0
49.0,1962.0
50.0,1950.0
51.0,1985.0
52.0,1979.0
53.0,2016.0
54.0,2033.0
55.0,2086.0
56.0,2062.0
57.0,2131.0
58.0,2090.0
59.0,2169.0
60.0,2169.0
61.0,2222.0
62.0,2227.0
63.0,2248.0
64.0,2204.0
65.0,2229.0
66.0,2318.0
67.0,2331.0
68.0,2416.0
69.0,2379.0
70.0,2394.0
71.0,2399.0
72.0,2486.0
73.0,2488.0
74.0,2510.0
75.0,2497.0
76.0,2561.0
77.0,2573.0
78.0,2603.0
79.0,2577.0
80.0,2628.0
81.0,2634.0
82.0,2706.0
83.0,2698.0
84.0,2722.0
85.0,2722.0
86.0,2794.0
87.0,2756.0
88.0,2810.0
89.0,2842.0
90.0,2894.0
91.0,2899.0
92.0,2955.0
93.0,2988.0
94.0,2971.0
95.0,2989.0
96.0,3010.0
97.0,3044.0
98.0,3099.0
99.0,3066.0
100.0,3098.0
101.0,3134.0
102.0,3163.0
103.0,3134.0
104.0,3241.0
105.0,3259.0
106.0,3256.0
107.0,3265.0
108.0,3347.0
109.0,3420.0
110.0,3313.0
111.0,3370.0
112.0,3427.0
113.0,3488.0
114.0,3509.0
115.0,3555.0
116.0,3577.0
117.0,3576.0
118.0,3629.0
119.0,3642.0
120.0,3673.0
121.0,3696.0
122.0,3688.0
123.0,3798.0
124.0,3822.0
125.0,3815.0
126.0,3851.0
127.0,3895.0
128.0,3921.0
129.0,3897.0
130.0,3963.0
131.0,4000.0
132.0,4026.0
133.0,4062.0
134.0,4075.0
135.0,4167.0
136.0,4145.0
137.0,4206.0
138.0,4188.0
139.0,4272.0
140.0,4282.0
141.0,4239.0
142.0,4334.0
143.0,4310.0
144.0,4406.0
145.0,4423.0
146.0,4424.0
147.0,4501.0
148.0,4477.0
149.0,4517.0
150.0,4591.0
151.0,4576.0
152.0,4613.0
153.0,4631.0
154.0,4668.0
155.0,4740.0
156.0,4800.0
157.0,4790.0
158.0,4812.0
159.0,4898.0
160.0,4874.0
161.0,4941.0
162.0,4913.0
163.0,5037.0
164.0,5038.0
165.0,5051.0
166.0,5142.0
167.0,5064.0
168.0,5162.0
169.0,5210.0
170.0,5217.0
171.0,5219.0
172.0,5256.0
173.0,5312.0
174.0,5327.0
175.0,5419.0
176.0,5465.0
177.0,5394.0
178.0,5472.0
179.0,5459.0
180.0,5686.0
181.0,5529.0
182.0,5634.0
183.0,5624.0
184.0,5701.0
185.0,5733.0
186.0,5732.0
187.0,5760.0
188.0,5857.0
189.0,5868.0
190.0,5911.0
191.0,5889.0
192.0,6001.0
193.0,6042.0
194.0,6091.0
195.0,6104.0
196.0,6251.0
197.0,6122.0
198.0,6199.0
199.0,6150.0
200.0,6219.0
201.0,6407.0
202.0,6342.0
203.0,6295.0
204.0,6381.0
205.0,6475.0
206.0,6471.0
207.0,6529.0
208.0,6548.0
209.0,6572.0
210.0,6674.0
211.0,6733.0
212.0,6683.0
213.0,6677.0
214.0,6710.0
215.0,6820.0
216.0,6853.0
217.0,6918.0
218.0,6944.0
219.0,6961.0
220.0,6947.0
221.0,7107.0
222.0,7117.0
223.0,7005.0
224.0,7055.0
225.0,7238.0
226.0,7134.0
227.0,7237.0
228.0,7226.0
229.0,7179.0
230.0,7321.0
231.0,7342.0
232.0,7342.0
233.0,7420.0
234.0,7276.0
235.0,7403.0
236.0,7560.0
237.0,7601.0
238.0,7548.0
239.0,7464.0
240.0,7542.0
241.0,7603.0
242.0,7638.0
243.0,7766.0
244.0,7664.0
245.0,7740.0
246.0,7819.0
247.0,7814.0
248.0,7843.0
249.0,7836.0
250.0,7817.0
251.0,7934.0
252.0,7946.0
253.0,8026.0
254.0,7973.0
255.0,8046.0
256.0,8120.0
257.0,8140.0
258.0,8129.0
259.0,8233.0
260.0,8206.0
261.0,8296.0
262.0,8275.0
263.0,8222.0
264.0,8301.0
265.0,8319.0
266.0,8425.0
267.0,8396.0
268.0,8516.0
269.0,8464.0
270.0,8568.0
271.0,8447.0
272.0,8527.0
273.0,8487.0
274.0,8567.0
275.0,8716.0
276.0,8739.0
277.0,8688.0
278.0,8667.0
279.0,8712.0
280.0,8746.0
281.0,8856.0
282.0,8921.0
283.0,8730.0
284.0,8834.0
285.0,8952.0
286.0,8981.0
287.0,8915.0
288.0,8903.0
289.0,9100.0
290.0,9021.0
291.0,9047.0
292.0,9249.0
293.0,9093.0
294.0,9086.0
295.0,9090.0
296.0,9169.0
297.0,9198.0
298.0,9353.0
299.0,9225.0
300.0,9445.0
301.0,9299.0
302.0,9344.0
303.0,9406.0
304.0,9328.0
305.0,9370.0
306.0,9374.0
307.0,9454.0
308.0,9445.0
309.0,9579.0
310.0,9620.0
311.0,9631.0
312.0,9679.0
313.0,9587.0
314.0,9624.0
315.0,9568.0
316.0,9703.0
317.0,9840.0
318.0,9829.0
319.0,9670.0
320.0,9716.0
321.0,9747.0
322.0,9846.0
323.0,9944.0
324.0,9867.0
325.0,9781.0
326.0,10082.0
327.0,9951.0
328.0,10047.0
329.0,9944.0
330.0,10000.0
331.0,9999.0
332.0,10138.0
333.0,10066.0
334.0,10042.0
335.0,10112.0
336.0,10164.0
337.0,10326.0
338.0,10236.0
339.0,10206.0
340.0,10187.0
341.0,10280.0
342.0,10191.0
343.0,10131.0
344.0,10322.0
345.0,10332.0
346.0,10285.0
347.0,10474.0
348.0,10243.0
349.0,10444.0
350.0,10408.0
351.0,10426.0
352.0,10500.0
353.0,10518.0
354.0,10514.0
355.0,10551.0
356.0,10543.0
357.0,10671.0
358.0,10547.0
359.0,10653.0
360.0,10676.0
361.0,10668.0
362.0,10687.0
363.0,10752.0
364.0,10899.0
365.0,10701.0
366.0,10603.0
367.0,10838.0
368.0,10874.0
369.0,10815.0
370.0,10922.0
371.0,10782.0
372.0,10982.0
373.0,10844.0
374.0,10759.0
375.0,10873.0
376.0,10923.0
377.0,11108.0
378.0,10990.0
379.0,10883.0
380.0,11058.0
381.0,10968.0
382.0,11127.0
383.0,11194.0
384.0,11252.0
385.0,10968.0
386.0,11046.0
387.0,11369.0
388.0,11233.0
389.0,11153.0
390.0,11098.0
391.0,11097.0
392.0,11216.0
393.0,11235.0
394.0,11238.0
395.0,11364.0
396.0,11325.0
397.0,11485.0
398.0,11423.0
399.0,11304.0
400.0,11348.0
401.0,11360.0
402.0,11476.0
403.0,11446.0
404.0,11405.0
405.0,11498.0
406.0,11417.0
407.0,11553.0
408.0,11430.0
409.0,11497.0
410.0,11558.0
411.0,11576.0
412.0,11618.0
413.0,11605.0
414.0,11614.0
415.0,11344.0
416.0,11667.0
417.0,11820.0
418.0,11546.0
419.0,11614.0
420.0,11585.0
421.0,11702.0
422.0,11650.0
423.0,11675.0
424.0,11777.0
425.0,11550.0
426.0,11818.0
427.0,11878.0
428.0,11735.0
429.0,11768.0
430.0,11781.0
431.0,11954.0
432.0,11901.0
433.0,11843.0
434.0,11822.0
435.0,11857.0
436.0,11834.0
437.0,11908.0
438.0,11813.0
439.0,11771.0
440.0,11868.0
441.0,11922.0
442.0,12064.0
443.0,11961.0
444.0,11957.0
445.0,11808.0
446.0,11895.0
447.0,12100.0
448.0,11877.0
449.0,12049.0
450.0,11890.0
451.0,11977.0
452.0,12007.0
453.0,12031.0
454.0,12003.0
455.0,11956.0
456.0,12052.0
457.0,12032.0
458.0,12085.0
459.0,12064.0
460.0,11952.0
461.0,12109.0
462.0,12226.0
463.0,12163.0
464.0,12034.0
465.0,12025.0
466.0,12148.0
467.0,12158.0
468.0,11973.0
469.0,12241.0
470.0,12168.0
471.0,12120.0
472.0,12284.0
473.0,12064.0
474.0,12192.0
475.0,12156.0
476.0,12257.0
477.0,12285.0
478.0,12069.0
479.0,12102.0
480.0,12333.0
481.0,12185.0
482.0,12187.0
483.0,12242.0
484.0,12119.0
485.0,12271.0
486.0,12254.0
487.0,12097.0
488.0,12295.0
489.0,12199.0
490.0,12190.0
491.0,12226.0
492.0,12185.0
493.0,12145.0
494.0,12220.0
495.0,12347.0
496.0,12186.0
497.0,12276.0
498.0,12146.0
499.0,12207.0
500.0,12356.0
501.0,12264.0
502.0,12211.0
503.0,12140.0
504.0,12332.0
505.0,12160.0
506.0,12303.0
507.0,12311.0
508.0,12115.0
509.0,12269.0
510.0,12172.0
511.0,12309.0
512.0,12208.0
513.0,12175.0
514.0,12191.0
515.0,12284.0
516.0,12198.0
517.0,12244.0
518.0,12181.0
519.0,12444.0
520.0,12108.0
521.0,12094.0
522.0,12291.0
523.0,12081.0
524.0,12263.0
525.0,12087.0
526.0,12100.0
527.0,12093.0
528.0,12051.0
529.0,12184.0
530.0,12217.0
531.0,12041.0
532.0,12136.0
533.0,12026.0
534.0,12099.0
535.0,12263.0
536.0,12125.0
537.0,11999.0
538.0,11981.0
539.0,12067.0
540.0,12019.0
541.0,12006.0
542.0,11992.0
543.0,12112.0
544.0,11972.0
545.0,12035.0
546.0,11793.0
547.0,11904.0
548.0,11970.0
549.0,12012.0
550.0,11901.0
551.0,11895.0
552.0,11921.0
553.0,12011.0
554.0,11895.0
555.0,11928.0
556.0,11820.0
557.0,11965.0
558.0,11780.0
559.0,11829.0
560.0,11963.0
561.0,11656.0
562.0,11749.0
563.0,12025.0
564.0,11746.0
565.0,11775.0
566.0,11773.0
567.0,11713.0
568.0,11818.0
569.0,11680.0
570.0,11709.0
571.0,11592.0
572.0,11718.0
573.0,11804.0
574.0,11629.0
575.0,11664.0
576.0,11607.0
577.0,11633.0
578.0,11640.0
579.0,11566.0
580.0,11638.0
581.0,11549.0
582.0,11729.0
583.0,11390.0
584.0,11663.0
585.0,11390.0
586.0,11435.0
587.0,11547.0
588.0,11517.0
589.0,11305.0
590.0,11437.0
591.0,11417.0
592.0,11542.0
593.0,11389.0
594.0,11295.0
595.0,11313.0
596.0,11438.0
597.0,11403.0
598.0,11265.0
599.0,11354.0
600.0,11200.0
601.0,11246.0
602.0,11259.0
603.0,11116.0
604.0,11186.0
605.0,11089.0
606.0,11157.0
607.0,11145.0
608.0,11107.0
609.0,11201.0
610.0,10956.0
611.0,11163.0
612.0,11170.0
613.0,10865.0
614.0,11023.0
615.0,10990.0
616.0,10979.0
617.0,10925.0
618.0,10923.0
619.0,10930.0
620.0,10854.0
621.0,10891.0
622.0,10861.0
623.0,10763.0
624.0,10795.0
625.0,10715.0
626.0,10858.0
627.0,10731.0
628.0,10642.0
629.0,10593.0
630.0,10651.0
631.0,10705.0
632.0,10602.0
633.0,10575.0
634.0,10467.0
635.0,10630.0
636.0,10575.0
637.0,10616.0
638.0,10447.0
639.0,10363.0
640.0,10492.0
641.0,10521.0
642.0,10404.0
643.0,10345.0
644.0,10319.0
645.0,10451.0
646.0,10233.0
647.0,10359.0
648.0,10315.0
649.0,10233.0
650.0,10189.0
651.0,10167.0
652.0,10117.0
653.0,10100.0
654.0,10091.0
655.0,10119.0
656.0,10145.0
657.0,9938.0
658.0,9995.0
659.0,10109.0
660.0,10174.0
661.0,9962.0
662.0,9858.0
663.0,9835.0
664.0,9905.0
665.0,9894.0
666.0,9788.0
667.0,9809.0
668.0,9789.0
669.0,9783.0
670.0,9792.0
671.0,9765.0
672.0,9598.0
673.0,9743.0
674.0,9682.0
675.0,9551.0
676.0,9563.0
677.0,9499.0
678.0,9332.0
679.0,9520.0
680.0,9512.0
681.0,9343.0
682.0,9396.0
683.0,9237.0
684.0,9445.0
685.0,9390.0
686.0,9214.0
687.0,9267.0
688.0,9262.0
689.0,9241.0
690.0,9158.0
691.0,9074.0
692.0,9138.0
693.0,9133.0
694.0,9142.0
695.0,8976.0
696.0,9035.0
697.0,8941.0
698.0,9074.0
699.0,9013.0
700.0,8826.0
701.0,8939.0
702.0,8849.0
703.0,8945.0
704.0,8805.0
705.0,8826.0
706.0,8747.0
707.0,8832.0
708.0,8728.0
709.0,8667.0
710.0,8553.0
711.0,8556.0
712.0,8586.0
713.0,8637.0
714.0,8574.0
715.0,8423.0
716.0,8469.0
717.0,8419.0
718.0,8479.0
719.0,8452.0
720.0,8400.0
721.0,8257.0
722.0,8335.0
723.0,8388.0
724.0,8246.0
725.0,8200.0
726.0,8270.0
727.0,8240.0
728.0,8162.0
729.0,8145.0
730.0,8005.0
731.0,8057.0
732.0,8155.0
733.0,7984.0
734.0,7800.0
735.0,8067.0
736.0,7895.0
737.0,7853.0
738.0,7874.0
739.0,7741.0
740.0,7773.0
741.0,7868.0
742.0,7688.0
743.0,7700.0
744.0,7576.0
745.0,7669.0
746.0,7598.0
747.0,7684.0
748.0,7483.0
749.0,7494.0
750.0,7585.0
751.0,7467.0
752.0,7586.0
753.0,7421.0
754.0,7377.0
755.0,7384.0
756.0,7402.0
757.0,7282.0
758.0,7146.0
759.0,7219.0
760.0,7209.0
761.0,7294.0
762.0,7100.0
763.0,7142.0
764.0,7152.0
765.0,7045.0
766.0,7104.0
767.0,6880.0
768.0,6925.0
769.0,6961.0
770.0,6922.0
771.0,6894.0
772.0,6875.0
773.0,6861.0
774.0,6720.0
775.0,6813.0
776.0,6649.0
777.0,6695.0
778.0,6762.0
779.0,6670.0
780.0,6513.0
781.0,6690.0
782.0,6530.0
783.0,6501.0
784.0,6417.0
785.0,6437.0
786.0,6362.0
787.0,6357.0
788.0,6259.0
789.0,6370.0
790.0,6294.0
791.0,6227.0
792.0,6181.0
793.0,6202.0
794.0,6122.0
795.0,6161.0
796.0,6139.0
797.0,6071.0
798.0,6050.0
799.0,6062.0
800.0,5978.0
801.0,6021.0
802.0,5961.0
803.0,5949.0
804.0,5872.0
805.0,5689.0
806.0,5849.0
807.0,5790.0
808.0,5753.0
809.0,5742.0
810.0,5641.0
811.0,5684.0
812.0,5643.0
813.0,5566.0
814.0,5572.0
815.0,5530.0
816.0,5522.0
817.0,5476.0
818.0,5471.0
819.0,5370.0
820.0,5395.0
821.0,5450.0
822.0,5305.0
823.0,5221.0
824.0,5238.0
825.0,5221.0
826.0,5226.0
827.0,5177.0
828.0,5067.0
829.0,5128.0
830.0,5172.0
831.0,5051.0
832.0,5058.0
833.0,5014.0
834.0,4979.0
835.0,4917.0
836.0,4809.0
837.0,4877.0
838.0,4847.0
839.0,4793.0
840.0,4757.0
841.0,4717.0
842.0,4775.0
843.0,4625.0
844.0,4718.0
845.0,4663.0
846.0,4634.0
847.0,4556.0
848.0,4576.0
849.0,4540.0
850.0,4524.0
851.0,4377.0
852.0,4414.0
853.0,4491.0
854.0,4409.0
855.0,4338.0
856.0,4256.0
857.0,4261.0
858.0,4277.0
859.0,4185.0
860.0,4182.0
861.0,4149.0
862.0,4118.0
863.0,4122.0
864.0,4111.0
865.0,4045.0
866.0,4003.0
867.0,4025.0
868.0,4029.0
869.0,3904.0
870.0,3838.0
871.0,3901.0
872.0,3844.0
873.0,3804.0
874.0,3804.0
875.0,3739.0
876.0,3673.0
877.0,3714.0
878.0,3704.0
879.0,3675.0
880.0,3604.0
881.0,3584.0
882.0,3584.0
883.0,3582.0
884.0,3530.0
885.0,3444.0
886.0,3523.0
887.0,3448.0
888.0,3399.0
889.0,3392.0
890.0,3303.0
891.0,3383.0
892.0,3324.0
893.0,3247.0
894.0,3219.0
895.0,3239.0
896.0,3190.0
897.0,3193.0
898.0,3148.0
899.0,3148.0
900.0,3049.0
901.0,3041.0
902.0,3006.0
903.0,3066.0
904.0,2997.0
905.0,3014.0
906.0,3006.0
907.0,2865.0
908.0,2885.0
909.0,2875.0
910.0,2896.0
911.0,2811.0
912.0,2804.0
913.0,2815.0
914.0,2761.0
915.0,2791.0
916.0,2690.0
917.0,2727.0
918.0,2643.0
919.0,2644.0
920.0,2672.0
921.0,2592.0
922.0,2527.0
923.0,2548.0
924.0,2514.0
925.0,2489.0
926.0,2474.0
927.0,2503.0
928.0,2425.0
929.0,2430.0
930.0,2419.0
931.0,2366.0
932.0,2361.0
933.0,2271.0
934.0,2294.0
935.0,2262.0
936.0,2253.0
937.0,2255.0
938.0,2234.0
939.0,2232.0
940.0,2177.0
941.0,2150.0
942.0,2158.0
943.0,2134.0
944.0,2108.0
945.0,2057.0
946.0,2106.0
947.0,2002.0
948.0,1988.0
949.0,1998.0
950.0,1957.0
951.0,1957.0
952.0,1930.0
953.0,1928.0
954.0,1935.0
955.0,1943.0
956.0,1855.0
957.0,1854.0
958.0,1781.0
959.0,1792.0
960.0,1809.0
961.0,1798.0
962.0,1748.0
963.0,1714.0
964.0,1712.0
965.0,1679.0
966.0,1641.0
967.0,1680.0
968.0,1629.0
969.0,1622.0
970.0,1637.0
971.0,1607.0
972.0,1566.0
973.0,1538.0
974.0,1581.0
975.0,1553.0
976.0,1532.0
977.0,1457.0
978.0,1455.0
979.0,1439.0
980.0,1466.0
981.0,1420.0
982.0,1435.0
983.0,1385.0
984.0,1426.0
985.0,1374.0
986.0,1375.0
987.0,1334.0
988.0,1342.0
989.0,1312.0
990.0,1267.0
991.0,1290.0
992.0,1298.0
993.0,1198.0
994.0,1237.0
995.0,1221.0
996.0,1170.0
997.0,1164.0
998.0,1188.0
999.0,1166.0
1000.0,1135.0
1001.0,1152.0
1002.0,1110.0
1003.0,1107.0
1004.0,1093.0
1005.0,1133.0
1006.0,1076.0
1007.0,1053.0
1008.0,1021.0
1009.0,1000.0
1010.0,1005.0
1011.0,998.0
1012.0,994.0
1013.0,956.0
1014.0,979.0
1015.0,977.0
1016.0,942.0
1017.0,917.0
1018.0,912.0
1019.0,929.0
1020.0,913.0
1021.0,899.0
1022.0,877.0
1023.0,843.0
