0.0,88.0
1.0,110.0
2.0,147.0
3.0,174.0
4.0,198.0
5.0,208.0
6.0,212.0
7.0,195.0
8.0,195.0
9.0,203.0
10.0,206.0
11.0,210.0
12.0,213.0
13.0,220.0
14.0,215.0
15.0,209.0
16.0,212.0
17.0,196.0
18.0,222.0
19.0,205.0
20.0,221.0
21.0,212.0
22.0,214.0
23.0,226.0
24.0,220.0
25.0,205.0
26.0,224.0
27.0,217.0
28.0,225.0
29.0,214.0
30.0,214.0
31.0,242.0
32.0,209.0
33.0,222.0
34.0,222.0
35.0,238.0
36.0,233.0
37.0,225.0
38.0,232.0
39.0,230.0
40.0,258.0
41.0,254.0
42.0,259.0
43.0,246.0
44.0,273.0
45.0,274.0
46.0,278.0
47.0,281.0
48.0,292.0
49.0,272.0
50.0,264.0
51.0,271.0
52.0,287.0
53.0,290.0
54.0,287.0
55.0,294.0
56.0,286.0
57.0,289.0
58.0,285.0
59.0,303.0
60.0,272.0
61.0,282.0
62.0,279.0
63.0,284.0
64.0,288.0
65.0,286.0
66.0,303.0
67.0,297.0
68.0,298.0
69.0,301.0
70.0,291.0
71.0,301.0
72.0,323.0
73.0,302.0
74.0,297.0
75.0,302.0
76.0,308.0
77.0,318.0
78.0,317.0
79.0,317.0
80.0,299.0
81.0,303.0
82.0,315.0
83.0,311.0
84.0,307.0
85.0,294.0
86.0,309.0
87.0,308.0
88.0,302.0
89.0,308.0
90.0,315.0
91.0,299.0
92.0,317.0
93.0,319.0
94.0,311.0
95.0,343.0
96.0,332.0
97.0,319.0
98.0,342.0
99.0,326.0
100.0,329.0
101.0,338.0
102.0,332.0
103.0,335.0
104.0,320.0
105.0,314.0
106.0,329.0
107.0,344.0
108.0,333.0
109.0,334.0
110.0,320.0
111.0,347.0
112.0,320.0
113.0,372.0
114.0,358.0
115.0,346.0
116.0,351.0
117.0,345.0
118.0,376.0
119.0,365.0
120.0,372.0
121.0,330.0
122.0,354.0
123.0,356.0
124.0,363.0
125.0,351.0
126.0,365.0
127.0,394.0
128.0,362.0
129.0,375.0
130.0,386.0
131.0,364.0
132.0,368.0
133.0,379.0
134.0,355.0
135.0,373.0
136.0,386.0
137.0,370.0
138.0,369.0
139.0,372.0
140.0,394.0
141.0,379.0
142.0,396.0
143.0,406.0
144.0,376.0
145.0,360.0
146.0,391.0
147.0,388.0
148.0,393.0
149.0,416.0
150.0,398.0
151.0,391.0
152.0,384.0
153.0,367.0
154.0,387.0
155.0,389.0
156.0,407.0
157.0,428.0
158.0,407.0
159.0,427.0
160.0,426.0
161.0,412.0
162.0,393.0
163.0,406.0
164.0,401.0
165.0,390.0
166.0,417.0
167.0,418.0
168.0,410.0
169.0,421.0
170.0,441.0
171.0,429.0
172.0,426.0
173.0,428.0
174.0,429.0
175.0,436.0
176.0,443.0
177.0,406.0
178.0,397.0
179.0,394.0
180.0,440.0
181.0,435.0
182.0,428.0
183.0,435.0
184.0,441.0
185.0,438.0
186.0,444.0
187.0,445.0
188.0,432.0
189.0,426.0
190.0,430.0
191.0,433.0
192.0,458.0
193.0,417.0
194.0,461.0
195.0,476.0
196.0,444.0
197.0,434.0
198.0,460.0
199.0,470.0
200.0,453.0
201.0,462.0
202.0,448.0
203.0,488.0
204.0,475.0
205.0,456.0
206.0,460.0
207.0,456.0
208.0,460.0
209.0,460.0
210.0,460.0
211.0,482.0
212.0,463.0
213.0,480.0
214.0,477.0
215.0,464.0
216.0,477.0
217.0,480.0
218.0,478.0
219.0,482.0
220.0,476.0
221.0,488.0
222.0,487.0
223.0,484.0
224.0,494.0
225.0,474.0
226.0,484.0
227.0,490.0
228.0,524.0
229.0,523.0
230.0,496.0
231.0,520.0
232.0,507.0
233.0,516.0
234.0,510.0
235.0,525.0
236.0,490.0
237.0,476.0
238.0,516.0
239.0,498.0
240.0,524.0
241.0,501.0
242.0,537.0
243.0,510.0
244.0,530.0
245.0,509.0
246.0,533.0
247.0,541.0
248.0,556.0
249.0,526.0
250.0,525.0
251.0,495.0
252.0,497.0
253.0,525.0
254.0,526.0
255.0,546.0
256.0,524.0
257.0,504.0
258.0,541.0
259.0,527.0
260.0,540.0
261.0,528.0
262.0,558.0
263.0,561.0
264.0,540.0
265.0,530.0
266.0,528.0
267.0,551.0
268.0,535.0
269.0,542.0
270.0,558.0
271.0,574.0
272.0,568.0
273.0,575.0
274.0,595.0
275.0,547.0
276.0,564.0
277.0,545.0
278.0,580.0
279.0,580.0
280.0,572.0
281.0,594.0
282.0,557.0
283.0,572.0
284.0,585.0
285.0,563.0
286.0,586.0
287.0,592.0
288.0,581.0
289.0,575.0
290.0,593.0
291.0,578.0
292.0,574.0
293.0,579.0
294.0,581.0
295.0,583.0
296.0,604.0
297.0,588.0
298.0,629.0
299.0,605.0
300.0,603.0
301.0,598.0
302.0,613.0
303.0,598.0
304.0,613.0
305.0,574.0
306.0,592.0
307.0,601.0
308.0,622.0
309.0,610.0
310.0,602.0
311.0,628.0
312.0,607.0
313.0,601.0
314.0,622.0
315.0,624.0
316.0,610.0
317.0,611.0
318.0,606.0
319.0,617.0
320.0,605.0
321.0,616.0
322.0,644.0
323.0,595.0
324.0,653.0
325.0,622.0
326.0,622.0
327.0,645.0
328.0,649.0
329.0,636.0
330.0,621.0
331.0,645.0
332.0,632.0
333.0,636.0
334.0,643.0
335.0,650.0
336.0,648.0
337.0,667.0
338.0,641.0
339.0,627.0
340.0,653.0
341.0,655.0
342.0,661.0
343.0,661.0
344.0,655.0
345.0,664.0
346.0,652.0
347.0,635.0
348.0,650.0
349.0,642.0
350.0,651.0
351.0,672.0
352.0,660.0
353.0,697.0
354.0,665.0
355.0,674.0
356.0,665.0
357.0,659.0
358.0,679.0
359.0,673.0
360.0,648.0
361.0,685.0
362.0,663.0
363.0,673.0
364.0,674.0
365.0,681.0
366.0,674.0
367.0,676.0
368.0,674.0
369.0,677.0
370.0,685.0
371.0,668.0
372.0,667.0
373.0,715.0
374.0,684.0
375.0,680.0
376.0,698.0
377.0,669.0
378.0,691.0
379.0,709.0
380.0,686.0
381.0,697.0
382.0,675.0
383.0,699.0
384.0,711.0
385.0,715.0
386.0,693.0
387.0,695.0
388.0,691.0
389.0,721.0
390.0,708.0
391.0,719.0
392.0,720.0
393.0,697.0
394.0,693.0
395.0,683.0
396.0,722.0
397.0,716.0
398.0,706.0
399.0,717.0
400.0,704.0
401.0,712.0
402.0,710.0
403.0,721.0
404.0,700.0
405.0,724.0
406.0,694.0
407.0,729.0
408.0,720.0
409.0,755.0
410.0,726.0
411.0,731.0
412.0,722.0
413.0,722.0
414.0,720.0
415.0,717.0
416.0,725.0
417.0,743.0
418.0,710.0
419.0,740.0
420.0,700.0
421.0,702.0
422.0,709.0
423.0,701.0
424.0,696.0
425.0,717.0
426.0,744.0
427.0,720.0
428.0,708.0
429.0,742.0
430.0,722.0
431.0,754.0
432.0,699.0
433.0,709.0
434.0,721.0
435.0,724.0
436.0,739.0
437.0,726.0
438.0,718.0
439.0,720.0
440.0,737.0
441.0,712.0
442.0,751.0
443.0,726.0
444.0,715.0
445.0,745.0
446.0,716.0
447.0,750.0
448.0,707.0
449.0,729.0
450.0,742.0
451.0,766.0
452.0,729.0
453.0,767.0
454.0,744.0
455.0,729.0
456.0,745.0
457.0,724.0
458.0,713.0
459.0,736.0
460.0,772.0
461.0,737.0
462.0,725.0
463.0,733.0
464.0,753.0
465.0,737.0
466.0,755.0
467.0,751.0
468.0,728.0
469.0,756.0
470.0,720.0
471.0,729.0
472.0,743.0
473.0,728.0
474.0,721.0
475.0,720.0
476.0,732.0
477.0,745.0
478.0,704.0
479.0,729.0
480.0,732.0
481.0,725.0
482.0,744.0
483.0,752.0
484.0,732.0
485.0,725.0
486.0,727.0
487.0,722.0
488.0,734.0
489.0,735.0
490.0,732.0
491.0,720.0
492.0,736.0
493.0,715.0
494.0,710.0
495.0,726.0
496.0,745.0
497.0,765.0
498.0,738.0
499.0,745.0
500.0,758.0
501.0,718.0
502.0,745.0
503.0,721.0
504.0,764.0
505.0,738.0
506.0,747.0
507.0,744.0
508.0,726.0
509.0,751.0
510.0,759.0
511.0,716.0
512.0,737.0
513.0,736.0
514.0,720.0
515.0,721.0
516.0,736.0
517.0,715.0
518.0,758.0
519.0,723.0
520.0,766.0
521.0,740.0
522.0,736.0
523.0,716.0
524.0,727.0
525.0,735.0
526.0,735.0
527.0,741.0
528.0,742.0
529.0,732.0
530.0,760.0
531.0,712.0
532.0,729.0
533.0,728.0
534.0,708.0
535.0,700.0
536.0,747.0
537.0,757.0
538.0,734.0
539.0,714.0
540.0,708.0
541.0,729.0
542.0,687.0
543.0,722.0
544.0,731.0
545.0,729.0
546.0,722.0
547.0,727.0
548.0,699.0
549.0,728.0
550.0,754.0
551.0,709.0
552.0,714.0
553.0,713.0
554.0,711.0
555.0,712.0
556.0,720.0
557.0,715.0
558.0,707.0
559.0,737.0
560.0,715.0
561.0,721.0
562.0,691.0
563.0,723.0
564.0,716.0
565.0,753.0
566.0,699.0
567.0,695.0
568.0,694.0
569.0,727.0
570.0,695.0
571.0,730.0
572.0,712.0
573.0,692.0
574.0,699.0
575.0,685.0
576.0,692.0
577.0,696.0
578.0,708.0
579.0,688.0
580.0,688.0
581.0,707.0
582.0,696.0
583.0,674.0
584.0,710.0
585.0,704.0
586.0,697.0
587.0,676.0
588.0,653.0
589.0,696.0
590.0,698.0
591.0,700.0
592.0,668.0
593.0,669.0
594.0,668.0
595.0,673.0
596.0,673.0
597.0,661.0
598.0,691.0
599.0,673.0
600.0,679.0
601.0,657.0
602.0,682.0
603.0,673.0
604.0,694.0
605.0,700.0
606.0,659.0
607.0,672.0
608.0,672.0
609.0,657.0
610.0,676.0
611.0,681.0
612.0,657.0
613.0,664.0
614.0,669.0
615.0,647.0
616.0,649.0
617.0,662.0
618.0,656.0
619.0,648.0
620.0,649.0
621.0,658.0
622.0,673.0
623.0,650.0
624.0,632.0
625.0,651.0
626.0,629.0
627.0,642.0
628.0,637.0
629.0,652.0
630.0,634.0
631.0,645.0
632.0,656.0
633.0,624.0
634.0,628.0
635.0,644.0
636.0,635.0
637.0,647.0
638.0,626.0
639.0,648.0
640.0,603.0
641.0,645.0
642.0,630.0
643.0,636.0
644.0,611.0
645.0,613.0
646.0,632.0
647.0,618.0
648.0,599.0
649.0,600.0
650.0,621.0
651.0,609.0
652.0,617.0
653.0,607.0
654.0,613.0
655.0,618.0
656.0,626.0
657.0,621.0
658.0,612.0
659.0,608.0
660.0,621.0
661.0,593.0
662.0,575.0
663.0,595.0
664.0,584.0
665.0,593.0
666.0,594.0
667.0,593.0
668.0,580.0
669.0,591.0
670.0,578.0
671.0,580.0
672.0,586.0
673.0,597.0
674.0,572.0
675.0,593.0
676.0,582.0
677.0,570.0
678.0,567.0
679.0,572.0
680.0,562.0
681.0,599.0
682.0,544.0
683.0,551.0
684.0,543.0
685.0,571.0
686.0,585.0
687.0,596.0
688.0,542.0
689.0,548.0
690.0,548.0
691.0,541.0
692.0,554.0
693.0,551.0
694.0,553.0
695.0,533.0
696.0,559.0
697.0,549.0
698.0,541.0
699.0,561.0
700.0,558.0
701.0,556.0
702.0,545.0
703.0,551.0
704.0,557.0
705.0,539.0
706.0,543.0
707.0,541.0
708.0,526.0
709.0,543.0
710.0,522.0
711.0,541.0
712.0,532.0
713.0,527.0
714.0,509.0
715.0,512.0
716.0,530.0
717.0,531.0
718.0,505.0
719.0,551.0
720.0,538.0
721.0,513.0
722.0,511.0
723.0,541.0
724.0,477.0
725.0,527.0
726.0,506.0
727.0,504.0
728.0,515.0
729.0,494.0
730.0,513.0
731.0,496.0
732.0,492.0
733.0,513.0
734.0,501.0
735.0,496.0
736.0,475.0
737.0,494.0
738.0,486.0
739.0,489.0
740.0,502.0
741.0,483.0
742.0,501.0
743.0,478.0
744.0,494.0
745.0,491.0
746.0,467.0
747.0,479.0
748.0,503.0
749.0,488.0
750.0,452.0
751.0,463.0
752.0,448.0
753.0,478.0
754.0,450.0
755.0,464.0
756.0,446.0
757.0,463.0
758.0,480.0
759.0,451.0
760.0,451.0
761.0,463.0
762.0,442.0
763.0,452.0
764.0,454.0
765.0,441.0
766.0,445.0
767.0,442.0
768.0,454.0
769.0,445.0
770.0,429.0
771.0,442.0
772.0,445.0
773.0,461.0
774.0,433.0
775.0,406.0
776.0,443.0
777.0,421.0
778.0,416.0
779.0,443.0
780.0,446.0
781.0,450.0
782.0,433.0
783.0,419.0
784.0,402.0
785.0,393.0
786.0,432.0
787.0,408.0
788.0,432.0
789.0,454.0
790.0,424.0
791.0,424.0
792.0,414.0
793.0,407.0
794.0,415.0
795.0,399.0
796.0,383.0
797.0,415.0
798.0,394.0
799.0,395.0
800.0,404.0
801.0,398.0
802.0,421.0
803.0,410.0
804.0,392.0
805.0,384.0
806.0,383.0
807.0,403.0
808.0,389.0
809.0,384.0
810.0,411.0
811.0,396.0
812.0,382.0
813.0,396.0
814.0,385.0
815.0,369.0
816.0,361.0
817.0,400.0
818.0,372.0
819.0,378.0
820.0,392.0
821.0,392.0
822.0,377.0
823.0,373.0
824.0,385.0
825.0,356.0
826.0,353.0
827.0,383.0
828.0,368.0
829.0,369.0
830.0,405.0
831.0,394.0
832.0,361.0
833.0,352.0
834.0,349.0
835.0,361.0
836.0,353.0
837.0,353.0
838.0,378.0
839.0,356.0
840.0,349.0
841.0,330.0
842.0,360.0
843.0,352.0
844.0,356.0
845.0,336.0
846.0,336.0
847.0,322.0
848.0,342.0
849.0,342.0
850.0,363.0
851.0,353.0
852.0,344.0
853.0,357.0
854.0,341.0
855.0,339.0
856.0,352.0
857.0,352.0
858.0,340.0
859.0,357.0
860.0,349.0
861.0,360.0
862.0,342.0
863.0,351.0
864.0,332.0
865.0,329.0
866.0,358.0
867.0,335.0
868.0,332.0
869.0,313.0
870.0,314.0
871.0,339.0
872.0,349.0
873.0,324.0
874.0,344.0
875.0,348.0
876.0,311.0
877.0,329.0
878.0,345.0
879.0,335.0
880.0,343.0
881.0,326.0
882.0,326.0
883.0,349.0
884.0,346.0
885.0,322.0
886.0,305.0
887.0,319.0
888.0,310.0
889.0,328.0
890.0,317.0
891.0,347.0
892.0,327.0
893.0,337.0
894.0,324.0
895.0,331.0
896.0,310.0
897.0,301.0
898.0,334.0
899.0,311.0
900.0,333.0
901.0,320.0
902.0,335.0
903.0,336.0
904.0,314.0
905.0,314.0
906.0,316.0
907.0,301.0
908.0,299.0
909.0,316.0
910.0,303.0
911.0,324.0
912.0,313.0
913.0,322.0
914.0,328.0
915.0,315.0
916.0,313.0
917.0,295.0
918.0,291.0
919.0,317.0
920.0,318.0
921.0,325.0
922.0,304.0
923.0,301.0
924.0,319.0
925.0,307.0
926.0,308.0
927.0,319.0
928.0,300.0
929.0,318.0
930.0,292.0
931.0,299.0
932.0,317.0
933.0,302.0
934.0,304.0
935.0,297.0
936.0,276.0
937.0,301.0
938.0,327.0
939.0,312.0
940.0,295.0
941.0,294.0
942.0,303.0
943.0,283.0
944.0,314.0
945.0,302.0
946.0,307.0
947.0,305.0
948.0,308.0
949.0,309.0
950.0,307.0
951.0,297.0
952.0,313.0
953.0,300.0
954.0,318.0
955.0,312.0
956.0,288.0
957.0,275.0
958.0,319.0
959.0,302.0
960.0,279.0
961.0,300.0
962.0,294.0
963.0,296.0
964.0,304.0
965.0,298.0
966.0,282.0
967.0,323.0
968.0,280.0
969.0,310.0
970.0,326.0
971.0,299.0
972.0,312.0
973.0,314.0
974.0,302.0
975.0,285.0
976.0,287.0
977.0,294.0
978.0,282.0
979.0,285.0
980.0,307.0
981.0,292.0
982.0,279.0
983.0,284.0
984.0,289.0
985.0,283.0
986.0,296.0
987.0,293.0
988.0,287.0
989.0,306.0
990.0,302.0
991.0,285.0
992.0,286.0
993.0,310.0
994.0,280.0
995.0,276.0
996.0,303.0
997.0,281.0
998.0,295.0
999.0,306.0
1000.0,299.0
1001.0,290.0
1002.0,297.0
1003.0,314.0
1004.0,269.0
1005.0,294.0
1006.0,298.0
1007.0,273.0
1008.0,294.0
1009.0,271.0
1010.0,291.0
1011.0,282.0
1012.0,296.0
1013.0,308.0
1014.0,305.0
1015.0,288.0
1016.0,322.0
1017.0,315.0
1018.0,305.0
1019.0,274.0
1020.0,293.0
1021.0,272.0
1022.0,305.0
1023.0,284.0
