0.0,481.0
1.0,750.0
2.0,780.0
3.0,803.0
4.0,898.0
5.0,921.0
6.0,941.0
7.0,984.0
8.0,1057.0
9.0,1067.0
10.0,1078.0
11.0,1189.0
12.0,1168.0
13.0,1235.0
14.0,1275.0
15.0,1113.0
16.0,1167.0
17.0,1224.0
18.0,1238.0
19.0,1288.0
20.0,1342.0
21.0,1383.0
22.0,1456.0
23.0,1478.0
24.0,1546.0
25.0,1583.0
26.0,1626.0
27.0,1667.0
28.0,1721.0
29.0,1499.0
30.0,1578.0
31.0,1635.0
32.0,1693.0
33.0,1746.0
34.0,1777.0
35.0,1826.0
36.0,1855.0
37.0,1939.0
38.0,1991.0
39.0,2062.0
40.0,2086.0
41.0,2117.0
42.0,2173.0
43.0,1930.0
44.0,2029.0
45.0,2103.0
46.0,2103.0
47.0,2229.0
48.0,2323.0
49.0,2343.0
50.0,2396.0
51.0,2465.0
52.0,2510.0
53.0,2576.0
54.0,2694.0
55.0,2680.0
56.0,2807.0
57.0,2776.0
58.0,2553.0
59.0,2652.0
60.0,2779.0
61.0,2821.0
62.0,2825.0
63.0,2984.0
64.0,3010.0
65.0,3087.0
66.0,3141.0
67.0,3167.0
68.0,3157.0
69.0,3295.0
70.0,3278.0
71.0,3386.0
72.0,3144.0
73.0,3316.0
74.0,3313.0
75.0,3411.0
76.0,3453.0
77.0,3543.0
78.0,3607.0
79.0,3613.0
80.0,3757.0
81.0,3753.0
82.0,3806.0
83.0,3884.0
84.0,3883.0
85.0,3994.0
86.0,3849.0
87.0,3830.0
88.0,3948.0
89.0,4011.0
90.0,4152.0
91.0,4095.0
92.0,4215.0
93.0,4313.0
94.0,4385.0
95.0,4484.0
96.0,4475.0
97.0,4505.0
98.0,4628.0
99.0,4661.0
100.0,4465.0
101.0,4583.0
102.0,4650.0
103.0,4671.0
104.0,4826.0
105.0,4837.0
106.0,4962.0
107.0,4973.0
108.0,5068.0
109.0,5108.0
110.0,5094.0
111.0,5136.0
112.0,5301.0
113.0,5281.0
114.0,5294.0
115.0,5202.0
116.0,5314.0
117.0,5413.0
118.0,5472.0
119.0,5502.0
120.0,5514.0
121.0,5551.0
122.0,5651.0
123.0,5782.0
124.0,5826.0
125.0,5845.0
126.0,5837.0
127.0,5897.0
128.0,6037.0
129.0,5932.0
130.0,6036.0
131.0,5970.0
132.0,6174.0
133.0,6182.0
134.0,6235.0
135.0,6433.0
136.0,6358.0
137.0,6401.0
138.0,6507.0
139.0,6526.0
140.0,6635.0
141.0,6698.0
142.0,6666.0
143.0,6599.0
144.0,6749.0
145.0,6925.0
146.0,6883.0
147.0,6852.0
148.0,7071.0
149.0,7133.0
150.0,7042.0
151.0,7213.0
152.0,7251.0
153.0,7317.0
154.0,7389.0
155.0,7368.0
156.0,7371.0
157.0,7489.0
158.0,7514.0
159.0,7598.0
160.0,7549.0
161.0,7638.0
162.0,7911.0
163.0,7770.0
164.0,7822.0
165.0,7927.0
166.0,8037.0
167.0,7979.0
168.0,8117.0
169.0,8191.0
170.0,8284.0
171.0,8195.0
172.0,8243.0
173.0,8299.0
174.0,8455.0
175.0,8488.0
176.0,8337.0
177.0,8488.0
178.0,8705.0
179.0,8722.0
180.0,8744.0
181.0,8784.0
182.0,8886.0
183.0,8891.0
184.0,9025.0
185.0,9030.0
186.0,9171.0
187.0,9045.0
188.0,9220.0
189.0,9367.0
190.0,9307.0
191.0,9447.0
192.0,9408.0
193.0,9399.0
194.0,9600.0
195.0,9620.0
196.0,9764.0
197.0,9789.0
198.0,9671.0
199.0,9788.0
200.0,9858.0
201.0,9976.0
202.0,10112.0
203.0,10020.0
204.0,10053.0
205.0,10349.0
206.0,10280.0
207.0,10335.0
208.0,10335.0
209.0,10451.0
210.0,10553.0
211.0,10536.0
212.0,10633.0
213.0,10741.0
214.0,10778.0
215.0,10731.0
216.0,10685.0
217.0,10990.0
218.0,10881.0
219.0,11040.0
220.0,11086.0
221.0,11083.0
222.0,11090.0
223.0,11188.0
224.0,11174.0
225.0,11297.0
226.0,11277.0
227.0,11357.0
228.0,11434.0
229.0,11427.0
230.0,11568.0
231.0,11477.0
232.0,11560.0
233.0,11576.0
234.0,11700.0
235.0,11913.0
236.0,11761.0
237.0,11826.0
238.0,11876.0
239.0,11821.0
240.0,12113.0
241.0,11822.0
242.0,12086.0
243.0,12108.0
244.0,12036.0
245.0,12216.0
246.0,12315.0
247.0,12336.0
248.0,12192.0
249.0,12207.0
250.0,12522.0
251.0,12465.0
252.0,12593.0
253.0,12444.0
254.0,12573.0
255.0,12561.0
256.0,12737.0
257.0,12686.0
258.0,12697.0
259.0,12639.0
260.0,12585.0
261.0,12823.0
262.0,12791.0
263.0,12781.0
264.0,12816.0
265.0,12907.0
266.0,12955.0
267.0,13049.0
268.0,13080.0
269.0,13107.0
270.0,13131.0
271.0,13105.0
272.0,13194.0
273.0,13066.0
274.0,13254.0
275.0,13262.0
276.0,13270.0
277.0,13234.0
278.0,13351.0
279.0,13585.0
280.0,13499.0
281.0,13462.0
282.0,13601.0
283.0,13480.0
284.0,13499.0
285.0,13700.0
286.0,13516.0
287.0,13716.0
288.0,13709.0
289.0,13727.0
290.0,13877.0
291.0,13844.0
292.0,13738.0
293.0,13784.0
294.0,13997.0
295.0,13982.0
296.0,13747.0
297.0,13971.0
298.0,13960.0
299.0,13980.0
300.0,14124.0
301.0,14183.0
302.0,14106.0
303.0,14200.0
304.0,14064.0
305.0,14283.0
306.0,14246.0
307.0,14313.0
308.0,14331.0
309.0,14265.0
310.0,14174.0
311.0,14673.0
312.0,14534.0
313.0,14406.0
314.0,14457.0
315.0,14377.0
316.0,14448.0
317.0,14724.0
318.0,14639.0
319.0,14667.0
320.0,14459.0
321.0,14612.0
322.0,14711.0
323.0,15014.0
324.0,14853.0
325.0,14669.0
326.0,14712.0
327.0,14977.0
328.0,14910.0
329.0,15193.0
330.0,14922.0
331.0,14862.0
332.0,14931.0
333.0,14987.0
334.0,15214.0
335.0,15205.0
336.0,14900.0
337.0,15163.0
338.0,15163.0
339.0,15131.0
340.0,15217.0
341.0,15023.0
342.0,15297.0
343.0,15278.0
344.0,15289.0
345.0,15347.0
346.0,15535.0
347.0,15251.0
348.0,15393.0
349.0,15573.0
350.0,15533.0
351.0,15378.0
352.0,15509.0
353.0,15507.0
354.0,15293.0
355.0,15771.0
356.0,15725.0
357.0,15563.0
358.0,15508.0
359.0,15619.0
360.0,15763.0
361.0,15715.0
362.0,15787.0
363.0,15727.0
364.0,15838.0
365.0,15654.0
366.0,15911.0
367.0,15927.0
368.0,15908.0
369.0,15731.0
370.0,16008.0
371.0,15929.0
372.0,15974.0
373.0,16044.0
374.0,15718.0
375.0,16110.0
376.0,16009.0
377.0,16068.0
378.0,15959.0
379.0,16220.0
380.0,16034.0
381.0,16234.0
382.0,16010.0
383.0,16228.0
384.0,16326.0
385.0,16196.0
386.0,16079.0
387.0,16322.0
388.0,16388.0
389.0,16347.0
390.0,16233.0
391.0,16309.0
392.0,16309.0
393.0,16409.0
394.0,16696.0
395.0,16483.0
396.0,16375.0
397.0,16267.0
398.0,16469.0
399.0,16724.0
400.0,16569.0
401.0,16612.0
402.0,16464.0
403.0,16570.0
404.0,16743.0
405.0,16598.0
406.0,16817.0
407.0,16716.0
408.0,16655.0
409.0,16686.0
410.0,16741.0
411.0,16753.0
412.0,16813.0
413.0,16729.0
414.0,16841.0
415.0,16986.0
416.0,16970.0
417.0,16786.0
418.0,16786.0
419.0,16754.0
420.0,17003.0
421.0,17003.0
422.0,16991.0
423.0,16846.0
424.0,16836.0
425.0,17059.0
426.0,16889.0
427.0,17023.0
428.0,16773.0
429.0,16904.0
430.0,16938.0
431.0,17148.0
432.0,17212.0
433.0,16874.0
434.0,17032.0
435.0,17054.0
436.0,17182.0
437.0,17256.0
438.0,17278.0
439.0,16920.0
440.0,17189.0
441.0,17294.0
442.0,17200.0
443.0,17196.0
444.0,17475.0
445.0,17073.0
446.0,17372.0
447.0,17408.0
448.0,17336.0
449.0,17317.0
450.0,16978.0
451.0,17367.0
452.0,17295.0
453.0,17384.0
454.0,17339.0
455.0,17338.0
456.0,17173.0
457.0,17535.0
458.0,17306.0
459.0,17597.0
460.0,17422.0
461.0,17259.0
462.0,17427.0
463.0,17393.0
464.0,17698.0
465.0,17353.0
466.0,17294.0
467.0,17367.0
468.0,17521.0
469.0,17546.0
470.0,17286.0
471.0,17422.0
472.0,17327.0
473.0,17380.0
474.0,17491.0
475.0,17682.0
476.0,17527.0
477.0,17393.0
478.0,17461.0
479.0,17549.0
480.0,17659.0
481.0,17638.0
482.0,17358.0
483.0,17573.0
484.0,17530.0
485.0,17444.0
486.0,17593.0
487.0,17603.0
488.0,17311.0
489.0,17682.0
490.0,17497.0
491.0,17686.0
492.0,17591.0
493.0,17458.0
494.0,17563.0
495.0,17675.0
496.0,17627.0
497.0,17666.0
498.0,17437.0
499.0,17374.0
500.0,17591.0
501.0,17555.0
502.0,17469.0
503.0,17731.0
504.0,17401.0
505.0,17630.0
506.0,17665.0
507.0,17607.0
508.0,17454.0
509.0,17527.0
510.0,17448.0
511.0,17702.0
512.0,17693.0
513.0,17498.0
514.0,17364.0
515.0,17513.0
516.0,17516.0
517.0,17460.0
518.0,17565.0
519.0,17482.0
520.0,17424.0
521.0,17511.0
522.0,17465.0
523.0,17631.0
524.0,17404.0
525.0,17520.0
526.0,17330.0
527.0,17559.0
528.0,17514.0
529.0,17604.0
530.0,17345.0
531.0,17458.0
532.0,17310.0
533.0,17429.0
534.0,17583.0
535.0,17428.0
536.0,17315.0
537.0,17312.0
538.0,17575.0
539.0,17373.0
540.0,17407.0
541.0,17441.0
542.0,17177.0
543.0,17304.0
544.0,17376.0
545.0,17276.0
546.0,17405.0
547.0,17142.0
548.0,17211.0
549.0,17261.0
550.0,17490.0
551.0,17127.0
552.0,17091.0
553.0,17156.0
554.0,17244.0
555.0,17290.0
556.0,17094.0
557.0,17122.0
558.0,16995.0
559.0,17342.0
560.0,17057.0
561.0,17252.0
562.0,16748.0
563.0,17054.0
564.0,17095.0
565.0,16975.0
566.0,17259.0
567.0,16670.0
568.0,17070.0
569.0,17056.0
570.0,16970.0
571.0,17154.0
572.0,16693.0
573.0,17000.0
574.0,16844.0
575.0,17032.0
576.0,16847.0
577.0,16785.0
578.0,16603.0
579.0,16758.0
580.0,16905.0
581.0,16895.0
582.0,16685.0
583.0,16573.0
584.0,16667.0
585.0,16665.0
586.0,16762.0
587.0,16740.0
588.0,16541.0
589.0,16436.0
590.0,16468.0
591.0,16759.0
592.0,16476.0
593.0,16690.0
594.0,16331.0
595.0,16456.0
596.0,16604.0
597.0,16516.0
598.0,16335.0
599.0,16388.0
600.0,16422.0
601.0,16382.0
602.0,16605.0
603.0,16405.0
604.0,16479.0
605.0,16234.0
606.0,16182.0
607.0,16269.0
608.0,16351.0
609.0,16118.0
610.0,15936.0
611.0,15961.0
612.0,16304.0
613.0,16334.0
614.0,16062.0
615.0,15950.0
616.0,15916.0
617.0,16086.0
618.0,16016.0
619.0,15940.0
620.0,15811.0
621.0,15869.0
622.0,16136.0
623.0,15851.0
624.0,16040.0
625.0,15686.0
626.0,15613.0
627.0,15603.0
628.0,15823.0
629.0,15950.0
630.0,15491.0
631.0,15778.0
632.0,15528.0
633.0,15628.0
634.0,15576.0
635.0,15737.0
636.0,15571.0
637.0,15527.0
638.0,15456.0
639.0,15387.0
640.0,15479.0
641.0,15370.0
642.0,15304.0
643.0,15348.0
644.0,15430.0
645.0,15395.0
646.0,15168.0
647.0,15264.0
648.0,15258.0
649.0,15367.0
650.0,15107.0
651.0,14970.0
652.0,15074.0
653.0,15013.0
654.0,14917.0
655.0,14983.0
656.0,15093.0
657.0,14793.0
658.0,14746.0
659.0,14782.0
660.0,14887.0
661.0,14911.0
662.0,14608.0
663.0,14591.0
664.0,14794.0
665.0,14884.0
666.0,14745.0
667.0,14543.0
668.0,14507.0
669.0,14635.0
670.0,14588.0
671.0,14725.0
672.0,14291.0
673.0,14548.0
674.0,14378.0
675.0,14326.0
676.0,14416.0
677.0,14241.0
678.0,14203.0
679.0,14264.0
680.0,14451.0
681.0,14185.0
682.0,14098.0
683.0,14093.0
684.0,13980.0
685.0,14155.0
686.0,14088.0
687.0,14010.0
688.0,14055.0
689.0,13957.0
690.0,13945.0
691.0,14057.0
692.0,13907.0
693.0,13603.0
694.0,13769.0
695.0,13613.0
696.0,13862.0
697.0,13551.0
698.0,13515.0
699.0,13560.0
700.0,13548.0
701.0,13560.0
702.0,13613.0
703.0,13466.0
704.0,13363.0
705.0,13404.0
706.0,13379.0
707.0,13461.0
708.0,13334.0
709.0,13216.0
710.0,13110.0
711.0,13160.0
712.0,13222.0
713.0,13125.0
714.0,13119.0
715.0,12881.0
716.0,12901.0
717.0,13106.0
718.0,12883.0
719.0,12865.0
720.0,12902.0
721.0,12791.0
722.0,12990.0
723.0,12667.0
724.0,12612.0
725.0,12718.0
726.0,12640.0
727.0,12798.0
728.0,12485.0
729.0,12527.0
730.0,12443.0
731.0,12455.0
732.0,12454.0
733.0,12409.0
734.0,12240.0
735.0,12056.0
736.0,12172.0
737.0,12249.0
738.0,12436.0
739.0,12030.0
740.0,12207.0
741.0,11974.0
742.0,12122.0
743.0,12027.0
744.0,11915.0
745.0,11816.0
746.0,12042.0
747.0,11778.0
748.0,11928.0
749.0,11651.0
750.0,11736.0
751.0,11615.0
752.0,11705.0
753.0,11603.0
754.0,11576.0
755.0,11492.0
756.0,11568.0
757.0,11397.0
758.0,11604.0
759.0,11381.0
760.0,11276.0
761.0,11388.0
762.0,11331.0
763.0,11276.0
764.0,11277.0
765.0,11200.0
766.0,11090.0
767.0,10986.0
768.0,11013.0
769.0,11096.0
770.0,10902.0
771.0,10798.0
772.0,10929.0
773.0,10909.0
774.0,10810.0
775.0,10716.0
776.0,10692.0
777.0,10598.0
778.0,10631.0
779.0,10586.0
780.0,10645.0
781.0,10411.0
782.0,10335.0
783.0,10520.0
784.0,10313.0
785.0,10383.0
786.0,10342.0
787.0,10111.0
788.0,10285.0
789.0,10357.0
790.0,10239.0
791.0,10071.0
792.0,10102.0
793.0,9907.0
794.0,9999.0
795.0,9988.0
796.0,9853.0
797.0,9846.0
798.0,9839.0
799.0,9744.0
800.0,9725.0
801.0,9833.0
802.0,9514.0
803.0,9625.0
804.0,9588.0
805.0,9622.0
806.0,9445.0
807.0,9405.0
808.0,9259.0
809.0,9395.0
810.0,9358.0
811.0,9268.0
812.0,9278.0
813.0,9102.0
814.0,9228.0
815.0,9125.0
816.0,8997.0
817.0,8991.0
818.0,9054.0
819.0,8912.0
820.0,8920.0
821.0,8916.0
822.0,8736.0
823.0,8810.0
824.0,8604.0
825.0,8786.0
826.0,8612.0
827.0,8647.0
828.0,8385.0
829.0,8460.0
830.0,8603.0
831.0,8481.0
832.0,8374.0
833.0,8292.0
834.0,8318.0
835.0,8259.0
836.0,8213.0
837.0,8180.0
838.0,8112.0
839.0,8178.0
840.0,8020.0
841.0,8039.0
842.0,7974.0
843.0,7968.0
844.0,7804.0
845.0,7932.0
846.0,7802.0
847.0,7749.0
848.0,7717.0
849.0,7752.0
850.0,7567.0
851.0,7716.0
852.0,7542.0
853.0,7506.0
854.0,7455.0
855.0,7457.0
856.0,7466.0
857.0,7437.0
858.0,7220.0
859.0,7287.0
860.0,7273.0
861.0,7247.0
862.0,7121.0
863.0,7157.0
864.0,7100.0
865.0,7079.0
866.0,7047.0
867.0,6848.0
868.0,6894.0
869.0,6823.0
870.0,6844.0
871.0,6855.0
872.0,6780.0
873.0,6642.0
874.0,6664.0
875.0,6625.0
876.0,6598.0
877.0,6605.0
878.0,6556.0
879.0,6525.0
880.0,6505.0
881.0,6435.0
882.0,6440.0
883.0,6241.0
884.0,6329.0
885.0,6293.0
886.0,6296.0
887.0,6187.0
888.0,6125.0
889.0,6040.0
890.0,6038.0
891.0,6045.0
892.0,6026.0
893.0,5951.0
894.0,5861.0
895.0,5912.0
896.0,5932.0
897.0,5816.0
898.0,5733.0
899.0,5712.0
900.0,5658.0
901.0,5665.0
902.0,5641.0
903.0,5459.0
904.0,5522.0
905.0,5515.0
906.0,5484.0
907.0,5466.0
908.0,5358.0
909.0,5362.0
910.0,5292.0
911.0,5307.0
912.0,5399.0
913.0,5172.0
914.0,5120.0
915.0,5084.0
916.0,5114.0
917.0,5070.0
918.0,4993.0
919.0,5017.0
920.0,4950.0
921.0,4868.0
922.0,4921.0
923.0,4860.0
924.0,4733.0
925.0,4842.0
926.0,4822.0
927.0,4709.0
928.0,4697.0
929.0,4651.0
930.0,4505.0
931.0,4583.0
932.0,4573.0
933.0,4507.0
934.0,4389.0
935.0,4421.0
936.0,4406.0
937.0,4350.0
938.0,4365.0
939.0,4298.0
940.0,4298.0
941.0,4283.0
942.0,4241.0
943.0,4132.0
944.0,4190.0
945.0,4113.0
946.0,4084.0
947.0,4052.0
948.0,4030.0
949.0,3958.0
950.0,3916.0
951.0,3939.0
952.0,3874.0
953.0,3875.0
954.0,3761.0
955.0,3765.0
956.0,3782.0
957.0,3750.0
958.0,3673.0
959.0,3665.0
960.0,3627.0
961.0,3622.0
962.0,3613.0
963.0,3565.0
964.0,3510.0
965.0,3504.0
966.0,3471.0
967.0,3438.0
968.0,3386.0
969.0,3400.0
970.0,3335.0
971.0,3360.0
972.0,3276.0
973.0,3246.0
974.0,3222.0
975.0,3146.0
976.0,3141.0
977.0,3150.0
978.0,3066.0
979.0,3063.0
980.0,3124.0
981.0,3013.0
982.0,3028.0
983.0,2992.0
984.0,2922.0
985.0,2908.0
986.0,2886.0
987.0,2819.0
988.0,2816.0
989.0,2770.0
990.0,2770.0
991.0,2770.0
992.0,2722.0
993.0,2726.0
994.0,2616.0
995.0,2640.0
996.0,2627.0
997.0,2621.0
998.0,2627.0
999.0,2495.0
1000.0,2484.0
1001.0,2490.0
1002.0,2474.0
1003.0,2461.0
1004.0,2414.0
1005.0,2386.0
1006.0,2397.0
1007.0,2397.0
1008.0,2325.0
1009.0,2255.0
1010.0,2287.0
1011.0,2262.0
1012.0,2256.0
1013.0,2258.0
1014.0,2240.0
1015.0,2153.0
1016.0,2124.0
1017.0,2094.0
1018.0,2111.0
1019.0,2058.0
1020.0,2076.0
1021.0,2055.0
1022.0,2005.0
1023.0,2013.0
