0.0,469.0
1.0,636.0
2.0,672.0
3.0,683.0
4.0,682.0
5.0,694.0
6.0,717.0
7.0,727.0
8.0,733.0
9.0,751.0
10.0,738.0
11.0,792.0
12.0,765.0
13.0,769.0
14.0,781.0
15.0,813.0
16.0,805.0
17.0,838.0
18.0,821.0
19.0,834.0
20.0,849.0
21.0,875.0
22.0,881.0
23.0,898.0
24.0,867.0
25.0,893.0
26.0,901.0
27.0,923.0
28.0,932.0
29.0,920.0
30.0,933.0
31.0,969.0
32.0,940.0
33.0,938.0
34.0,984.0
35.0,999.0
36.0,1004.0
37.0,1034.0
38.0,1038.0
39.0,1043.0
40.0,1054.0
41.0,1036.0
42.0,1105.0
43.0,1083.0
44.0,1113.0
45.0,1119.0
46.0,1107.0
47.0,1128.0
48.0,1148.0
49.0,1157.0
50.0,1149.0
51.0,1170.0
52.0,1208.0
53.0,1197.0
54.0,1189.0
55.0,1222.0
56.0,1194.0
57.0,1268.0
58.0,1232.0
59.0,1296.0
60.0,1284.0
61.0,1306.0
62.0,1313.0
63.0,1370.0
64.0,1363.0
65.0,1373.0
66.0,1396.0
67.0,1367.0
68.0,1393.0
69.0,1411.0
70.0,1415.0
71.0,1458.0
72.0,1467.0
73.0,1475.0
74.0,1456.0
75.0,1494.0
76.0,1478.0
77.0,1510.0
78.0,1526.0
79.0,1508.0
80.0,1602.0
81.0,1599.0
82.0,1577.0
83.0,1588.0
84.0,1574.0
85.0,1620.0
86.0,1664.0
87.0,1671.0
88.0,1683.0
89.0,1697.0
90.0,1646.0
91.0,1710.0
92.0,1751.0
93.0,1732.0
94.0,1757.0
95.0,1750.0
96.0,1771.0
97.0,1818.0
98.0,1819.0
99.0,1819.0
100.0,1853.0
101.0,1834.0
102.0,1860.0
103.0,1894.0
104.0,1886.0
105.0,1899.0
106.0,1910.0
107.0,1906.0
108.0,1968.0
109.0,1932.0
110.0,1990.0
111.0,1996.0
112.0,2073.0
113.0,2032.0
114.0,2047.0
115.0,2094.0
116.0,2102.0
117.0,2104.0
118.0,2079.0
119.0,2165.0
120.0,2112.0
121.0,2176.0
122.0,2199.0
123.0,2187.0
124.0,2173.0
125.0,2198.0
126.0,2264.0
127.0,2277.0
128.0,2319.0
129.0,2274.0
130.0,2318.0
131.0,2286.0
132.0,2359.0
133.0,2359.0
134.0,2402.0
135.0,2404.0
136.0,2431.0
137.0,2435.0
138.0,2448.0
139.0,2470.0
140.0,2495.0
141.0,2521.0
142.0,2487.0
143.0,2514.0
144.0,2595.0
145.0,2572.0
146.0,2634.0
147.0,2599.0
148.0,2615.0
149.0,2656.0
150.0,2637.0
151.0,2649.0
152.0,2717.0
153.0,2723.0
154.0,2783.0
155.0,2815.0
156.0,2753.0
157.0,2799.0
158.0,2854.0
159.0,2890.0
160.0,2917.0
161.0,2880.0
162.0,2863.0
163.0,2911.0
164.0,2953.0
165.0,2957.0
166.0,2961.0
167.0,3012.0
168.0,2975.0
169.0,3106.0
170.0,3066.0
171.0,3134.0
172.0,3038.0
173.0,3117.0
174.0,3187.0
175.0,3118.0
176.0,3216.0
177.0,3247.0
178.0,3218.0
179.0,3252.0
180.0,3230.0
181.0,3317.0
182.0,3295.0
183.0,3348.0
184.0,3340.0
185.0,3330.0
186.0,3411.0
187.0,3456.0
188.0,3351.0
189.0,3410.0
190.0,3458.0
191.0,3495.0
192.0,3522.0
193.0,3560.0
194.0,3566.0
195.0,3574.0
196.0,3594.0
197.0,3573.0
198.0,3703.0
199.0,3727.0
200.0,3688.0
201.0,3702.0
202.0,3717.0
203.0,3762.0
204.0,3704.0
205.0,3800.0
206.0,3864.0
207.0,3855.0
208.0,3819.0
209.0,3909.0
210.0,3840.0
211.0,3945.0
212.0,3934.0
213.0,3943.0
214.0,4010.0
215.0,4022.0
216.0,4023.0
217.0,4027.0
218.0,4112.0
219.0,4052.0
220.0,4160.0
221.0,4162.0
222.0,4089.0
223.0,4198.0
224.0,4181.0
225.0,4191.0
226.0,4245.0
227.0,4360.0
228.0,4276.0
229.0,4345.0
230.0,4333.0
231.0,4443.0
232.0,4284.0
233.0,4366.0
234.0,4470.0
235.0,4381.0
236.0,4425.0
237.0,4488.0
238.0,4519.0
239.0,4477.0
240.0,4516.0
241.0,4512.0
242.0,4538.0
243.0,4646.0
244.0,4711.0
245.0,4672.0
246.0,4641.0
247.0,4698.0
248.0,4754.0
249.0,4697.0
250.0,4647.0
251.0,4710.0
252.0,4762.0
253.0,4823.0
254.0,4828.0
255.0,4817.0
256.0,4841.0
257.0,4831.0
258.0,4938.0
259.0,4964.0
260.0,4827.0
261.0,4938.0
262.0,4923.0
263.0,4988.0
264.0,4939.0
265.0,5079.0
266.0,5093.0
267.0,5037.0
268.0,5054.0
269.0,5121.0
270.0,5038.0
271.0,5102.0
272.0,5145.0
273.0,5132.0
274.0,5165.0
275.0,5235.0
276.0,5286.0
277.0,5213.0
278.0,5301.0
279.0,5286.0
280.0,5345.0
281.0,5318.0
282.0,5339.0
283.0,5298.0
284.0,5310.0
285.0,5368.0
286.0,5398.0
287.0,5406.0
288.0,5416.0
289.0,5502.0
290.0,5462.0
291.0,5493.0
292.0,5531.0
293.0,5582.0
294.0,5553.0
295.0,5549.0
296.0,5630.0
297.0,5516.0
298.0,5643.0
299.0,5550.0
300.0,5695.0
301.0,5626.0
302.0,5717.0
303.0,5623.0
304.0,5677.0
305.0,5797.0
306.0,5631.0
307.0,5764.0
308.0,5794.0
309.0,5865.0
310.0,5882.0
311.0,5778.0
312.0,5773.0
313.0,5964.0
314.0,5787.0
315.0,5921.0
316.0,5874.0
317.0,5916.0
318.0,5927.0
319.0,5953.0
320.0,5949.0
321.0,5946.0
322.0,6044.0
323.0,6059.0
324.0,6136.0
325.0,5997.0
326.0,6087.0
327.0,6021.0
328.0,6092.0
329.0,6100.0
330.0,6050.0
331.0,6117.0
332.0,6133.0
333.0,6106.0
334.0,6169.0
335.0,6132.0
336.0,6234.0
337.0,6263.0
338.0,6202.0
339.0,6214.0
340.0,6326.0
341.0,6283.0
342.0,6193.0
343.0,6365.0
344.0,6371.0
345.0,6288.0
346.0,6438.0
347.0,6264.0
348.0,6309.0
349.0,6372.0
350.0,6404.0
351.0,6380.0
352.0,6487.0
353.0,6373.0
354.0,6489.0
355.0,6552.0
356.0,6499.0
357.0,6448.0
358.0,6436.0
359.0,6523.0
360.0,6466.0
361.0,6519.0
362.0,6446.0
363.0,6611.0
364.0,6560.0
365.0,6698.0
366.0,6575.0
367.0,6669.0
368.0,6576.0
369.0,6716.0
370.0,6697.0
371.0,6695.0
372.0,6621.0
373.0,6752.0
374.0,6705.0
375.0,6764.0
376.0,6730.0
377.0,6722.0
378.0,6781.0
379.0,6794.0
380.0,6715.0
381.0,6755.0
382.0,6781.0
383.0,6810.0
384.0,6906.0
385.0,6721.0
386.0,6846.0
387.0,6876.0
388.0,6909.0
389.0,6881.0
390.0,6826.0
391.0,6964.0
392.0,7004.0
393.0,6806.0
394.0,6869.0
395.0,7038.0
396.0,6916.0
397.0,7021.0
398.0,6952.0
399.0,6974.0
400.0,7038.0
401.0,6978.0
402.0,7037.0
403.0,7014.0
404.0,6934.0
405.0,7083.0
406.0,6978.0
407.0,7047.0
408.0,7027.0
409.0,7057.0
410.0,7069.0
411.0,7043.0
412.0,7102.0
413.0,7105.0
414.0,7169.0
415.0,7102.0
416.0,7040.0
417.0,7022.0
418.0,7161.0
419.0,7195.0
420.0,7128.0
421.0,7184.0
422.0,7156.0
423.0,7164.0
424.0,7210.0
425.0,7192.0
426.0,7166.0
427.0,7204.0
428.0,7216.0
429.0,7259.0
430.0,7142.0
431.0,7236.0
432.0,7274.0
433.0,7343.0
434.0,7339.0
435.0,7219.0
436.0,7137.0
437.0,7457.0
438.0,7331.0
439.0,7267.0
440.0,7228.0
441.0,7207.0
442.0,7377.0
443.0,7193.0
444.0,7265.0
445.0,7289.0
446.0,7379.0
447.0,7372.0
448.0,7360.0
449.0,7262.0
450.0,7274.0
451.0,7352.0
452.0,7390.0
453.0,7314.0
454.0,7391.0
455.0,7510.0
456.0,7299.0
457.0,7357.0
458.0,7308.0
459.0,7438.0
460.0,7430.0
461.0,7351.0
462.0,7364.0
463.0,7319.0
464.0,7535.0
465.0,7453.0
466.0,7469.0
467.0,7393.0
468.0,7349.0
469.0,7353.0
470.0,7347.0
471.0,7379.0
472.0,7445.0
473.0,7374.0
474.0,7441.0
475.0,7443.0
476.0,7454.0
477.0,7410.0
478.0,7449.0
479.0,7466.0
480.0,7344.0
481.0,7399.0
482.0,7414.0
483.0,7445.0
484.0,7477.0
485.0,7369.0
486.0,7500.0
487.0,7434.0
488.0,7471.0
489.0,7419.0
490.0,7461.0
491.0,7523.0
492.0,7446.0
493.0,7436.0
494.0,7449.0
495.0,7551.0
496.0,7515.0
497.0,7438.0
498.0,7471.0
499.0,7450.0
500.0,7435.0
501.0,7493.0
502.0,7369.0
503.0,7377.0
504.0,7388.0
505.0,7460.0
506.0,7314.0
507.0,7441.0
508.0,7329.0
509.0,7372.0
510.0,7393.0
511.0,7506.0
512.0,7302.0
513.0,7388.0
514.0,7334.0
515.0,7259.0
516.0,7445.0
517.0,7367.0
518.0,7408.0
519.0,7410.0
520.0,7441.0
521.0,7350.0
522.0,7365.0
523.0,7372.0
524.0,7364.0
525.0,7261.0
526.0,7338.0
527.0,7363.0
528.0,7342.0
529.0,7373.0
530.0,7231.0
531.0,7293.0
532.0,7339.0
533.0,7335.0
534.0,7211.0
535.0,7223.0
536.0,7224.0
537.0,7310.0
538.0,7338.0
539.0,7197.0
540.0,7206.0
541.0,7320.0
542.0,7268.0
543.0,7233.0
544.0,7213.0
545.0,7200.0
546.0,7182.0
547.0,7282.0
548.0,7088.0
549.0,7167.0
550.0,7139.0
551.0,7002.0
552.0,7198.0
553.0,7146.0
554.0,7100.0
555.0,7178.0
556.0,7010.0
557.0,7112.0
558.0,7042.0
559.0,7150.0
560.0,7116.0
561.0,7019.0
562.0,7081.0
563.0,7038.0
564.0,7013.0
565.0,7073.0
566.0,6916.0
567.0,6994.0
568.0,7041.0
569.0,6997.0
570.0,6954.0
571.0,6899.0
572.0,6934.0
573.0,6970.0
574.0,7030.0
575.0,6761.0
576.0,6873.0
577.0,6836.0
578.0,6877.0
579.0,6759.0
580.0,6854.0
581.0,6818.0
582.0,6842.0
583.0,6856.0
584.0,6753.0
585.0,6703.0
586.0,6797.0
587.0,6768.0
588.0,6790.0
589.0,6715.0
590.0,6610.0
591.0,6683.0
592.0,6580.0
593.0,6663.0
594.0,6564.0
595.0,6646.0
596.0,6666.0
597.0,6642.0
598.0,6577.0
599.0,6556.0
600.0,6598.0
601.0,6529.0
602.0,6495.0
603.0,6520.0
604.0,6544.0
605.0,6532.0
606.0,6444.0
607.0,6419.0
608.0,6428.0
609.0,6545.0
610.0,6419.0
611.0,6494.0
612.0,6335.0
613.0,6415.0
614.0,6429.0
615.0,6352.0
616.0,6352.0
617.0,6324.0
618.0,6292.0
619.0,6295.0
620.0,6196.0
621.0,6348.0
622.0,6309.0
623.0,6195.0
624.0,6249.0
625.0,6199.0
626.0,6149.0
627.0,6150.0
628.0,6169.0
629.0,6193.0
630.0,6076.0
631.0,6142.0
632.0,6091.0
633.0,6090.0
634.0,5944.0
635.0,6074.0
636.0,6014.0
637.0,6021.0
638.0,5952.0
639.0,6000.0
640.0,5967.0
641.0,5978.0
642.0,5908.0
643.0,5971.0
644.0,5953.0
645.0,5981.0
646.0,5755.0
647.0,5911.0
648.0,5843.0
649.0,5763.0
650.0,5761.0
651.0,5737.0
652.0,5716.0
653.0,5716.0
654.0,5689.0
655.0,5602.0
656.0,5723.0
657.0,5613.0
658.0,5632.0
659.0,5619.0
660.0,5555.0
661.0,5659.0
662.0,5612.0
663.0,5620.0
664.0,5585.0
665.0,5543.0
666.0,5584.0
667.0,5465.0
668.0,5457.0
669.0,5529.0
670.0,5405.0
671.0,5476.0
672.0,5361.0
673.0,5346.0
674.0,5394.0
675.0,5386.0
676.0,5297.0
677.0,5278.0
678.0,5296.0
679.0,5301.0
680.0,5283.0
681.0,5328.0
682.0,5134.0
683.0,5210.0
684.0,5149.0
685.0,5124.0
686.0,5108.0
687.0,5146.0
688.0,5064.0
689.0,5141.0
690.0,5113.0
691.0,5035.0
692.0,5149.0
693.0,5071.0
694.0,5017.0
695.0,4932.0
696.0,5019.0
697.0,5007.0
698.0,4913.0
699.0,4936.0
700.0,4845.0
701.0,4888.0
702.0,4884.0
703.0,4853.0
704.0,4810.0
705.0,4803.0
706.0,4788.0
707.0,4781.0
708.0,4756.0
709.0,4731.0
710.0,4689.0
711.0,4715.0
712.0,4599.0
713.0,4634.0
714.0,4662.0
715.0,4622.0
716.0,4697.0
717.0,4529.0
718.0,4549.0
719.0,4541.0
720.0,4495.0
721.0,4505.0
722.0,4463.0
723.0,4574.0
724.0,4473.0
725.0,4425.0
726.0,4392.0
727.0,4414.0
728.0,4342.0
729.0,4386.0
730.0,4323.0
731.0,4309.0
732.0,4271.0
733.0,4304.0
734.0,4176.0
735.0,4238.0
736.0,4163.0
737.0,4199.0
738.0,4141.0
739.0,4212.0
740.0,4138.0
741.0,4116.0
742.0,4144.0
743.0,4057.0
744.0,4070.0
745.0,4072.0
746.0,4069.0
747.0,3979.0
748.0,3955.0
749.0,4073.0
750.0,3913.0
751.0,3875.0
752.0,3846.0
753.0,3812.0
754.0,3839.0
755.0,3881.0
756.0,3836.0
757.0,3767.0
758.0,3789.0
759.0,3768.0
760.0,3757.0
761.0,3701.0
762.0,3710.0
763.0,3766.0
764.0,3660.0
765.0,3670.0
766.0,3638.0
767.0,3579.0
768.0,3553.0
769.0,3537.0
770.0,3545.0
771.0,3517.0
772.0,3519.0
773.0,3491.0
774.0,3478.0
775.0,3428.0
776.0,3443.0
777.0,3408.0
778.0,3432.0
779.0,3396.0
780.0,3362.0
781.0,3326.0
782.0,3341.0
783.0,3330.0
784.0,3242.0
785.0,3202.0
786.0,3218.0
787.0,3148.0
788.0,3209.0
789.0,3181.0
790.0,3175.0
791.0,3162.0
792.0,3103.0
793.0,3132.0
794.0,3038.0
795.0,3083.0
796.0,2998.0
797.0,3008.0
798.0,2991.0
799.0,2990.0
800.0,2868.0
801.0,2914.0
802.0,2855.0
803.0,2901.0
804.0,2872.0
805.0,2830.0
806.0,2852.0
807.0,2805.0
808.0,2856.0
809.0,2741.0
810.0,2783.0
811.0,2743.0
812.0,2738.0
813.0,2660.0
814.0,2732.0
815.0,2655.0
816.0,2709.0
817.0,2523.0
818.0,2561.0
819.0,2600.0
820.0,2557.0
821.0,2541.0
822.0,2531.0
823.0,2522.0
824.0,2518.0
825.0,2556.0
826.0,2445.0
827.0,2436.0
828.0,2470.0
829.0,2414.0
830.0,2384.0
831.0,2385.0
832.0,2416.0
833.0,2318.0
834.0,2270.0
835.0,2286.0
836.0,2245.0
837.0,2233.0
838.0,2247.0
839.0,2233.0
840.0,2208.0
841.0,2156.0
842.0,2119.0
843.0,2126.0
844.0,2141.0
845.0,2127.0
846.0,2147.0
847.0,2092.0
848.0,2090.0
849.0,2112.0
850.0,2008.0
851.0,2041.0
852.0,1981.0
853.0,1986.0
854.0,1974.0
855.0,1946.0
856.0,1942.0
857.0,1883.0
858.0,1889.0
859.0,1891.0
860.0,1883.0
861.0,1820.0
862.0,1880.0
863.0,1823.0
864.0,1798.0
865.0,1809.0
866.0,1821.0
867.0,1702.0
868.0,1699.0
869.0,1718.0
870.0,1691.0
871.0,1717.0
872.0,1678.0
873.0,1674.0
874.0,1687.0
875.0,1623.0
876.0,1655.0
877.0,1583.0
878.0,1613.0
879.0,1577.0
880.0,1588.0
881.0,1566.0
882.0,1579.0
883.0,1553.0
884.0,1477.0
885.0,1477.0
886.0,1464.0
887.0,1495.0
888.0,1425.0
889.0,1398.0
890.0,1412.0
891.0,1393.0
892.0,1452.0
893.0,1383.0
894.0,1412.0
895.0,1391.0
896.0,1344.0
897.0,1367.0
898.0,1385.0
899.0,1344.0
900.0,1270.0
901.0,1257.0
902.0,1252.0
903.0,1246.0
904.0,1222.0
905.0,1224.0
906.0,1206.0
907.0,1206.0
908.0,1249.0
909.0,1221.0
910.0,1187.0
911.0,1152.0
912.0,1154.0
913.0,1151.0
914.0,1214.0
915.0,1165.0
916.0,1136.0
917.0,1085.0
918.0,1079.0
919.0,1029.0
920.0,1050.0
921.0,1024.0
922.0,1032.0
923.0,1044.0
924.0,1035.0
925.0,1022.0
926.0,995.0
927.0,1005.0
928.0,994.0
929.0,944.0
930.0,984.0
931.0,930.0
932.0,951.0
933.0,920.0
934.0,907.0
935.0,909.0
936.0,882.0
937.0,825.0
938.0,889.0
939.0,846.0
940.0,885.0
941.0,852.0
942.0,842.0
943.0,849.0
944.0,813.0
945.0,823.0
946.0,845.0
947.0,822.0
948.0,814.0
949.0,812.0
950.0,744.0
951.0,728.0
952.0,757.0
953.0,739.0
954.0,736.0
955.0,725.0
956.0,739.0
957.0,734.0
958.0,709.0
959.0,718.0
960.0,717.0
961.0,696.0
962.0,708.0
963.0,701.0
964.0,662.0
965.0,684.0
966.0,682.0
967.0,642.0
968.0,591.0
969.0,621.0
970.0,620.0
971.0,617.0
972.0,620.0
973.0,588.0
974.0,583.0
975.0,608.0
976.0,616.0
977.0,577.0
978.0,587.0
979.0,567.0
980.0,578.0
981.0,599.0
982.0,572.0
983.0,569.0
984.0,503.0
985.0,533.0
986.0,506.0
987.0,547.0
988.0,494.0
989.0,513.0
990.0,518.0
991.0,496.0
992.0,482.0
993.0,495.0
994.0,482.0
995.0,475.0
996.0,480.0
997.0,479.0
998.0,491.0
999.0,467.0
1000.0,436.0
1001.0,443.0
1002.0,448.0
1003.0,436.0
1004.0,418.0
1005.0,457.0
1006.0,477.0
1007.0,450.0
1008.0,435.0
1009.0,427.0
1010.0,456.0
1011.0,408.0
1012.0,426.0
1013.0,413.0
1014.0,433.0
1015.0,424.0
1016.0,410.0
1017.0,383.0
1018.0,374.0
1019.0,373.0
1020.0,388.0
1021.0,390.0
1022.0,387.0
1023.0,381.0
