0.0,920.0
1.0,1365.0
2.0,1369.0
3.0,1371.0
4.0,1423.0
5.0,1440.0
6.0,1432.0
7.0,1462.0
8.0,1394.0
9.0,1391.0
10.0,1443.0
11.0,1482.0
12.0,1523.0
13.0,1558.0
14.0,1536.0
15.0,1608.0
16.0,1651.0
17.0,1693.0
18.0,1696.0
19.0,1700.0
20.0,1776.0
21.0,1794.0
22.0,1815.0
23.0,1840.0
24.0,1722.0
25.0,1764.0
26.0,1769.0
27.0,1843.0
28.0,1897.0
29.0,1896.0
30.0,1984.0
31.0,1951.0
32.0,1927.0
33.0,2018.0
34.0,2044.0
35.0,2107.0
36.0,2061.0
37.0,2076.0
38.0,2144.0
39.0,2061.0
40.0,2093.0
41.0,2151.0
42.0,2175.0
43.0,2178.0
44.0,2252.0
45.0,2278.0
46.0,2321.0
47.0,2378.0
48.0,2291.0
49.0,2417.0
50.0,2458.0
51.0,2481.0
52.0,2420.0
53.0,2470.0
54.0,2493.0
55.0,2511.0
56.0,2540.0
57.0,2556.0
58.0,2595.0
59.0,2636.0
60.0,2663.0
61.0,2740.0
62.0,2782.0
63.0,2749.0
64.0,2800.0
65.0,2754.0
66.0,2896.0
67.0,2916.0
68.0,2939.0
69.0,2912.0
70.0,2938.0
71.0,2999.0
72.0,2961.0
73.0,2998.0
74.0,3025.0
75.0,3099.0
76.0,3074.0
77.0,3196.0
78.0,3239.0
79.0,3218.0
80.0,3250.0
81.0,3314.0
82.0,3330.0
83.0,3313.0
84.0,3350.0
85.0,3321.0
86.0,3394.0
87.0,3398.0
88.0,3428.0
89.0,3530.0
90.0,3501.0
91.0,3520.0
92.0,3606.0
93.0,3575.0
94.0,3693.0
95.0,3683.0
96.0,3804.0
97.0,3763.0
98.0,3769.0
99.0,3917.0
100.0,3829.0
101.0,3878.0
102.0,3944.0
103.0,3942.0
104.0,3939.0
105.0,3963.0
106.0,4029.0
107.0,4049.0
108.0,4119.0
109.0,4240.0
110.0,4177.0
111.0,4185.0
112.0,4291.0
113.0,4287.0
114.0,4302.0
115.0,4404.0
116.0,4388.0
117.0,4400.0
118.0,4464.0
119.0,4419.0
120.0,4515.0
121.0,4587.0
122.0,4561.0
123.0,4663.0
124.0,4631.0
125.0,4722.0
126.0,4744.0
127.0,4744.0
128.0,4765.0
129.0,4819.0
130.0,4859.0
131.0,4961.0
132.0,4898.0
133.0,4869.0
134.0,4999.0
135.0,4988.0
136.0,5148.0
137.0,5112.0
138.0,5142.0
139.0,5197.0
140.0,5240.0
141.0,5306.0
142.0,5296.0
143.0,5359.0
144.0,5330.0
145.0,5372.0
146.0,5448.0
147.0,5537.0
148.0,5464.0
149.0,5535.0
150.0,5642.0
151.0,5674.0
152.0,5668.0
153.0,5769.0
154.0,5686.0
155.0,5668.0
156.0,5822.0
157.0,5921.0
158.0,5833.0
159.0,5925.0
160.0,5935.0
161.0,6104.0
162.0,6062.0
163.0,6144.0
164.0,6061.0
165.0,6092.0
166.0,6276.0
167.0,6354.0
168.0,6289.0
169.0,6367.0
170.0,6352.0
171.0,6489.0
172.0,6536.0
173.0,6506.0
174.0,6639.0
175.0,6596.0
176.0,6578.0
177.0,6676.0
178.0,6785.0
179.0,6701.0
180.0,6790.0
181.0,6816.0
182.0,6891.0
183.0,6996.0
184.0,7027.0
185.0,6974.0
186.0,6957.0
187.0,7093.0
188.0,7170.0
189.0,7176.0
190.0,7140.0
191.0,7229.0
192.0,7314.0
193.0,7420.0
194.0,7407.0
195.0,7455.0
196.0,7377.0
197.0,7532.0
198.0,7583.0
199.0,7695.0
200.0,7578.0
201.0,7653.0
202.0,7608.0
203.0,7883.0
204.0,7815.0
205.0,7742.0
206.0,7831.0
207.0,8001.0
208.0,7959.0
209.0,8018.0
210.0,8040.0
211.0,8065.0
212.0,8111.0
213.0,8212.0
214.0,8254.0
215.0,8193.0
216.0,8423.0
217.0,8312.0
218.0,8387.0
219.0,8481.0
220.0,8459.0
221.0,8470.0
222.0,8417.0
223.0,8656.0
224.0,8555.0
225.0,8561.0
226.0,8661.0
227.0,8739.0
228.0,8713.0
229.0,8864.0
230.0,8855.0
231.0,8889.0
232.0,8817.0
233.0,8983.0
234.0,9020.0
235.0,9080.0
236.0,9040.0
237.0,8931.0
238.0,9112.0
239.0,9188.0
240.0,9193.0
241.0,9223.0
242.0,9189.0
243.0,9226.0
244.0,9325.0
245.0,9375.0
246.0,9424.0
247.0,9430.0
248.0,9422.0
249.0,9379.0
250.0,9654.0
251.0,9683.0
252.0,9632.0
253.0,9722.0
254.0,9611.0
255.0,9768.0
256.0,9664.0
257.0,9786.0
258.0,9843.0
259.0,9783.0
260.0,9896.0
261.0,10112.0
262.0,9836.0
263.0,9933.0
264.0,9991.0
265.0,10127.0
266.0,10208.0
267.0,10079.0
268.0,10089.0
269.0,10266.0
270.0,10106.0
271.0,10305.0
272.0,10419.0
273.0,10325.0
274.0,10282.0
275.0,10414.0
276.0,10671.0
277.0,10283.0
278.0,10520.0
279.0,10626.0
280.0,10586.0
281.0,10646.0
282.0,10626.0
283.0,10570.0
284.0,10692.0
285.0,10725.0
286.0,10719.0
287.0,10811.0
288.0,10696.0
289.0,10845.0
290.0,10776.0
291.0,10934.0
292.0,10889.0
293.0,10926.0
294.0,10888.0
295.0,10871.0
296.0,11035.0
297.0,10984.0
298.0,11022.0
299.0,11059.0
300.0,11192.0
301.0,11076.0
302.0,11240.0
303.0,11263.0
304.0,11228.0
305.0,11142.0
306.0,11255.0
307.0,11395.0
308.0,11367.0
309.0,11451.0
310.0,11302.0
311.0,11556.0
312.0,11566.0
313.0,11446.0
314.0,11465.0
315.0,11648.0
316.0,11526.0
317.0,11658.0
318.0,11856.0
319.0,11597.0
320.0,11631.0
321.0,11749.0
322.0,11858.0
323.0,11941.0
324.0,11753.0
325.0,11821.0
326.0,11978.0
327.0,11859.0
328.0,12094.0
329.0,11850.0
330.0,11900.0
331.0,11995.0
332.0,11977.0
333.0,12086.0
334.0,12096.0
335.0,12013.0
336.0,11995.0
337.0,12339.0
338.0,12112.0
339.0,12003.0
340.0,12276.0
341.0,12005.0
342.0,12269.0
343.0,12257.0
344.0,12279.0
345.0,12173.0
346.0,12296.0
347.0,12326.0
348.0,12377.0
349.0,12347.0
350.0,12205.0
351.0,12440.0
352.0,12400.0
353.0,12481.0
354.0,12548.0
355.0,12590.0
356.0,12307.0
357.0,12562.0
358.0,12445.0
359.0,12730.0
360.0,12554.0
361.0,12647.0
362.0,12557.0
363.0,12587.0
364.0,12710.0
365.0,12591.0
366.0,12572.0
367.0,12708.0
368.0,12735.0
369.0,12673.0
370.0,12861.0
371.0,12864.0
372.0,12756.0
373.0,12809.0
374.0,12851.0
375.0,12839.0
376.0,12840.0
377.0,12859.0
378.0,12889.0
379.0,12914.0
380.0,12946.0
381.0,12867.0
382.0,12927.0
383.0,13090.0
384.0,13056.0
385.0,12876.0
386.0,12960.0
387.0,13119.0
388.0,12974.0
389.0,13051.0
390.0,12928.0
391.0,13172.0
392.0,13160.0
393.0,13020.0
394.0,13221.0
395.0,13196.0
396.0,13149.0
397.0,13148.0
398.0,13229.0
399.0,13208.0
400.0,13084.0
401.0,13242.0
402.0,13095.0
403.0,13318.0
404.0,13346.0
405.0,13182.0
406.0,13186.0
407.0,13229.0
408.0,13344.0
409.0,13409.0
410.0,13353.0
411.0,13278.0
412.0,13227.0
413.0,13306.0
414.0,13440.0
415.0,13480.0
416.0,13239.0
417.0,13471.0
418.0,13524.0
419.0,13585.0
420.0,13371.0
421.0,13357.0
422.0,13196.0
423.0,13565.0
424.0,13708.0
425.0,13441.0
426.0,13487.0
427.0,13338.0
428.0,13611.0
429.0,13680.0
430.0,13467.0
431.0,13505.0
432.0,13607.0
433.0,13515.0
434.0,13544.0
435.0,13596.0
436.0,13581.0
437.0,13673.0
438.0,13714.0
439.0,13546.0
440.0,13753.0
441.0,13690.0
442.0,13612.0
443.0,13576.0
444.0,13845.0
445.0,13613.0
446.0,13725.0
447.0,13518.0
448.0,13667.0
449.0,13653.0
450.0,13899.0
451.0,13676.0
452.0,13609.0
453.0,13640.0
454.0,13750.0
455.0,13730.0
456.0,13673.0
457.0,13520.0
458.0,13705.0
459.0,13703.0
460.0,13777.0
461.0,13789.0
462.0,13663.0
463.0,13680.0
464.0,13810.0
465.0,13744.0
466.0,13648.0
467.0,13586.0
468.0,13744.0
469.0,13654.0
470.0,13775.0
471.0,13761.0
472.0,13625.0
473.0,13843.0
474.0,13670.0
475.0,13769.0
476.0,13811.0
477.0,13584.0
478.0,13797.0
479.0,13729.0
480.0,13591.0
481.0,13803.0
482.0,13701.0
483.0,13648.0
484.0,13768.0
485.0,13770.0
486.0,13757.0
487.0,13667.0
488.0,13735.0
489.0,13965.0
490.0,13616.0
491.0,13726.0
492.0,13661.0
493.0,13903.0
494.0,13899.0
495.0,13656.0
496.0,13827.0
497.0,13854.0
498.0,13709.0
499.0,13862.0
500.0,13657.0
501.0,13643.0
502.0,13683.0
503.0,13767.0
504.0,13804.0
505.0,13819.0
506.0,13689.0
507.0,13530.0
508.0,13660.0
509.0,13854.0
510.0,13708.0
511.0,13633.0
512.0,13713.0
513.0,13764.0
514.0,13745.0
515.0,13711.0
516.0,13753.0
517.0,13557.0
518.0,13835.0
519.0,13624.0
520.0,13800.0
521.0,13487.0
522.0,13607.0
523.0,13605.0
524.0,13731.0
525.0,13609.0
526.0,13666.0
527.0,13446.0
528.0,13523.0
529.0,13672.0
530.0,13567.0
531.0,13566.0
532.0,13554.0
533.0,13599.0
534.0,13600.0
535.0,13662.0
536.0,13574.0
537.0,13457.0
538.0,13481.0
539.0,13658.0
540.0,13639.0
541.0,13340.0
542.0,13520.0
543.0,13416.0
544.0,13561.0
545.0,13375.0
546.0,13340.0
547.0,13356.0
548.0,13481.0
549.0,13422.0
550.0,13317.0
551.0,13349.0
552.0,13363.0
553.0,13437.0
554.0,13540.0
555.0,13294.0
556.0,13284.0
557.0,13247.0
558.0,13450.0
559.0,13383.0
560.0,13234.0
561.0,13211.0
562.0,13352.0
563.0,13237.0
564.0,13333.0
565.0,13191.0
566.0,13193.0
567.0,13093.0
568.0,13235.0
569.0,13228.0
570.0,13150.0
571.0,13096.0
572.0,13038.0
573.0,13176.0
574.0,13075.0
575.0,13105.0
576.0,13026.0
577.0,12979.0
578.0,13016.0
579.0,13004.0
580.0,13130.0
581.0,12905.0
582.0,12886.0
583.0,13034.0
584.0,12807.0
585.0,12908.0
586.0,12913.0
587.0,12803.0
588.0,12915.0
589.0,12921.0
590.0,12837.0
591.0,12677.0
592.0,12766.0
593.0,12670.0
594.0,12817.0
595.0,12716.0
596.0,12495.0
597.0,12609.0
598.0,12742.0
599.0,12675.0
600.0,12616.0
601.0,12490.0
602.0,12576.0
603.0,12622.0
604.0,12514.0
605.0,12471.0
606.0,12316.0
607.0,12537.0
608.0,12457.0
609.0,12549.0
610.0,12464.0
611.0,12401.0
612.0,12397.0
613.0,12383.0
614.0,12487.0
615.0,12262.0
616.0,12117.0
617.0,12465.0
618.0,12176.0
619.0,12179.0
620.0,12187.0
621.0,12052.0
622.0,12219.0
623.0,12209.0
624.0,12047.0
625.0,11997.0
626.0,12128.0
627.0,11957.0
628.0,11992.0
629.0,12061.0
630.0,11856.0
631.0,11969.0
632.0,11821.0
633.0,11955.0
634.0,11892.0
635.0,11740.0
636.0,11823.0
637.0,11706.0
638.0,11758.0
639.0,11819.0
640.0,11721.0
641.0,11569.0
642.0,11687.0
643.0,11633.0
644.0,11613.0
645.0,11450.0
646.0,11542.0
647.0,11484.0
648.0,11537.0
649.0,11405.0
650.0,11476.0
651.0,11282.0
652.0,11419.0
653.0,11192.0
654.0,11471.0
655.0,11209.0
656.0,11225.0
657.0,11318.0
658.0,11176.0
659.0,11307.0
660.0,11157.0
661.0,11085.0
662.0,11030.0
663.0,10989.0
664.0,11018.0
665.0,10974.0
666.0,10884.0
667.0,10858.0
668.0,10878.0
669.0,10959.0
670.0,10784.0
671.0,10771.0
672.0,10868.0
673.0,10616.0
674.0,10764.0
675.0,10663.0
676.0,10693.0
677.0,10644.0
678.0,10537.0
679.0,10426.0
680.0,10598.0
681.0,10499.0
682.0,10536.0
683.0,10362.0
684.0,10386.0
685.0,10224.0
686.0,10443.0
687.0,10310.0
688.0,10346.0
689.0,10041.0
690.0,10261.0
691.0,10097.0
692.0,10131.0
693.0,9962.0
694.0,9962.0
695.0,9936.0
696.0,10006.0
697.0,9877.0
698.0,9858.0
699.0,9837.0
700.0,9995.0
701.0,9891.0
702.0,9854.0
703.0,9764.0
704.0,9816.0
705.0,9753.0
706.0,9833.0
707.0,9465.0
708.0,9676.0
709.0,9629.0
710.0,9542.0
711.0,9532.0
712.0,9655.0
713.0,9354.0
714.0,9342.0
715.0,9391.0
716.0,9402.0
717.0,9406.0
718.0,9265.0
719.0,9212.0
720.0,9264.0
721.0,9171.0
722.0,9166.0
723.0,9105.0
724.0,9096.0
725.0,9173.0
726.0,9042.0
727.0,8960.0
728.0,9015.0
729.0,8907.0
730.0,9004.0
731.0,8818.0
732.0,8802.0
733.0,8787.0
734.0,8739.0
735.0,8766.0
736.0,8717.0
737.0,8691.0
738.0,8577.0
739.0,8579.0
740.0,8634.0
741.0,8652.0
742.0,8421.0
743.0,8516.0
744.0,8465.0
745.0,8398.0
746.0,8497.0
747.0,8287.0
748.0,8355.0
749.0,8439.0
750.0,8168.0
751.0,8322.0
752.0,8074.0
753.0,8145.0
754.0,8138.0
755.0,8046.0
756.0,8083.0
757.0,7993.0
758.0,8007.0
759.0,7980.0
760.0,7906.0
761.0,7873.0
762.0,7800.0
763.0,7841.0
764.0,7760.0
765.0,7742.0
766.0,7782.0
767.0,7552.0
768.0,7694.0
769.0,7612.0
770.0,7600.0
771.0,7513.0
772.0,7423.0
773.0,7494.0
774.0,7464.0
775.0,7395.0
776.0,7250.0
777.0,7411.0
778.0,7370.0
779.0,7314.0
780.0,7163.0
781.0,7102.0
782.0,7209.0
783.0,7057.0
784.0,7115.0
785.0,7063.0
786.0,6979.0
787.0,6993.0
788.0,6992.0
789.0,6928.0
790.0,6881.0
791.0,6796.0
792.0,6799.0
793.0,6806.0
794.0,6757.0
795.0,6780.0
796.0,6680.0
797.0,6658.0
798.0,6621.0
799.0,6643.0
800.0,6627.0
801.0,6539.0
802.0,6537.0
803.0,6545.0
804.0,6449.0
805.0,6400.0
806.0,6309.0
807.0,6285.0
808.0,6416.0
809.0,6215.0
810.0,6317.0
811.0,6169.0
812.0,6310.0
813.0,6170.0
814.0,6107.0
815.0,6089.0
816.0,6053.0
817.0,5979.0
818.0,5984.0
819.0,5943.0
820.0,5902.0
821.0,5849.0
822.0,5826.0
823.0,5791.0
824.0,5709.0
825.0,5786.0
826.0,5742.0
827.0,5698.0
828.0,5678.0
829.0,5541.0
830.0,5598.0
831.0,5539.0
832.0,5558.0
833.0,5438.0
834.0,5451.0
835.0,5426.0
836.0,5385.0
837.0,5273.0
838.0,5357.0
839.0,5302.0
840.0,5252.0
841.0,5277.0
842.0,5317.0
843.0,5151.0
844.0,5144.0
845.0,5121.0
846.0,5081.0
847.0,5125.0
848.0,4967.0
849.0,5030.0
850.0,4969.0
851.0,5047.0
852.0,4983.0
853.0,4867.0
854.0,4792.0
855.0,4840.0
856.0,4882.0
857.0,4760.0
858.0,4709.0
859.0,4729.0
860.0,4660.0
861.0,4637.0
862.0,4614.0
863.0,4569.0
864.0,4617.0
865.0,4552.0
866.0,4482.0
867.0,4473.0
868.0,4417.0
869.0,4424.0
870.0,4311.0
871.0,4386.0
872.0,4263.0
873.0,4220.0
874.0,4182.0
875.0,4218.0
876.0,4182.0
877.0,4099.0
878.0,4101.0
879.0,4101.0
880.0,4010.0
881.0,4037.0
882.0,3981.0
883.0,4049.0
884.0,3889.0
885.0,3976.0
886.0,3858.0
887.0,3856.0
888.0,3802.0
889.0,3866.0
890.0,3783.0
891.0,3789.0
892.0,3647.0
893.0,3757.0
894.0,3641.0
895.0,3643.0
896.0,3577.0
897.0,3626.0
898.0,3532.0
899.0,3571.0
900.0,3501.0
901.0,3501.0
902.0,3447.0
903.0,3478.0
904.0,3375.0
905.0,3354.0
906.0,3320.0
907.0,3298.0
908.0,3307.0
909.0,3296.0
910.0,3216.0
911.0,3213.0
912.0,3136.0
913.0,3112.0
914.0,3164.0
915.0,3062.0
916.0,3033.0
917.0,3045.0
918.0,2976.0
919.0,2986.0
920.0,2958.0
921.0,2981.0
922.0,2932.0
923.0,2943.0
924.0,2808.0
925.0,2855.0
926.0,2795.0
927.0,2818.0
928.0,2759.0
929.0,2707.0
930.0,2702.0
931.0,2647.0
932.0,2669.0
933.0,2637.0
934.0,2598.0
935.0,2643.0
936.0,2542.0
937.0,2546.0
938.0,2485.0
939.0,2491.0
940.0,2486.0
941.0,2485.0
942.0,2418.0
943.0,2383.0
944.0,2435.0
945.0,2389.0
946.0,2343.0
947.0,2311.0
948.0,2249.0
949.0,2232.0
950.0,2258.0
951.0,2256.0
952.0,2225.0
953.0,2166.0
954.0,2152.0
955.0,2193.0
956.0,2127.0
957.0,2057.0
958.0,2085.0
959.0,2080.0
960.0,2041.0
961.0,2008.0
962.0,2013.0
963.0,1982.0
964.0,1959.0
965.0,1938.0
966.0,1907.0
967.0,1883.0
968.0,1919.0
969.0,1830.0
970.0,1817.0
971.0,1823.0
972.0,1808.0
973.0,1815.0
974.0,1751.0
975.0,1756.0
976.0,1706.0
977.0,1720.0
978.0,1691.0
979.0,1633.0
980.0,1662.0
981.0,1641.0
982.0,1636.0
983.0,1591.0
984.0,1581.0
985.0,1533.0
986.0,1560.0
987.0,1504.0
988.0,1517.0
989.0,1458.0
990.0,1486.0
991.0,1440.0
992.0,1445.0
993.0,1401.0
994.0,1373.0
995.0,1394.0
996.0,1372.0
997.0,1359.0
998.0,1340.0
999.0,1339.0
1000.0,1324.0
1001.0,1327.0
1002.0,1287.0
1003.0,1283.0
1004.0,1245.0
1005.0,1246.0
1006.0,1253.0
1007.0,1238.0
1008.0,1200.0
1009.0,1163.0
1010.0,1149.0
1011.0,1180.0
1012.0,1137.0
1013.0,1094.0
1014.0,1136.0
1015.0,1104.0
1016.0,1059.0
1017.0,1065.0
1018.0,1078.0
1019.0,1053.0
1020.0,1034.0
1021.0,1040.0
1022.0,1001.0
1023.0,993.0
