0.0,219.0
1.0,353.0
2.0,355.0
3.0,381.0
4.0,381.0
5.0,400.0
6.0,432.0
7.0,407.0
8.0,434.0
9.0,438.0
10.0,449.0
11.0,470.0
12.0,445.0
13.0,488.0
14.0,459.0
15.0,472.0
16.0,483.0
17.0,479.0
18.0,518.0
19.0,468.0
20.0,483.0
21.0,483.0
22.0,501.0
23.0,512.0
24.0,531.0
25.0,512.0
26.0,533.0
27.0,510.0
28.0,531.0
29.0,540.0
30.0,535.0
31.0,529.0
32.0,546.0
33.0,577.0
34.0,568.0
35.0,567.0
36.0,564.0
37.0,574.0
38.0,558.0
39.0,585.0
40.0,596.0
41.0,584.0
42.0,595.0
43.0,618.0
44.0,603.0
45.0,616.0
46.0,632.0
47.0,634.0
48.0,659.0
49.0,639.0
50.0,663.0
51.0,659.0
52.0,677.0
53.0,673.0
54.0,701.0
55.0,698.0
56.0,677.0
57.0,695.0
58.0,723.0
59.0,730.0
60.0,738.0
61.0,753.0
62.0,761.0
63.0,769.0
64.0,776.0
65.0,801.0
66.0,749.0
67.0,777.0
68.0,828.0
69.0,816.0
70.0,831.0
71.0,811.0
72.0,840.0
73.0,842.0
74.0,867.0
75.0,847.0
76.0,859.0
77.0,859.0
78.0,824.0
79.0,866.0
80.0,865.0
81.0,874.0
82.0,879.0
83.0,897.0
84.0,887.0
85.0,887.0
86.0,907.0
87.0,920.0
88.0,934.0
89.0,938.0
90.0,947.0
91.0,952.0
92.0,946.0
93.0,976.0
94.0,978.0
95.0,993.0
96.0,1011.0
97.0,990.0
98.0,1014.0
99.0,1011.0
100.0,1022.0
101.0,1040.0
102.0,1032.0
103.0,1072.0
104.0,1026.0
105.0,1101.0
106.0,1050.0
107.0,1077.0
108.0,1078.0
109.0,1093.0
110.0,1103.0
111.0,1113.0
112.0,1142.0
113.0,1101.0
114.0,1156.0
115.0,1116.0
116.0,1190.0
117.0,1191.0
118.0,1169.0
119.0,1181.0
120.0,1192.0
121.0,1196.0
122.0,1180.0
123.0,1253.0
124.0,1202.0
125.0,1221.0
126.0,1213.0
127.0,1238.0
128.0,1236.0
129.0,1256.0
130.0,1278.0
131.0,1274.0
132.0,1315.0
133.0,1260.0
134.0,1312.0
135.0,1313.0
136.0,1331.0
137.0,1317.0
138.0,1348.0
139.0,1351.0
140.0,1355.0
141.0,1349.0
142.0,1359.0
143.0,1396.0
144.0,1388.0
145.0,1423.0
146.0,1391.0
147.0,1455.0
148.0,1471.0
149.0,1401.0
150.0,1443.0
151.0,1446.0
152.0,1471.0
153.0,1459.0
154.0,1475.0
155.0,1479.0
156.0,1506.0
157.0,1535.0
158.0,1553.0
159.0,1536.0
160.0,1598.0
161.0,1590.0
162.0,1555.0
163.0,1542.0
164.0,1617.0
165.0,1643.0
166.0,1608.0
167.0,1627.0
168.0,1604.0
169.0,1676.0
170.0,1654.0
171.0,1672.0
172.0,1688.0
173.0,1695.0
174.0,1637.0
175.0,1706.0
176.0,1698.0
177.0,1728.0
178.0,1711.0
179.0,1730.0
180.0,1787.0
181.0,1736.0
182.0,1720.0
183.0,1764.0
184.0,1837.0
185.0,1826.0
186.0,1818.0
187.0,1791.0
188.0,1875.0
189.0,1838.0
190.0,1865.0
191.0,1847.0
192.0,1889.0
193.0,1900.0
194.0,1871.0
195.0,1850.0
196.0,1909.0
197.0,1937.0
198.0,1961.0
199.0,1961.0
200.0,1977.0
201.0,1983.0
202.0,1993.0
203.0,2006.0
204.0,1994.0
205.0,1993.0
206.0,2046.0
207.0,2052.0
208.0,2037.0
209.0,2055.0
210.0,2072.0
211.0,2131.0
212.0,2118.0
213.0,2058.0
214.0,2127.0
215.0,2127.0
216.0,2116.0
217.0,2176.0
218.0,2179.0
219.0,2164.0
220.0,2201.0
221.0,2195.0
222.0,2226.0
223.0,2211.0
224.0,2240.0
225.0,2270.0
226.0,2280.0
227.0,2280.0
228.0,2274.0
229.0,2308.0
230.0,2299.0
231.0,2353.0
232.0,2357.0
233.0,2340.0
234.0,2333.0
235.0,2387.0
236.0,2399.0
237.0,2377.0
238.0,2381.0
239.0,2358.0
240.0,2431.0
241.0,2476.0
242.0,2463.0
243.0,2459.0
244.0,2457.0
245.0,2492.0
246.0,2518.0
247.0,2511.0
248.0,2524.0
249.0,2539.0
250.0,2548.0
251.0,2609.0
252.0,2562.0
253.0,2592.0
254.0,2600.0
255.0,2603.0
256.0,2659.0
257.0,2669.0
258.0,2654.0
259.0,2692.0
260.0,2690.0
261.0,2645.0
262.0,2667.0
263.0,2690.0
264.0,2719.0
265.0,2712.0
266.0,2769.0
267.0,2788.0
268.0,2740.0
269.0,2776.0
270.0,2742.0
271.0,2710.0
272.0,2780.0
273.0,2818.0
274.0,2761.0
275.0,2852.0
276.0,2823.0
277.0,2929.0
278.0,2881.0
279.0,2851.0
280.0,2891.0
281.0,2875.0
282.0,2884.0
283.0,2871.0
284.0,2924.0
285.0,2934.0
286.0,3025.0
287.0,2874.0
288.0,2948.0
289.0,3005.0
290.0,2928.0
291.0,2995.0
292.0,3008.0
293.0,2965.0
294.0,3059.0
295.0,3046.0
296.0,3052.0
297.0,3084.0
298.0,3059.0
299.0,3086.0
300.0,3129.0
301.0,3078.0
302.0,3088.0
303.0,3099.0
304.0,3154.0
305.0,3154.0
306.0,3171.0
307.0,3217.0
308.0,3179.0
309.0,3168.0
310.0,3178.0
311.0,3218.0
312.0,3202.0
313.0,3206.0
314.0,3216.0
315.0,3213.0
316.0,3301.0
317.0,3237.0
318.0,3308.0
319.0,3283.0
320.0,3259.0
321.0,3301.0
322.0,3350.0
323.0,3354.0
324.0,3302.0
325.0,3387.0
326.0,3335.0
327.0,3327.0
328.0,3351.0
329.0,3401.0
330.0,3367.0
331.0,3379.0
332.0,3401.0
333.0,3390.0
334.0,3380.0
335.0,3410.0
336.0,3437.0
337.0,3450.0
338.0,3443.0
339.0,3457.0
340.0,3461.0
341.0,3465.0
342.0,3503.0
343.0,3457.0
344.0,3512.0
345.0,3494.0
346.0,3507.0
347.0,3498.0
348.0,3511.0
349.0,3560.0
350.0,3499.0
351.0,3493.0
352.0,3498.0
353.0,3566.0
354.0,3590.0
355.0,3605.0
356.0,3626.0
357.0,3564.0
358.0,3604.0
359.0,3609.0
360.0,3577.0
361.0,3640.0
362.0,3637.0
363.0,3629.0
364.0,3621.0
365.0,3648.0
366.0,3705.0
367.0,3661.0
368.0,3666.0
369.0,3616.0
370.0,3658.0
371.0,3652.0
372.0,3695.0
373.0,3655.0
374.0,3703.0
375.0,3669.0
376.0,3702.0
377.0,3738.0
378.0,3787.0
379.0,3725.0
380.0,3732.0
381.0,3719.0
382.0,3763.0
383.0,3759.0
384.0,3743.0
385.0,3772.0
386.0,3829.0
387.0,3749.0
388.0,3719.0
389.0,3730.0
390.0,3822.0
391.0,3800.0
392.0,3832.0
393.0,3812.0
394.0,3759.0
395.0,3804.0
396.0,3764.0
397.0,3872.0
398.0,3805.0
399.0,3834.0
400.0,3893.0
401.0,3880.0
402.0,3821.0
403.0,3893.0
404.0,3852.0
405.0,3875.0
406.0,3862.0
407.0,3835.0
408.0,3908.0
409.0,3924.0
410.0,3944.0
411.0,3894.0
412.0,3897.0
413.0,3929.0
414.0,3923.0
415.0,3854.0
416.0,3905.0
417.0,3997.0
418.0,3899.0
419.0,3891.0
420.0,3951.0
421.0,3934.0
422.0,3932.0
423.0,3909.0
424.0,3934.0
425.0,3913.0
426.0,3948.0
427.0,3895.0
428.0,3946.0
429.0,3980.0
430.0,3968.0
431.0,4029.0
432.0,3964.0
433.0,4042.0
434.0,3978.0
435.0,3971.0
436.0,3934.0
437.0,3988.0
438.0,3943.0
439.0,3977.0
440.0,3937.0
441.0,3965.0
442.0,3963.0
443.0,4002.0
444.0,3986.0
445.0,4043.0
446.0,3959.0
447.0,4048.0
448.0,4041.0
449.0,4037.0
450.0,4041.0
451.0,4015.0
452.0,3988.0
453.0,4067.0
454.0,4019.0
455.0,4010.0
456.0,4089.0
457.0,4103.0
458.0,3992.0
459.0,3990.0
460.0,4033.0
461.0,4031.0
462.0,4043.0
463.0,4038.0
464.0,4001.0
465.0,4091.0
466.0,4002.0
467.0,3995.0
468.0,4079.0
469.0,4076.0
470.0,4019.0
471.0,4047.0
472.0,4082.0
473.0,4031.0
474.0,4081.0
475.0,4065.0
476.0,4067.0
477.0,4060.0
478.0,4013.0
479.0,4011.0
480.0,4093.0
481.0,4034.0
482.0,4109.0
483.0,4045.0
484.0,4025.0
485.0,4078.0
486.0,4009.0
487.0,4029.0
488.0,4077.0
489.0,4010.0
490.0,4062.0
491.0,4142.0
492.0,4003.0
493.0,4048.0
494.0,4066.0
495.0,4085.0
496.0,4007.0
497.0,4049.0
498.0,4011.0
499.0,4030.0
500.0,4065.0
501.0,4040.0
502.0,4065.0
503.0,4073.0
504.0,4035.0
505.0,4063.0
506.0,4065.0
507.0,4054.0
508.0,4016.0
509.0,4017.0
510.0,4023.0
511.0,4014.0
512.0,4029.0
513.0,4017.0
514.0,4001.0
515.0,4052.0
516.0,4025.0
517.0,4054.0
518.0,4031.0
519.0,4029.0
520.0,4040.0
521.0,3996.0
522.0,4034.0
523.0,4007.0
524.0,3990.0
525.0,4009.0
526.0,3998.0
527.0,4081.0
528.0,4076.0
529.0,4020.0
530.0,3968.0
531.0,3989.0
532.0,3990.0
533.0,4039.0
534.0,3973.0
535.0,3931.0
536.0,3930.0
537.0,4027.0
538.0,4000.0
539.0,3942.0
540.0,3974.0
541.0,3976.0
542.0,3938.0
543.0,3977.0
544.0,3982.0
545.0,3944.0
546.0,3871.0
547.0,3892.0
548.0,3967.0
549.0,3901.0
550.0,3956.0
551.0,3933.0
552.0,3897.0
553.0,3924.0
554.0,3934.0
555.0,3906.0
556.0,3830.0
557.0,3878.0
558.0,3923.0
559.0,3885.0
560.0,3856.0
561.0,3829.0
562.0,3840.0
563.0,3813.0
564.0,3840.0
565.0,3804.0
566.0,3838.0
567.0,3792.0
568.0,3800.0
569.0,3833.0
570.0,3852.0
571.0,3809.0
572.0,3749.0
573.0,3745.0
574.0,3773.0
575.0,3809.0
576.0,3717.0
577.0,3742.0
578.0,3785.0
579.0,3713.0
580.0,3744.0
581.0,3715.0
582.0,3750.0
583.0,3734.0
584.0,3638.0
585.0,3671.0
586.0,3746.0
587.0,3680.0
588.0,3671.0
589.0,3739.0
590.0,3651.0
591.0,3654.0
592.0,3675.0
593.0,3637.0
594.0,3656.0
595.0,3603.0
596.0,3654.0
597.0,3594.0
598.0,3577.0
599.0,3650.0
600.0,3556.0
601.0,3566.0
602.0,3561.0
603.0,3596.0
604.0,3547.0
605.0,3570.0
606.0,3525.0
607.0,3574.0
608.0,3510.0
609.0,3535.0
610.0,3479.0
611.0,3520.0
612.0,3494.0
613.0,3422.0
614.0,3446.0
615.0,3420.0
616.0,3469.0
617.0,3469.0
618.0,3407.0
619.0,3446.0
620.0,3430.0
621.0,3392.0
622.0,3339.0
623.0,3456.0
624.0,3330.0
625.0,3335.0
626.0,3388.0
627.0,3343.0
628.0,3358.0
629.0,3344.0
630.0,3324.0
631.0,3264.0
632.0,3326.0
633.0,3287.0
634.0,3258.0
635.0,3240.0
636.0,3258.0
637.0,3203.0
638.0,3232.0
639.0,3196.0
640.0,3179.0
641.0,3217.0
642.0,3225.0
643.0,3179.0
644.0,3209.0
645.0,3184.0
646.0,3127.0
647.0,3109.0
648.0,3085.0
649.0,3113.0
650.0,3105.0
651.0,3115.0
652.0,3054.0
653.0,3079.0
654.0,3084.0
655.0,2988.0
656.0,3066.0
657.0,3031.0
658.0,3025.0
659.0,3034.0
660.0,3029.0
661.0,2995.0
662.0,2982.0
663.0,2916.0
664.0,2980.0
665.0,2947.0
666.0,2910.0
667.0,2966.0
668.0,2879.0
669.0,2911.0
670.0,2873.0
671.0,2897.0
672.0,2885.0
673.0,2834.0
674.0,2854.0
675.0,2837.0
676.0,2802.0
677.0,2764.0
678.0,2781.0
679.0,2786.0
680.0,2802.0
681.0,2767.0
682.0,2748.0
683.0,2736.0
684.0,2765.0
685.0,2710.0
686.0,2682.0
687.0,2722.0
688.0,2704.0
689.0,2675.0
690.0,2700.0
691.0,2653.0
692.0,2641.0
693.0,2658.0
694.0,2607.0
695.0,2632.0
696.0,2629.0
697.0,2587.0
698.0,2589.0
699.0,2558.0
700.0,2588.0
701.0,2560.0
702.0,2531.0
703.0,2513.0
704.0,2580.0
705.0,2521.0
706.0,2497.0
707.0,2537.0
708.0,2503.0
709.0,2481.0
710.0,2485.0
711.0,2465.0
712.0,2438.0
713.0,2437.0
714.0,2395.0
715.0,2388.0
716.0,2412.0
717.0,2387.0
718.0,2371.0
719.0,2319.0
720.0,2356.0
721.0,2397.0
722.0,2355.0
723.0,2309.0
724.0,2320.0
725.0,2294.0
726.0,2286.0
727.0,2270.0
728.0,2268.0
729.0,2266.0
730.0,2259.0
731.0,2233.0
732.0,2264.0
733.0,2197.0
734.0,2161.0
735.0,2194.0
736.0,2199.0
737.0,2152.0
738.0,2139.0
739.0,2117.0
740.0,2082.0
741.0,2141.0
742.0,2068.0
743.0,2071.0
744.0,2105.0
745.0,2105.0
746.0,2025.0
747.0,2008.0
748.0,2070.0
749.0,2087.0
750.0,2029.0
751.0,1994.0
752.0,2038.0
753.0,2002.0
754.0,1995.0
755.0,1963.0
756.0,1919.0
757.0,1987.0
758.0,1907.0
759.0,1907.0
760.0,1905.0
761.0,1915.0
762.0,1905.0
763.0,1881.0
764.0,1886.0
765.0,1847.0
766.0,1856.0
767.0,1806.0
768.0,1848.0
769.0,1791.0
770.0,1799.0
771.0,1837.0
772.0,1803.0
773.0,1779.0
774.0,1732.0
775.0,1751.0
776.0,1728.0
777.0,1723.0
778.0,1756.0
779.0,1702.0
780.0,1732.0
781.0,1674.0
782.0,1720.0
783.0,1726.0
784.0,1665.0
785.0,1656.0
786.0,1645.0
787.0,1592.0
788.0,1627.0
789.0,1597.0
790.0,1599.0
791.0,1615.0
792.0,1592.0
793.0,1567.0
794.0,1565.0
795.0,1553.0
796.0,1584.0
797.0,1530.0
798.0,1524.0
799.0,1525.0
800.0,1528.0
801.0,1480.0
802.0,1470.0
803.0,1466.0
804.0,1458.0
805.0,1441.0
806.0,1460.0
807.0,1429.0
808.0,1392.0
809.0,1384.0
810.0,1385.0
811.0,1382.0
812.0,1419.0
813.0,1338.0
814.0,1355.0
815.0,1397.0
816.0,1360.0
817.0,1329.0
818.0,1316.0
819.0,1330.0
820.0,1316.0
821.0,1280.0
822.0,1295.0
823.0,1265.0
824.0,1312.0
825.0,1269.0
826.0,1253.0
827.0,1267.0
828.0,1273.0
829.0,1189.0
830.0,1206.0
831.0,1183.0
832.0,1180.0
833.0,1180.0
834.0,1197.0
835.0,1172.0
836.0,1194.0
837.0,1146.0
838.0,1122.0
839.0,1137.0
840.0,1153.0
841.0,1122.0
842.0,1112.0
843.0,1111.0
844.0,1102.0
845.0,1112.0
846.0,1063.0
847.0,1066.0
848.0,1070.0
849.0,1052.0
850.0,1066.0
851.0,1042.0
852.0,1015.0
853.0,1043.0
854.0,994.0
855.0,1005.0
856.0,980.0
857.0,990.0
858.0,1011.0
859.0,989.0
860.0,950.0
861.0,966.0
862.0,971.0
863.0,944.0
864.0,990.0
865.0,943.0
866.0,907.0
867.0,890.0
868.0,935.0
869.0,946.0
870.0,911.0
871.0,876.0
872.0,857.0
873.0,852.0
874.0,855.0
875.0,848.0
876.0,827.0
877.0,844.0
878.0,843.0
879.0,824.0
880.0,842.0
881.0,795.0
882.0,814.0
883.0,813.0
884.0,788.0
885.0,796.0
886.0,799.0
887.0,785.0
888.0,773.0
889.0,769.0
890.0,794.0
891.0,740.0
892.0,733.0
893.0,718.0
894.0,728.0
895.0,727.0
896.0,714.0
897.0,692.0
898.0,692.0
899.0,712.0
900.0,726.0
901.0,723.0
902.0,707.0
903.0,676.0
904.0,691.0
905.0,665.0
906.0,695.0
907.0,666.0
908.0,664.0
909.0,666.0
910.0,621.0
911.0,654.0
912.0,624.0
913.0,640.0
914.0,635.0
915.0,611.0
916.0,593.0
917.0,606.0
918.0,602.0
919.0,578.0
920.0,608.0
921.0,584.0
922.0,589.0
923.0,587.0
924.0,590.0
925.0,567.0
926.0,561.0
927.0,577.0
928.0,580.0
929.0,578.0
930.0,543.0
931.0,568.0
932.0,538.0
933.0,540.0
934.0,586.0
935.0,511.0
936.0,539.0
937.0,513.0
938.0,528.0
939.0,512.0
940.0,533.0
941.0,531.0
942.0,504.0
943.0,515.0
944.0,507.0
945.0,494.0
946.0,505.0
947.0,473.0
948.0,481.0
949.0,470.0
950.0,458.0
951.0,471.0
952.0,452.0
953.0,484.0
954.0,480.0
955.0,439.0
956.0,458.0
957.0,428.0
958.0,454.0
959.0,458.0
960.0,452.0
961.0,469.0
962.0,431.0
963.0,461.0
964.0,417.0
965.0,436.0
966.0,430.0
967.0,411.0
968.0,427.0
969.0,431.0
970.0,432.0
971.0,418.0
972.0,404.0
973.0,421.0
974.0,401.0
975.0,426.0
976.0,375.0
977.0,409.0
978.0,390.0
979.0,379.0
980.0,397.0
981.0,400.0
982.0,420.0
983.0,399.0
984.0,369.0
985.0,384.0
986.0,398.0
987.0,384.0
988.0,348.0
989.0,370.0
990.0,392.0
991.0,368.0
992.0,366.0
993.0,383.0
994.0,368.0
995.0,372.0
996.0,326.0
997.0,373.0
998.0,328.0
999.0,350.0
1000.0,332.0
1001.0,373.0
1002.0,359.0
1003.0,357.0
1004.0,331.0
1005.0,362.0
1006.0,322.0
1007.0,366.0
1008.0,353.0
1009.0,336.0
1010.0,342.0
1011.0,347.0
1012.0,337.0
1013.0,341.0
1014.0,344.0
1015.0,317.0
1016.0,345.0
1017.0,304.0
1018.0,305.0
1019.0,324.0
1020.0,333.0
1021.0,337.0
1022.0,312.0
1023.0,324.0
