0.0,373.0
1.0,544.0
2.0,544.0
3.0,555.0
4.0,539.0
5.0,588.0
6.0,577.0
7.0,589.0
8.0,610.0
9.0,624.0
10.0,617.0
11.0,619.0
12.0,682.0
13.0,651.0
14.0,666.0
15.0,688.0
16.0,676.0
17.0,683.0
18.0,672.0
19.0,703.0
20.0,724.0
21.0,718.0
22.0,707.0
23.0,704.0
24.0,726.0
25.0,735.0
26.0,774.0
27.0,756.0
28.0,783.0
29.0,771.0
30.0,803.0
31.0,793.0
32.0,789.0
33.0,788.0
34.0,818.0
35.0,811.0
36.0,860.0
37.0,847.0
38.0,841.0
39.0,849.0
40.0,856.0
41.0,870.0
42.0,921.0
43.0,904.0
44.0,890.0
45.0,929.0
46.0,915.0
47.0,936.0
48.0,943.0
49.0,961.0
50.0,944.0
51.0,972.0
52.0,970.0
53.0,987.0
54.0,1002.0
55.0,1032.0
56.0,998.0
57.0,1027.0
58.0,1023.0
59.0,1032.0
60.0,1090.0
61.0,1073.0
62.0,1119.0
63.0,1141.0
64.0,1129.0
65.0,1137.0
66.0,1164.0
67.0,1148.0
68.0,1190.0
69.0,1196.0
70.0,1162.0
71.0,1217.0
72.0,1208.0
73.0,1227.0
74.0,1240.0
75.0,1239.0
76.0,1257.0
77.0,1253.0
78.0,1278.0
79.0,1293.0
80.0,1298.0
81.0,1343.0
82.0,1338.0
83.0,1300.0
84.0,1301.0
85.0,1372.0
86.0,1377.0
87.0,1394.0
88.0,1376.0
89.0,1404.0
90.0,1409.0
91.0,1470.0
92.0,1453.0
93.0,1428.0
94.0,1452.0
95.0,1465.0
96.0,1494.0
97.0,1455.0
98.0,1505.0
99.0,1496.0
100.0,1568.0
101.0,1506.0
102.0,1542.0
103.0,1527.0
104.0,1633.0
105.0,1583.0
106.0,1611.0
107.0,1611.0
108.0,1626.0
109.0,1666.0
110.0,1659.0
111.0,1691.0
112.0,1696.0
113.0,1708.0
114.0,1708.0
115.0,1750.0
116.0,1746.0
117.0,1764.0
118.0,1795.0
119.0,1809.0
120.0,1794.0
121.0,1783.0
122.0,1811.0
123.0,1845.0
124.0,1855.0
125.0,1874.0
126.0,1904.0
127.0,1909.0
128.0,1936.0
129.0,1940.0
130.0,1950.0
131.0,1962.0
132.0,1959.0
133.0,2013.0
134.0,1956.0
135.0,1992.0
136.0,2011.0
137.0,2017.0
138.0,2024.0
139.0,2036.0
140.0,2046.0
141.0,2112.0
142.0,2119.0
143.0,2120.0
144.0,2126.0
145.0,2159.0
146.0,2168.0
147.0,2160.0
148.0,2172.0
149.0,2161.0
150.0,2281.0
151.0,2273.0
152.0,2209.0
153.0,2335.0
154.0,2258.0
155.0,2274.0
156.0,2303.0
157.0,2337.0
158.0,2369.0
159.0,2322.0
160.0,2423.0
161.0,2383.0
162.0,2433.0
163.0,2427.0
164.0,2436.0
165.0,2455.0
166.0,2526.0
167.0,2532.0
168.0,2512.0
169.0,2506.0
170.0,2483.0
171.0,2561.0
172.0,2525.0
173.0,2619.0
174.0,2640.0
175.0,2687.0
176.0,2693.0
177.0,2657.0
178.0,2693.0
179.0,2711.0
180.0,2675.0
181.0,2736.0
182.0,2730.0
183.0,2737.0
184.0,2756.0
185.0,2825.0
186.0,2836.0
187.0,2798.0
188.0,2871.0
189.0,2933.0
190.0,2934.0
191.0,2893.0
192.0,2957.0
193.0,2944.0
194.0,2892.0
195.0,3016.0
196.0,2992.0
197.0,2995.0
198.0,3081.0
199.0,3060.0
200.0,3000.0
201.0,3109.0
202.0,3094.0
203.0,3098.0
204.0,3108.0
205.0,3145.0
206.0,3166.0
207.0,3174.0
208.0,3217.0
209.0,3180.0
210.0,3231.0
211.0,3271.0
212.0,3296.0
213.0,3290.0
214.0,3294.0
215.0,3391.0
216.0,3335.0
217.0,3355.0
218.0,3381.0
219.0,3337.0
220.0,3461.0
221.0,3423.0
222.0,3391.0
223.0,3458.0
224.0,3454.0
225.0,3535.0
226.0,3468.0
227.0,3533.0
228.0,3509.0
229.0,3606.0
230.0,3578.0
231.0,3580.0
232.0,3590.0
233.0,3596.0
234.0,3685.0
235.0,3700.0
236.0,3647.0
237.0,3638.0
238.0,3725.0
239.0,3714.0
240.0,3721.0
241.0,3714.0
242.0,3813.0
243.0,3795.0
244.0,3868.0
245.0,3800.0
246.0,3865.0
247.0,3815.0
248.0,3892.0
249.0,3840.0
250.0,3848.0
251.0,3929.0
252.0,3977.0
253.0,3945.0
254.0,3971.0
255.0,3990.0
256.0,4017.0
257.0,4048.0
258.0,4029.0
259.0,3990.0
260.0,4053.0
261.0,4067.0
262.0,4148.0
263.0,4122.0
264.0,4041.0
265.0,4189.0
266.0,4122.0
267.0,4159.0
268.0,4171.0
269.0,4179.0
270.0,4194.0
271.0,4192.0
272.0,4340.0
273.0,4202.0
274.0,4246.0
275.0,4317.0
276.0,4321.0
277.0,4312.0
278.0,4336.0
279.0,4321.0
280.0,4373.0
281.0,4401.0
282.0,4303.0
283.0,4393.0
284.0,4437.0
285.0,4496.0
286.0,4422.0
287.0,4431.0
288.0,4498.0
289.0,4537.0
290.0,4518.0
291.0,4548.0
292.0,4471.0
293.0,4580.0
294.0,4554.0
295.0,4611.0
296.0,4560.0
297.0,4599.0
298.0,4590.0
299.0,4655.0
300.0,4770.0
301.0,4606.0
302.0,4724.0
303.0,4655.0
304.0,4733.0
305.0,4698.0
306.0,4793.0
307.0,4731.0
308.0,4817.0
309.0,4785.0
310.0,4870.0
311.0,4808.0
312.0,4842.0
313.0,4875.0
314.0,4831.0
315.0,4936.0
316.0,4871.0
317.0,4997.0
318.0,4880.0
319.0,4917.0
320.0,4902.0
321.0,5001.0
322.0,5038.0
323.0,4924.0
324.0,5026.0
325.0,5074.0
326.0,5057.0
327.0,5058.0
328.0,5036.0
329.0,5076.0
330.0,5122.0
331.0,5062.0
332.0,5141.0
333.0,5098.0
334.0,5153.0
335.0,5161.0
336.0,5233.0
337.0,5145.0
338.0,5205.0
339.0,5186.0
340.0,5208.0
341.0,5252.0
342.0,5256.0
343.0,5304.0
344.0,5271.0
345.0,5271.0
346.0,5278.0
347.0,5250.0
348.0,5302.0
349.0,5376.0
350.0,5347.0
351.0,5334.0
352.0,5376.0
353.0,5408.0
354.0,5406.0
355.0,5476.0
356.0,5414.0
357.0,5438.0
358.0,5480.0
359.0,5475.0
360.0,5480.0
361.0,5462.0
362.0,5502.0
363.0,5535.0
364.0,5454.0
365.0,5619.0
366.0,5555.0
367.0,5529.0
368.0,5580.0
369.0,5521.0
370.0,5620.0
371.0,5609.0
372.0,5629.0
373.0,5654.0
374.0,5622.0
375.0,5635.0
376.0,5725.0
377.0,5645.0
378.0,5661.0
379.0,5731.0
380.0,5698.0
381.0,5668.0
382.0,5686.0
383.0,5689.0
384.0,5657.0
385.0,5672.0
386.0,5780.0
387.0,5735.0
388.0,5745.0
389.0,5853.0
390.0,5728.0
391.0,5753.0
392.0,5720.0
393.0,5886.0
394.0,5822.0
395.0,5854.0
396.0,5878.0
397.0,5786.0
398.0,5924.0
399.0,5900.0
400.0,5869.0
401.0,5818.0
402.0,5861.0
403.0,5875.0
404.0,5986.0
405.0,5873.0
406.0,5967.0
407.0,5929.0
408.0,5901.0
409.0,5869.0
410.0,6013.0
411.0,5972.0
412.0,6028.0
413.0,5933.0
414.0,5945.0
415.0,6030.0
416.0,6079.0
417.0,5993.0
418.0,5979.0
419.0,6105.0
420.0,6043.0
421.0,6097.0
422.0,6008.0
423.0,6060.0
424.0,5970.0
425.0,6077.0
426.0,6041.0
427.0,6083.0
428.0,6044.0
429.0,6108.0
430.0,6147.0
431.0,6029.0
432.0,6069.0
433.0,6106.0
434.0,6126.0
435.0,6054.0
436.0,6131.0
437.0,6141.0
438.0,6029.0
439.0,6188.0
440.0,6062.0
441.0,6106.0
442.0,6091.0
443.0,6122.0
444.0,6237.0
445.0,6172.0
446.0,6223.0
447.0,6229.0
448.0,6218.0
449.0,6203.0
450.0,6032.0
451.0,6221.0
452.0,6191.0
453.0,6179.0
454.0,6245.0
455.0,6314.0
456.0,6181.0
457.0,6168.0
458.0,6188.0
459.0,6250.0
460.0,6183.0
461.0,6184.0
462.0,6189.0
463.0,6107.0
464.0,6238.0
465.0,6225.0
466.0,6331.0
467.0,6177.0
468.0,6224.0
469.0,6192.0
470.0,6280.0
471.0,6234.0
472.0,6116.0
473.0,6271.0
474.0,6264.0
475.0,6268.0
476.0,6274.0
477.0,6284.0
478.0,6278.0
479.0,6353.0
480.0,6276.0
481.0,6123.0
482.0,6214.0
483.0,6366.0
484.0,6188.0
485.0,6225.0
486.0,6185.0
487.0,6272.0
488.0,6251.0
489.0,6235.0
490.0,6214.0
491.0,6288.0
492.0,6282.0
493.0,6176.0
494.0,6270.0
495.0,6214.0
496.0,6202.0
497.0,6238.0
498.0,6183.0
499.0,6199.0
500.0,6207.0
501.0,6167.0
502.0,6255.0
503.0,6150.0
504.0,6183.0
505.0,6168.0
506.0,6086.0
507.0,6164.0
508.0,6172.0
509.0,6183.0
510.0,6140.0
511.0,6198.0
512.0,6112.0
513.0,6175.0
514.0,6211.0
515.0,6189.0
516.0,6229.0
517.0,6121.0
518.0,6206.0
519.0,6231.0
520.0,6098.0
521.0,6119.0
522.0,6175.0
523.0,6125.0
524.0,6092.0
525.0,6041.0
526.0,6113.0
527.0,6082.0
528.0,6153.0
529.0,6071.0
530.0,6105.0
531.0,6079.0
532.0,6137.0
533.0,6000.0
534.0,6007.0
535.0,6004.0
536.0,5999.0
537.0,6078.0
538.0,6018.0
539.0,5987.0
540.0,6102.0
541.0,6008.0
542.0,6076.0
543.0,5969.0
544.0,6004.0
545.0,6080.0
546.0,5973.0
547.0,5996.0
548.0,6062.0
549.0,5937.0
550.0,6011.0
551.0,5937.0
552.0,5923.0
553.0,5928.0
554.0,5906.0
555.0,5904.0
556.0,5818.0
557.0,5873.0
558.0,5929.0
559.0,5967.0
560.0,5826.0
561.0,5811.0
562.0,5849.0
563.0,5869.0
564.0,5846.0
565.0,5745.0
566.0,5910.0
567.0,5845.0
568.0,5842.0
569.0,5701.0
570.0,5699.0
571.0,5796.0
572.0,5828.0
573.0,5734.0
574.0,5731.0
575.0,5760.0
576.0,5759.0
577.0,5835.0
578.0,5576.0
579.0,5789.0
580.0,5739.0
581.0,5678.0
582.0,5660.0
583.0,5673.0
584.0,5690.0
585.0,5621.0
586.0,5642.0
587.0,5660.0
588.0,5624.0
589.0,5640.0
590.0,5534.0
591.0,5487.0
592.0,5622.0
593.0,5543.0
594.0,5507.0
595.0,5496.0
596.0,5538.0
597.0,5485.0
598.0,5480.0
599.0,5552.0
600.0,5404.0
601.0,5564.0
602.0,5469.0
603.0,5500.0
604.0,5443.0
605.0,5459.0
606.0,5482.0
607.0,5470.0
608.0,5430.0
609.0,5460.0
610.0,5363.0
611.0,5441.0
612.0,5395.0
613.0,5367.0
614.0,5385.0
615.0,5366.0
616.0,5319.0
617.0,5258.0
618.0,5324.0
619.0,5245.0
620.0,5299.0
621.0,5166.0
622.0,5265.0
623.0,5223.0
624.0,5278.0
625.0,5237.0
626.0,5198.0
627.0,5230.0
628.0,5169.0
629.0,5151.0
630.0,5073.0
631.0,5150.0
632.0,5096.0
633.0,5165.0
634.0,5051.0
635.0,5048.0
636.0,5082.0
637.0,5074.0
638.0,4924.0
639.0,5063.0
640.0,5059.0
641.0,5014.0
642.0,4978.0
643.0,5032.0
644.0,4984.0
645.0,4995.0
646.0,4874.0
647.0,4895.0
648.0,4885.0
649.0,4846.0
650.0,4904.0
651.0,4754.0
652.0,4876.0
653.0,4830.0
654.0,4813.0
655.0,4814.0
656.0,4800.0
657.0,4819.0
658.0,4680.0
659.0,4777.0
660.0,4706.0
661.0,4688.0
662.0,4706.0
663.0,4762.0
664.0,4725.0
665.0,4633.0
666.0,4651.0
667.0,4678.0
668.0,4674.0
669.0,4572.0
670.0,4607.0
671.0,4615.0
672.0,4529.0
673.0,4558.0
674.0,4509.0
675.0,4544.0
676.0,4463.0
677.0,4567.0
678.0,4527.0
679.0,4418.0
680.0,4510.0
681.0,4446.0
682.0,4355.0
683.0,4445.0
684.0,4387.0
685.0,4369.0
686.0,4334.0
687.0,4334.0
688.0,4342.0
689.0,4295.0
690.0,4319.0
691.0,4227.0
692.0,4281.0
693.0,4206.0
694.0,4228.0
695.0,4154.0
696.0,4243.0
697.0,4149.0
698.0,4207.0
699.0,4196.0
700.0,4113.0
701.0,4141.0
702.0,4111.0
703.0,4052.0
704.0,4039.0
705.0,4073.0
706.0,4051.0
707.0,3965.0
708.0,3978.0
709.0,3916.0
710.0,3880.0
711.0,3952.0
712.0,3917.0
713.0,3963.0
714.0,3973.0
715.0,3894.0
716.0,3853.0
717.0,3847.0
718.0,3845.0
719.0,3846.0
720.0,3831.0
721.0,3727.0
722.0,3766.0
723.0,3735.0
724.0,3738.0
725.0,3742.0
726.0,3696.0
727.0,3720.0
728.0,3706.0
729.0,3620.0
730.0,3638.0
731.0,3626.0
732.0,3608.0
733.0,3545.0
734.0,3576.0
735.0,3569.0
736.0,3516.0
737.0,3493.0
738.0,3501.0
739.0,3445.0
740.0,3477.0
741.0,3482.0
742.0,3431.0
743.0,3368.0
744.0,3412.0
745.0,3361.0
746.0,3351.0
747.0,3367.0
748.0,3297.0
749.0,3333.0
750.0,3340.0
751.0,3284.0
752.0,3283.0
753.0,3245.0
754.0,3208.0
755.0,3209.0
756.0,3206.0
757.0,3121.0
758.0,3211.0
759.0,3125.0
760.0,3160.0
761.0,3130.0
762.0,3093.0
763.0,3021.0
764.0,3023.0
765.0,3063.0
766.0,3033.0
767.0,2996.0
768.0,2977.0
769.0,3013.0
770.0,2983.0
771.0,2985.0
772.0,2903.0
773.0,2896.0
774.0,2873.0
775.0,2873.0
776.0,2864.0
777.0,2818.0
778.0,2893.0
779.0,2849.0
780.0,2793.0
781.0,2770.0
782.0,2788.0
783.0,2757.0
784.0,2723.0
785.0,2683.0
786.0,2661.0
787.0,2715.0
788.0,2651.0
789.0,2638.0
790.0,2696.0
791.0,2610.0
792.0,2604.0
793.0,2572.0
794.0,2536.0
795.0,2591.0
796.0,2577.0
797.0,2480.0
798.0,2511.0
799.0,2513.0
800.0,2510.0
801.0,2495.0
802.0,2498.0
803.0,2417.0
804.0,2449.0
805.0,2449.0
806.0,2372.0
807.0,2369.0
808.0,2405.0
809.0,2364.0
810.0,2347.0
811.0,2339.0
812.0,2243.0
813.0,2264.0
814.0,2289.0
815.0,2273.0
816.0,2247.0
817.0,2245.0
818.0,2228.0
819.0,2194.0
820.0,2168.0
821.0,2204.0
822.0,2143.0
823.0,2173.0
824.0,2115.0
825.0,2084.0
826.0,2076.0
827.0,2114.0
828.0,2060.0
829.0,2028.0
830.0,2040.0
831.0,2003.0
832.0,1957.0
833.0,2036.0
834.0,1999.0
835.0,1966.0
836.0,1934.0
837.0,1947.0
838.0,1887.0
839.0,1913.0
840.0,1918.0
841.0,1840.0
842.0,1910.0
843.0,1852.0
844.0,1857.0
845.0,1803.0
846.0,1819.0
847.0,1790.0
848.0,1766.0
849.0,1760.0
850.0,1744.0
851.0,1764.0
852.0,1682.0
853.0,1732.0
854.0,1720.0
855.0,1715.0
856.0,1670.0
857.0,1651.0
858.0,1671.0
859.0,1641.0
860.0,1624.0
861.0,1635.0
862.0,1627.0
863.0,1582.0
864.0,1581.0
865.0,1522.0
866.0,1541.0
867.0,1536.0
868.0,1530.0
869.0,1541.0
870.0,1490.0
871.0,1465.0
872.0,1464.0
873.0,1451.0
874.0,1465.0
875.0,1472.0
876.0,1443.0
877.0,1433.0
878.0,1394.0
879.0,1391.0
880.0,1408.0
881.0,1400.0
882.0,1319.0
883.0,1338.0
884.0,1339.0
885.0,1338.0
886.0,1307.0
887.0,1308.0
888.0,1293.0
889.0,1252.0
890.0,1250.0
891.0,1269.0
892.0,1232.0
893.0,1254.0
894.0,1211.0
895.0,1256.0
896.0,1246.0
897.0,1247.0
898.0,1232.0
899.0,1196.0
900.0,1180.0
901.0,1165.0
902.0,1139.0
903.0,1162.0
904.0,1141.0
905.0,1104.0
906.0,1135.0
907.0,1108.0
908.0,1096.0
909.0,1091.0
910.0,1077.0
911.0,1086.0
912.0,1068.0
913.0,1046.0
914.0,1021.0
915.0,1048.0
916.0,1039.0
917.0,1032.0
918.0,1021.0
919.0,1015.0
920.0,979.0
921.0,971.0
922.0,946.0
923.0,917.0
924.0,939.0
925.0,914.0
926.0,908.0
927.0,938.0
928.0,930.0
929.0,940.0
930.0,932.0
931.0,898.0
932.0,936.0
933.0,871.0
934.0,878.0
935.0,846.0
936.0,855.0
937.0,813.0
938.0,825.0
939.0,823.0
940.0,802.0
941.0,821.0
942.0,795.0
943.0,779.0
944.0,776.0
945.0,788.0
946.0,744.0
947.0,766.0
948.0,755.0
949.0,765.0
950.0,723.0
951.0,757.0
952.0,754.0
953.0,754.0
954.0,714.0
955.0,695.0
956.0,693.0
957.0,704.0
958.0,693.0
959.0,684.0
960.0,680.0
961.0,691.0
962.0,667.0
963.0,644.0
964.0,651.0
965.0,653.0
966.0,654.0
967.0,669.0
968.0,633.0
969.0,637.0
970.0,618.0
971.0,634.0
972.0,620.0
973.0,580.0
974.0,598.0
975.0,560.0
976.0,573.0
977.0,584.0
978.0,586.0
979.0,564.0
980.0,586.0
981.0,561.0
982.0,574.0
983.0,566.0
984.0,551.0
985.0,553.0
986.0,539.0
987.0,507.0
988.0,548.0
989.0,530.0
990.0,563.0
991.0,497.0
992.0,498.0
993.0,494.0
994.0,508.0
995.0,493.0
996.0,487.0
997.0,472.0
998.0,491.0
999.0,471.0
1000.0,495.0
1001.0,491.0
1002.0,477.0
1003.0,487.0
1004.0,490.0
1005.0,468.0
1006.0,492.0
1007.0,490.0
1008.0,476.0
1009.0,487.0
1010.0,442.0
1011.0,426.0
1012.0,428.0
1013.0,406.0
1014.0,427.0
1015.0,422.0
1016.0,445.0
1017.0,407.0
1018.0,425.0
1019.0,433.0
1020.0,410.0
1021.0,415.0
1022.0,417.0
1023.0,425.0
