0.0,104.0
1.0,165.0
2.0,187.0
3.0,226.0
4.0,222.0
5.0,243.0
6.0,249.0
7.0,261.0
8.0,267.0
9.0,245.0
10.0,274.0
11.0,269.0
12.0,275.0
13.0,280.0
14.0,272.0
15.0,282.0
16.0,312.0
17.0,305.0
18.0,285.0
19.0,288.0
20.0,276.0
21.0,280.0
22.0,289.0
23.0,283.0
24.0,297.0
25.0,301.0
26.0,322.0
27.0,297.0
28.0,308.0
29.0,319.0
30.0,324.0
31.0,343.0
32.0,350.0
33.0,333.0
34.0,346.0
35.0,343.0
36.0,369.0
37.0,325.0
38.0,366.0
39.0,373.0
40.0,324.0
41.0,334.0
42.0,342.0
43.0,343.0
44.0,378.0
45.0,372.0
46.0,348.0
47.0,373.0
48.0,366.0
49.0,380.0
50.0,381.0
51.0,426.0
52.0,383.0
53.0,403.0
54.0,430.0
55.0,429.0
56.0,436.0
57.0,445.0
58.0,442.0
59.0,466.0
60.0,446.0
61.0,431.0
62.0,449.0
63.0,429.0
64.0,440.0
65.0,442.0
66.0,474.0
67.0,455.0
68.0,484.0
69.0,479.0
70.0,490.0
71.0,485.0
72.0,490.0
73.0,509.0
74.0,519.0
75.0,524.0
76.0,524.0
77.0,530.0
78.0,525.0
79.0,521.0
80.0,509.0
81.0,520.0
82.0,487.0
83.0,544.0
84.0,533.0
85.0,520.0
86.0,561.0
87.0,547.0
88.0,564.0
89.0,556.0
90.0,584.0
91.0,555.0
92.0,580.0
93.0,565.0
94.0,593.0
95.0,579.0
96.0,574.0
97.0,581.0
98.0,602.0
99.0,584.0
100.0,595.0
101.0,583.0
102.0,597.0
103.0,580.0
104.0,622.0
105.0,584.0
106.0,595.0
107.0,608.0
108.0,646.0
109.0,649.0
110.0,632.0
111.0,654.0
112.0,670.0
113.0,662.0
114.0,663.0
115.0,650.0
116.0,660.0
117.0,665.0
118.0,659.0
119.0,692.0
120.0,621.0
121.0,663.0
122.0,703.0
123.0,662.0
124.0,718.0
125.0,710.0
126.0,717.0
127.0,682.0
128.0,712.0
129.0,712.0
130.0,729.0
131.0,749.0
132.0,744.0
133.0,747.0
134.0,768.0
135.0,735.0
136.0,746.0
137.0,783.0
138.0,758.0
139.0,781.0
140.0,737.0
141.0,764.0
142.0,777.0
143.0,758.0
144.0,797.0
145.0,763.0
146.0,834.0
147.0,816.0
148.0,806.0
149.0,827.0
150.0,815.0
151.0,829.0
152.0,818.0
153.0,839.0
154.0,829.0
155.0,870.0
156.0,835.0
157.0,835.0
158.0,890.0
159.0,866.0
160.0,864.0
161.0,914.0
162.0,873.0
163.0,875.0
164.0,893.0
165.0,903.0
166.0,886.0
167.0,914.0
168.0,906.0
169.0,918.0
170.0,910.0
171.0,941.0
172.0,967.0
173.0,965.0
174.0,949.0
175.0,951.0
176.0,962.0
177.0,981.0
178.0,989.0
179.0,990.0
180.0,978.0
181.0,972.0
182.0,984.0
183.0,1004.0
184.0,1002.0
185.0,995.0
186.0,992.0
187.0,1030.0
188.0,1005.0
189.0,1022.0
190.0,1030.0
191.0,1051.0
192.0,1042.0
193.0,1070.0
194.0,1067.0
195.0,1080.0
196.0,1074.0
197.0,1073.0
198.0,1104.0
199.0,1093.0
200.0,1089.0
201.0,1094.0
202.0,1095.0
203.0,1114.0
204.0,1106.0
205.0,1119.0
206.0,1141.0
207.0,1141.0
208.0,1128.0
209.0,1135.0
210.0,1174.0
211.0,1155.0
212.0,1152.0
213.0,1167.0
214.0,1164.0
215.0,1175.0
216.0,1154.0
217.0,1172.0
218.0,1172.0
219.0,1221.0
220.0,1168.0
221.0,1200.0
222.0,1203.0
223.0,1262.0
224.0,1259.0
225.0,1224.0
226.0,1252.0
227.0,1251.0
228.0,1271.0
229.0,1241.0
230.0,1273.0
231.0,1289.0
232.0,1284.0
233.0,1245.0
234.0,1299.0
235.0,1310.0
236.0,1304.0
237.0,1295.0
238.0,1325.0
239.0,1306.0
240.0,1323.0
241.0,1331.0
242.0,1358.0
243.0,1333.0
244.0,1371.0
245.0,1339.0
246.0,1323.0
247.0,1397.0
248.0,1393.0
249.0,1367.0
250.0,1366.0
251.0,1355.0
252.0,1404.0
253.0,1397.0
254.0,1417.0
255.0,1427.0
256.0,1465.0
257.0,1466.0
258.0,1416.0
259.0,1424.0
260.0,1427.0
261.0,1450.0
262.0,1453.0
263.0,1429.0
264.0,1492.0
265.0,1447.0
266.0,1441.0
267.0,1479.0
268.0,1470.0
269.0,1456.0
270.0,1490.0
271.0,1459.0
272.0,1499.0
273.0,1502.0
274.0,1500.0
275.0,1512.0
276.0,1521.0
277.0,1576.0
278.0,1541.0
279.0,1523.0
280.0,1523.0
281.0,1528.0
282.0,1531.0
283.0,1558.0
284.0,1539.0
285.0,1631.0
286.0,1573.0
287.0,1605.0
288.0,1631.0
289.0,1614.0
290.0,1575.0
291.0,1602.0
292.0,1595.0
293.0,1607.0
294.0,1604.0
295.0,1637.0
296.0,1669.0
297.0,1607.0
298.0,1667.0
299.0,1617.0
300.0,1645.0
301.0,1660.0
302.0,1686.0
303.0,1643.0
304.0,1707.0
305.0,1709.0
306.0,1684.0
307.0,1707.0
308.0,1712.0
309.0,1708.0
310.0,1701.0
311.0,1724.0
312.0,1729.0
313.0,1743.0
314.0,1737.0
315.0,1724.0
316.0,1771.0
317.0,1703.0
318.0,1729.0
319.0,1725.0
320.0,1757.0
321.0,1789.0
322.0,1749.0
323.0,1817.0
324.0,1771.0
325.0,1779.0
326.0,1813.0
327.0,1806.0
328.0,1799.0
329.0,1824.0
330.0,1813.0
331.0,1813.0
332.0,1842.0
333.0,1867.0
334.0,1813.0
335.0,1863.0
336.0,1846.0
337.0,1815.0
338.0,1841.0
339.0,1857.0
340.0,1859.0
341.0,1870.0
342.0,1845.0
343.0,1814.0
344.0,1844.0
345.0,1875.0
346.0,1898.0
347.0,1935.0
348.0,1896.0
349.0,1913.0
350.0,1911.0
351.0,1888.0
352.0,1909.0
353.0,1920.0
354.0,1962.0
355.0,1933.0
356.0,1931.0
357.0,1918.0
358.0,1929.0
359.0,1943.0
360.0,1976.0
361.0,1954.0
362.0,1950.0
363.0,1933.0
364.0,1961.0
365.0,1937.0
366.0,2010.0
367.0,1976.0
368.0,1993.0
369.0,1997.0
370.0,1994.0
371.0,1967.0
372.0,1995.0
373.0,1991.0
374.0,2052.0
375.0,1997.0
376.0,1991.0
377.0,2045.0
378.0,2025.0
379.0,1981.0
380.0,2030.0
381.0,2081.0
382.0,2040.0
383.0,2047.0
384.0,2020.0
385.0,2051.0
386.0,2011.0
387.0,2071.0
388.0,2105.0
389.0,2059.0
390.0,2058.0
391.0,2031.0
392.0,2083.0
393.0,2106.0
394.0,2107.0
395.0,2084.0
396.0,2104.0
397.0,2073.0
398.0,2090.0
399.0,2071.0
400.0,2096.0
401.0,2097.0
402.0,2108.0
403.0,2120.0
404.0,2082.0
405.0,2118.0
406.0,2074.0
407.0,2078.0
408.0,2124.0
409.0,2095.0
410.0,2042.0
411.0,2144.0
412.0,2145.0
413.0,2121.0
414.0,2088.0
415.0,2137.0
416.0,2187.0
417.0,2134.0
418.0,2124.0
419.0,2061.0
420.0,2205.0
421.0,2144.0
422.0,2167.0
423.0,2140.0
424.0,2129.0
425.0,2212.0
426.0,2204.0
427.0,2180.0
428.0,2176.0
429.0,2155.0
430.0,2175.0
431.0,2170.0
432.0,2177.0
433.0,2140.0
434.0,2170.0
435.0,2123.0
436.0,2151.0
437.0,2185.0
438.0,2143.0
439.0,2191.0
440.0,2205.0
441.0,2187.0
442.0,2239.0
443.0,2166.0
444.0,2168.0
445.0,2233.0
446.0,2197.0
447.0,2204.0
448.0,2176.0
449.0,2182.0
450.0,2221.0
451.0,2203.0
452.0,2194.0
453.0,2191.0
454.0,2195.0
455.0,2197.0
456.0,2179.0
457.0,2174.0
458.0,2200.0
459.0,2215.0
460.0,2247.0
461.0,2194.0
462.0,2212.0
463.0,2170.0
464.0,2191.0
465.0,2195.0
466.0,2242.0
467.0,2160.0
468.0,2182.0
469.0,2190.0
470.0,2196.0
471.0,2193.0
472.0,2211.0
473.0,2203.0
474.0,2207.0
475.0,2231.0
476.0,2195.0
477.0,2200.0
478.0,2241.0
479.0,2215.0
480.0,2213.0
481.0,2174.0
482.0,2180.0
483.0,2182.0
484.0,2244.0
485.0,2232.0
486.0,2173.0
487.0,2192.0
488.0,2194.0
489.0,2227.0
490.0,2188.0
491.0,2217.0
492.0,2203.0
493.0,2181.0
494.0,2215.0
495.0,2186.0
496.0,2175.0
497.0,2131.0
498.0,2196.0
499.0,2169.0
500.0,2157.0
501.0,2225.0
502.0,2185.0
503.0,2190.0
504.0,2224.0
505.0,2153.0
506.0,2181.0
507.0,2177.0
508.0,2198.0
509.0,2205.0
510.0,2158.0
511.0,2207.0
512.0,2179.0
513.0,2138.0
514.0,2170.0
515.0,2174.0
516.0,2165.0
517.0,2179.0
518.0,2167.0
519.0,2148.0
520.0,2137.0
521.0,2174.0
522.0,2116.0
523.0,2137.0
524.0,2176.0
525.0,2186.0
526.0,2106.0
527.0,2157.0
528.0,2135.0
529.0,2175.0
530.0,2116.0
531.0,2133.0
532.0,2139.0
533.0,2143.0
534.0,2126.0
535.0,2132.0
536.0,2141.0
537.0,2147.0
538.0,2097.0
539.0,2106.0
540.0,2111.0
541.0,2184.0
542.0,2116.0
543.0,2153.0
544.0,2070.0
545.0,2106.0
546.0,2113.0
547.0,2088.0
548.0,2078.0
549.0,2100.0
550.0,2061.0
551.0,2136.0
552.0,2123.0
553.0,2099.0
554.0,2120.0
555.0,2131.0
556.0,2092.0
557.0,2119.0
558.0,2060.0
559.0,2037.0
560.0,2101.0
561.0,2094.0
562.0,2050.0
563.0,2055.0
564.0,2093.0
565.0,2084.0
566.0,2074.0
567.0,2012.0
568.0,2037.0
569.0,2032.0
570.0,2065.0
571.0,1996.0
572.0,2006.0
573.0,2013.0
574.0,2019.0
575.0,1997.0
576.0,2014.0
577.0,2049.0
578.0,1984.0
579.0,1997.0
580.0,1986.0
581.0,2045.0
582.0,2027.0
583.0,2017.0
584.0,2007.0
585.0,1966.0
586.0,2020.0
587.0,1976.0
588.0,2013.0
589.0,2016.0
590.0,1974.0
591.0,1989.0
592.0,1971.0
593.0,1973.0
594.0,2002.0
595.0,1969.0
596.0,2010.0
597.0,1936.0
598.0,1969.0
599.0,1951.0
600.0,1936.0
601.0,1909.0
602.0,1963.0
603.0,1948.0
604.0,1912.0
605.0,1930.0
606.0,1946.0
607.0,1918.0
608.0,1921.0
609.0,1893.0
610.0,1911.0
611.0,1907.0
612.0,1883.0
613.0,1904.0
614.0,1880.0
615.0,1876.0
616.0,1919.0
617.0,1847.0
618.0,1866.0
619.0,1867.0
620.0,1889.0
621.0,1823.0
622.0,1886.0
623.0,1851.0
624.0,1825.0
625.0,1826.0
626.0,1826.0
627.0,1850.0
628.0,1846.0
629.0,1790.0
630.0,1834.0
631.0,1782.0
632.0,1804.0
633.0,1792.0
634.0,1768.0
635.0,1765.0
636.0,1786.0
637.0,1739.0
638.0,1776.0
639.0,1769.0
640.0,1756.0
641.0,1779.0
642.0,1773.0
643.0,1734.0
644.0,1768.0
645.0,1768.0
646.0,1775.0
647.0,1750.0
648.0,1750.0
649.0,1730.0
650.0,1697.0
651.0,1728.0
652.0,1732.0
653.0,1681.0
654.0,1707.0
655.0,1717.0
656.0,1717.0
657.0,1690.0
658.0,1702.0
659.0,1662.0
660.0,1652.0
661.0,1646.0
662.0,1666.0
663.0,1624.0
664.0,1649.0
665.0,1627.0
666.0,1626.0
667.0,1600.0
668.0,1592.0
669.0,1627.0
670.0,1620.0
671.0,1618.0
672.0,1585.0
673.0,1599.0
674.0,1583.0
675.0,1616.0
676.0,1583.0
677.0,1559.0
678.0,1561.0
679.0,1573.0
680.0,1591.0
681.0,1540.0
682.0,1534.0
683.0,1537.0
684.0,1502.0
685.0,1522.0
686.0,1546.0
687.0,1492.0
688.0,1479.0
689.0,1511.0
690.0,1490.0
691.0,1470.0
692.0,1478.0
693.0,1505.0
694.0,1477.0
695.0,1492.0
696.0,1456.0
697.0,1454.0
698.0,1476.0
699.0,1455.0
700.0,1407.0
701.0,1461.0
702.0,1454.0
703.0,1430.0
704.0,1428.0
705.0,1419.0
706.0,1389.0
707.0,1374.0
708.0,1383.0
709.0,1397.0
710.0,1369.0
711.0,1358.0
712.0,1368.0
713.0,1377.0
714.0,1358.0
715.0,1373.0
716.0,1335.0
717.0,1357.0
718.0,1349.0
719.0,1327.0
720.0,1350.0
721.0,1338.0
722.0,1311.0
723.0,1305.0
724.0,1315.0
725.0,1341.0
726.0,1288.0
727.0,1294.0
728.0,1308.0
729.0,1227.0
730.0,1249.0
731.0,1268.0
732.0,1250.0
733.0,1212.0
734.0,1218.0
735.0,1218.0
736.0,1185.0
737.0,1211.0
738.0,1197.0
739.0,1183.0
740.0,1211.0
741.0,1197.0
742.0,1204.0
743.0,1193.0
744.0,1163.0
745.0,1182.0
746.0,1165.0
747.0,1159.0
748.0,1155.0
749.0,1176.0
750.0,1129.0
751.0,1154.0
752.0,1152.0
753.0,1105.0
754.0,1116.0
755.0,1145.0
756.0,1068.0
757.0,1128.0
758.0,1105.0
759.0,1075.0
760.0,1069.0
761.0,1084.0
762.0,1086.0
763.0,1048.0
764.0,1048.0
765.0,1034.0
766.0,1062.0
767.0,1044.0
768.0,1064.0
769.0,1029.0
770.0,1024.0
771.0,1036.0
772.0,1028.0
773.0,1011.0
774.0,999.0
775.0,999.0
776.0,992.0
777.0,978.0
778.0,965.0
779.0,962.0
780.0,1023.0
781.0,972.0
782.0,983.0
783.0,960.0
784.0,960.0
785.0,958.0
786.0,968.0
787.0,935.0
788.0,925.0
789.0,928.0
790.0,923.0
791.0,911.0
792.0,913.0
793.0,936.0
794.0,907.0
795.0,875.0
796.0,883.0
797.0,877.0
798.0,897.0
799.0,890.0
800.0,880.0
801.0,890.0
802.0,850.0
803.0,834.0
804.0,854.0
805.0,861.0
806.0,875.0
807.0,831.0
808.0,829.0
809.0,798.0
810.0,823.0
811.0,831.0
812.0,834.0
813.0,818.0
814.0,785.0
815.0,798.0
816.0,768.0
817.0,779.0
818.0,780.0
819.0,765.0
820.0,799.0
821.0,756.0
822.0,791.0
823.0,782.0
824.0,766.0
825.0,780.0
826.0,737.0
827.0,715.0
828.0,749.0
829.0,734.0
830.0,769.0
831.0,729.0
832.0,731.0
833.0,713.0
834.0,710.0
835.0,700.0
836.0,720.0
837.0,708.0
838.0,696.0
839.0,692.0
840.0,692.0
841.0,713.0
842.0,690.0
843.0,674.0
844.0,687.0
845.0,663.0
846.0,661.0
847.0,653.0
848.0,656.0
849.0,631.0
850.0,685.0
851.0,669.0
852.0,666.0
853.0,644.0
854.0,639.0
855.0,619.0
856.0,649.0
857.0,633.0
858.0,625.0
859.0,623.0
860.0,647.0
861.0,633.0
862.0,600.0
863.0,605.0
864.0,617.0
865.0,611.0
866.0,582.0
867.0,619.0
868.0,592.0
869.0,583.0
870.0,584.0
871.0,579.0
872.0,552.0
873.0,567.0
874.0,574.0
875.0,563.0
876.0,565.0
877.0,575.0
878.0,544.0
879.0,530.0
880.0,565.0
881.0,562.0
882.0,566.0
883.0,558.0
884.0,559.0
885.0,568.0
886.0,546.0
887.0,548.0
888.0,536.0
889.0,530.0
890.0,526.0
891.0,507.0
892.0,503.0
893.0,515.0
894.0,515.0
895.0,539.0
896.0,500.0
897.0,482.0
898.0,517.0
899.0,501.0
900.0,506.0
901.0,515.0
902.0,511.0
903.0,514.0
904.0,513.0
905.0,503.0
906.0,502.0
907.0,494.0
908.0,487.0
909.0,462.0
910.0,467.0
911.0,466.0
912.0,462.0
913.0,461.0
914.0,446.0
915.0,443.0
916.0,440.0
917.0,440.0
918.0,448.0
919.0,444.0
920.0,487.0
921.0,463.0
922.0,469.0
923.0,463.0
924.0,443.0
925.0,464.0
926.0,460.0
927.0,452.0
928.0,438.0
929.0,432.0
930.0,446.0
931.0,445.0
932.0,432.0
933.0,423.0
934.0,421.0
935.0,415.0
936.0,431.0
937.0,431.0
938.0,425.0
939.0,427.0
940.0,440.0
941.0,436.0
942.0,399.0
943.0,418.0
944.0,425.0
945.0,418.0
946.0,421.0
947.0,403.0
948.0,414.0
949.0,409.0
950.0,429.0
951.0,407.0
952.0,412.0
953.0,410.0
954.0,384.0
955.0,377.0
956.0,361.0
957.0,384.0
958.0,394.0
959.0,384.0
960.0,429.0
961.0,396.0
962.0,403.0
963.0,411.0
964.0,409.0
965.0,399.0
966.0,384.0
967.0,386.0
968.0,383.0
969.0,383.0
970.0,392.0
971.0,366.0
972.0,371.0
973.0,378.0
974.0,356.0
975.0,367.0
976.0,376.0
977.0,381.0
978.0,359.0
979.0,346.0
980.0,408.0
981.0,394.0
982.0,394.0
983.0,369.0
984.0,392.0
985.0,371.0
986.0,374.0
987.0,376.0
988.0,367.0
989.0,381.0
990.0,354.0
991.0,365.0
992.0,367.0
993.0,363.0
994.0,355.0
995.0,360.0
996.0,340.0
997.0,352.0
998.0,342.0
999.0,344.0
1000.0,381.0
1001.0,378.0
1002.0,391.0
1003.0,359.0
1004.0,377.0
1005.0,351.0
1006.0,357.0
1007.0,392.0
1008.0,369.0
1009.0,376.0
1010.0,357.0
1011.0,331.0
1012.0,388.0
1013.0,358.0
1014.0,336.0
1015.0,360.0
1016.0,356.0
1017.0,358.0
1018.0,365.0
1019.0,331.0
1020.0,373.0
1021.0,360.0
1022.0,365.0
1023.0,370.0
