0.0,735.0
1.0,1120.0
2.0,1072.0
3.0,1121.0
4.0,1123.0
5.0,1124.0
6.0,1135.0
7.0,1174.0
8.0,1147.0
9.0,1213.0
10.0,1205.0
11.0,1202.0
12.0,1233.0
13.0,1247.0
14.0,1286.0
15.0,1282.0
16.0,1314.0
17.0,1315.0
18.0,1378.0
19.0,1358.0
20.0,1372.0
21.0,1349.0
22.0,1417.0
23.0,1425.0
24.0,1395.0
25.0,1452.0
26.0,1451.0
27.0,1462.0
28.0,1522.0
29.0,1535.0
30.0,1559.0
31.0,1513.0
32.0,1551.0
33.0,1584.0
34.0,1600.0
35.0,1594.0
36.0,1625.0
37.0,1656.0
38.0,1669.0
39.0,1669.0
40.0,1691.0
41.0,1671.0
42.0,1722.0
43.0,1752.0
44.0,1748.0
45.0,1821.0
46.0,1797.0
47.0,1829.0
48.0,1822.0
49.0,1869.0
50.0,1873.0
51.0,1883.0
52.0,1902.0
53.0,1916.0
54.0,2004.0
55.0,1969.0
56.0,1997.0
57.0,2003.0
58.0,2054.0
59.0,2071.0
60.0,2061.0
61.0,2118.0
62.0,2142.0
63.0,2148.0
64.0,2177.0
65.0,2191.0
66.0,2271.0
67.0,2252.0
68.0,2314.0
69.0,2250.0
70.0,2336.0
71.0,2322.0
72.0,2335.0
73.0,2462.0
74.0,2443.0
75.0,2456.0
76.0,2423.0
77.0,2468.0
78.0,2503.0
79.0,2507.0
80.0,2535.0
81.0,2520.0
82.0,2599.0
83.0,2636.0
84.0,2633.0
85.0,2613.0
86.0,2646.0
87.0,2680.0
88.0,2693.0
89.0,2757.0
90.0,2774.0
91.0,2777.0
92.0,2789.0
93.0,2832.0
94.0,2836.0
95.0,2921.0
96.0,2866.0
97.0,2879.0
98.0,2935.0
99.0,2989.0
100.0,3042.0
101.0,3075.0
102.0,3033.0
103.0,3070.0
104.0,3111.0
105.0,3182.0
106.0,3141.0
107.0,3186.0
108.0,3230.0
109.0,3258.0
110.0,3204.0
111.0,3222.0
112.0,3290.0
113.0,3335.0
114.0,3358.0
115.0,3426.0
116.0,3432.0
117.0,3410.0
118.0,3488.0
119.0,3510.0
120.0,3577.0
121.0,3620.0
122.0,3641.0
123.0,3565.0
124.0,3606.0
125.0,3645.0
126.0,3686.0
127.0,3725.0
128.0,3747.0
129.0,3727.0
130.0,3786.0
131.0,3816.0
132.0,3849.0
133.0,3828.0
134.0,3926.0
135.0,3952.0
136.0,4023.0
137.0,3981.0
138.0,4045.0
139.0,4028.0
140.0,4039.0
141.0,4186.0
142.0,4062.0
143.0,4177.0
144.0,4236.0
145.0,4275.0
146.0,4248.0
147.0,4332.0
148.0,4310.0
149.0,4344.0
150.0,4404.0
151.0,4478.0
152.0,4442.0
153.0,4473.0
154.0,4444.0
155.0,4552.0
156.0,4506.0
157.0,4611.0
158.0,4597.0
159.0,4616.0
160.0,4692.0
161.0,4819.0
162.0,4754.0
163.0,4810.0
164.0,4780.0
165.0,4850.0
166.0,4833.0
167.0,4872.0
168.0,4957.0
169.0,4988.0
170.0,5005.0
171.0,5040.0
172.0,5005.0
173.0,5055.0
174.0,5086.0
175.0,5132.0
176.0,5261.0
177.0,5134.0
178.0,5217.0
179.0,5253.0
180.0,5289.0
181.0,5428.0
182.0,5313.0
183.0,5373.0
184.0,5460.0
185.0,5485.0
186.0,5467.0
187.0,5524.0
188.0,5619.0
189.0,5573.0
190.0,5666.0
191.0,5638.0
192.0,5712.0
193.0,5693.0
194.0,5815.0
195.0,5808.0
196.0,5846.0
197.0,5828.0
198.0,5851.0
199.0,5962.0
200.0,5928.0
201.0,5960.0
202.0,6038.0
203.0,6071.0
204.0,6145.0
205.0,5961.0
206.0,6186.0
207.0,6248.0
208.0,6183.0
209.0,6272.0
210.0,6179.0
211.0,6280.0
212.0,6394.0
213.0,6306.0
214.0,6528.0
215.0,6442.0
216.0,6555.0
217.0,6485.0
218.0,6561.0
219.0,6461.0
220.0,6675.0
221.0,6594.0
222.0,6655.0
223.0,6587.0
224.0,6681.0
225.0,6820.0
226.0,6771.0
227.0,6752.0
228.0,6724.0
229.0,6842.0
230.0,6948.0
231.0,6930.0
232.0,6994.0
233.0,6983.0
234.0,7001.0
235.0,7024.0
236.0,7134.0
237.0,7070.0
238.0,7210.0
239.0,7108.0
240.0,7238.0
241.0,7215.0
242.0,7261.0
243.0,7147.0
244.0,7175.0
245.0,7380.0
246.0,7350.0
247.0,7342.0
248.0,7381.0
249.0,7467.0
250.0,7457.0
251.0,7477.0
252.0,7498.0
253.0,7533.0
254.0,7518.0
255.0,7594.0
256.0,7673.0
257.0,7667.0
258.0,7729.0
259.0,7676.0
260.0,7772.0
261.0,7795.0
262.0,7725.0
263.0,7756.0
264.0,7787.0
265.0,7873.0
266.0,7953.0
267.0,7906.0
268.0,7870.0
269.0,8039.0
270.0,8021.0
271.0,8073.0
272.0,8049.0
273.0,8037.0
274.0,8145.0
275.0,8184.0
276.0,8091.0
277.0,8199.0
278.0,8184.0
279.0,8367.0
280.0,8288.0
281.0,8228.0
282.0,8261.0
283.0,8362.0
284.0,8262.0
285.0,8466.0
286.0,8373.0
287.0,8522.0
288.0,8412.0
289.0,8349.0
290.0,8627.0
291.0,8733.0
292.0,8524.0
293.0,8645.0
294.0,8546.0
295.0,8682.0
296.0,8605.0
297.0,8781.0
298.0,8746.0
299.0,8796.0
300.0,8725.0
301.0,8834.0
302.0,8872.0
303.0,8942.0
304.0,8843.0
305.0,8894.0
306.0,8869.0
307.0,8872.0
308.0,8962.0
309.0,8962.0
310.0,9038.0
311.0,8961.0
312.0,9030.0
313.0,9097.0
314.0,9023.0
315.0,9117.0
316.0,9175.0
317.0,9053.0
318.0,9296.0
319.0,9196.0
320.0,9224.0
321.0,9239.0
322.0,9292.0
323.0,9294.0
324.0,9387.0
325.0,9331.0
326.0,9384.0
327.0,9422.0
328.0,9368.0
329.0,9524.0
330.0,9509.0
331.0,9446.0
332.0,9508.0
333.0,9413.0
334.0,9575.0
335.0,9715.0
336.0,9496.0
337.0,9661.0
338.0,9621.0
339.0,9706.0
340.0,9692.0
341.0,9722.0
342.0,9745.0
343.0,9719.0
344.0,9811.0
345.0,9834.0
346.0,9746.0
347.0,9870.0
348.0,9784.0
349.0,10031.0
350.0,9958.0
351.0,9902.0
352.0,9982.0
353.0,9830.0
354.0,10083.0
355.0,10012.0
356.0,10028.0
357.0,10017.0
358.0,10013.0
359.0,10105.0
360.0,10127.0
361.0,10183.0
362.0,10030.0
363.0,10151.0
364.0,10259.0
365.0,10167.0
366.0,10210.0
367.0,10200.0
368.0,10349.0
369.0,10311.0
370.0,10253.0
371.0,10322.0
372.0,10367.0
373.0,10335.0
374.0,10474.0
375.0,10201.0
376.0,10422.0
377.0,10487.0
378.0,10439.0
379.0,10428.0
380.0,10486.0
381.0,10412.0
382.0,10463.0
383.0,10566.0
384.0,10535.0
385.0,10524.0
386.0,10444.0
387.0,10608.0
388.0,10609.0
389.0,10567.0
390.0,10556.0
391.0,10609.0
392.0,10785.0
393.0,10711.0
394.0,10712.0
395.0,10611.0
396.0,10674.0
397.0,10756.0
398.0,10843.0
399.0,10729.0
400.0,10750.0
401.0,10724.0
402.0,10917.0
403.0,10772.0
404.0,10651.0
405.0,10789.0
406.0,10882.0
407.0,10845.0
408.0,10910.0
409.0,10898.0
410.0,10798.0
411.0,10782.0
412.0,10978.0
413.0,10926.0
414.0,10943.0
415.0,10913.0
416.0,11071.0
417.0,10891.0
418.0,11019.0
419.0,11207.0
420.0,10894.0
421.0,10999.0
422.0,11063.0
423.0,11013.0
424.0,10919.0
425.0,11008.0
426.0,11009.0
427.0,11016.0
428.0,11100.0
429.0,11072.0
430.0,11100.0
431.0,11119.0
432.0,11180.0
433.0,11219.0
434.0,10970.0
435.0,11091.0
436.0,11166.0
437.0,11247.0
438.0,11053.0
439.0,11212.0
440.0,11255.0
441.0,11298.0
442.0,11445.0
443.0,11069.0
444.0,11195.0
445.0,11152.0
446.0,11299.0
447.0,11253.0
448.0,11176.0
449.0,11182.0
450.0,11232.0
451.0,11379.0
452.0,11347.0
453.0,11234.0
454.0,11251.0
455.0,11350.0
456.0,11239.0
457.0,11389.0
458.0,11456.0
459.0,11087.0
460.0,11440.0
461.0,11416.0
462.0,11287.0
463.0,11368.0
464.0,11364.0
465.0,11378.0
466.0,11445.0
467.0,11344.0
468.0,11246.0
469.0,11486.0
470.0,11399.0
471.0,11209.0
472.0,11435.0
473.0,11387.0
474.0,11349.0
475.0,11348.0
476.0,11354.0
477.0,11270.0
478.0,11334.0
479.0,11224.0
480.0,11432.0
481.0,11272.0
482.0,11334.0
483.0,11215.0
484.0,11369.0
485.0,11430.0
486.0,11466.0
487.0,11339.0
488.0,11252.0
489.0,11389.0
490.0,11383.0
491.0,11281.0
492.0,11310.0
493.0,11365.0
494.0,11415.0
495.0,11340.0
496.0,11383.0
497.0,11384.0
498.0,11299.0
499.0,11339.0
500.0,11344.0
501.0,11249.0
502.0,11118.0
503.0,11445.0
504.0,11320.0
505.0,11296.0
506.0,11229.0
507.0,11199.0
508.0,11264.0
509.0,11365.0
510.0,11321.0
511.0,11401.0
512.0,11242.0
513.0,11286.0
514.0,11158.0
515.0,11278.0
516.0,11265.0
517.0,11010.0
518.0,11194.0
519.0,11161.0
520.0,11176.0
521.0,11218.0
522.0,11215.0
523.0,10949.0
524.0,11257.0
525.0,10990.0
526.0,11242.0
527.0,11114.0
528.0,10989.0
529.0,11167.0
530.0,11034.0
531.0,11103.0
532.0,11058.0
533.0,11121.0
534.0,11095.0
535.0,11014.0
536.0,10980.0
537.0,11075.0
538.0,11094.0
539.0,11050.0
540.0,10924.0
541.0,11079.0
542.0,11028.0
543.0,11089.0
544.0,10969.0
545.0,10863.0
546.0,10917.0
547.0,10950.0
548.0,10956.0
549.0,10819.0
550.0,10914.0
551.0,10897.0
552.0,10796.0
553.0,10882.0
554.0,10779.0
555.0,10802.0
556.0,10809.0
557.0,10779.0
558.0,10850.0
559.0,10617.0
560.0,10816.0
561.0,10832.0
562.0,10770.0
563.0,10662.0
564.0,10651.0
565.0,10737.0
566.0,10683.0
567.0,10643.0
568.0,10667.0
569.0,10541.0
570.0,10649.0
571.0,10607.0
572.0,10631.0
573.0,10520.0
574.0,10559.0
575.0,10523.0
576.0,10491.0
577.0,10530.0
578.0,10582.0
579.0,10417.0
580.0,10440.0
581.0,10562.0
582.0,10304.0
583.0,10460.0
584.0,10361.0
585.0,10466.0
586.0,10314.0
587.0,10286.0
588.0,10374.0
589.0,10305.0
590.0,10317.0
591.0,10357.0
592.0,10155.0
593.0,10249.0
594.0,10222.0
595.0,10198.0
596.0,10234.0
597.0,10174.0
598.0,10110.0
599.0,10068.0
600.0,10270.0
601.0,10216.0
602.0,9987.0
603.0,10017.0
604.0,10132.0
605.0,10035.0
606.0,9941.0
607.0,10085.0
608.0,9995.0
609.0,9970.0
610.0,9906.0
611.0,9779.0
612.0,10009.0
613.0,9889.0
614.0,9859.0
615.0,9760.0
616.0,9779.0
617.0,9797.0
618.0,9837.0
619.0,9692.0
620.0,9925.0
621.0,9543.0
622.0,9792.0
623.0,9727.0
624.0,9589.0
625.0,9714.0
626.0,9517.0
627.0,9709.0
628.0,9589.0
629.0,9414.0
630.0,9524.0
631.0,9569.0
632.0,9604.0
633.0,9481.0
634.0,9404.0
635.0,9452.0
636.0,9390.0
637.0,9395.0
638.0,9427.0
639.0,9256.0
640.0,9294.0
641.0,9318.0
642.0,9351.0
643.0,9308.0
644.0,9122.0
645.0,9392.0
646.0,9146.0
647.0,9344.0
648.0,9136.0
649.0,9086.0
650.0,9164.0
651.0,9120.0
652.0,9075.0
653.0,9023.0
654.0,8936.0
655.0,9021.0
656.0,8995.0
657.0,8857.0
658.0,8854.0
659.0,8898.0
660.0,8881.0
661.0,8784.0
662.0,8919.0
663.0,8795.0
664.0,8813.0
665.0,8778.0
666.0,8723.0
667.0,8714.0
668.0,8713.0
669.0,8717.0
670.0,8683.0
671.0,8534.0
672.0,8595.0
673.0,8543.0
674.0,8617.0
675.0,8567.0
676.0,8466.0
677.0,8517.0
678.0,8489.0
679.0,8395.0
680.0,8450.0
681.0,8199.0
682.0,8452.0
683.0,8247.0
684.0,8321.0
685.0,8296.0
686.0,8150.0
687.0,8252.0
688.0,8172.0
689.0,8181.0
690.0,8051.0
691.0,8076.0
692.0,8051.0
693.0,8052.0
694.0,8032.0
695.0,8001.0
696.0,7918.0
697.0,7986.0
698.0,8014.0
699.0,7893.0
700.0,7776.0
701.0,7831.0
702.0,7859.0
703.0,7768.0
704.0,7812.0
705.0,7722.0
706.0,7700.0
707.0,7719.0
708.0,7717.0
709.0,7632.0
710.0,7669.0
711.0,7639.0
712.0,7534.0
713.0,7439.0
714.0,7504.0
715.0,7444.0
716.0,7498.0
717.0,7382.0
718.0,7406.0
719.0,7324.0
720.0,7345.0
721.0,7422.0
722.0,7286.0
723.0,7240.0
724.0,7225.0
725.0,7214.0
726.0,7160.0
727.0,7090.0
728.0,7081.0
729.0,7143.0
730.0,6987.0
731.0,7165.0
732.0,6911.0
733.0,6964.0
734.0,7004.0
735.0,6865.0
736.0,6897.0
737.0,6821.0
738.0,6902.0
739.0,6789.0
740.0,6769.0
741.0,6782.0
742.0,6668.0
743.0,6709.0
744.0,6699.0
745.0,6594.0
746.0,6576.0
747.0,6553.0
748.0,6498.0
749.0,6474.0
750.0,6432.0
751.0,6492.0
752.0,6399.0
753.0,6435.0
754.0,6269.0
755.0,6420.0
756.0,6227.0
757.0,6260.0
758.0,6219.0
759.0,6275.0
760.0,6189.0
761.0,6054.0
762.0,6151.0
763.0,6078.0
764.0,6128.0
765.0,6006.0
766.0,5979.0
767.0,5979.0
768.0,5925.0
769.0,5907.0
770.0,5834.0
771.0,5828.0
772.0,5817.0
773.0,5858.0
774.0,5746.0
775.0,5713.0
776.0,5806.0
777.0,5647.0
778.0,5616.0
779.0,5579.0
780.0,5610.0
781.0,5590.0
782.0,5525.0
783.0,5450.0
784.0,5503.0
785.0,5354.0
786.0,5437.0
787.0,5404.0
788.0,5335.0
789.0,5271.0
790.0,5291.0
791.0,5330.0
792.0,5178.0
793.0,5116.0
794.0,5171.0
795.0,5160.0
796.0,5158.0
797.0,5030.0
798.0,5002.0
799.0,5001.0
800.0,4999.0
801.0,4954.0
802.0,4986.0
803.0,4929.0
804.0,4933.0
805.0,4948.0
806.0,4755.0
807.0,4761.0
808.0,4744.0
809.0,4807.0
810.0,4658.0
811.0,4733.0
812.0,4703.0
813.0,4627.0
814.0,4661.0
815.0,4517.0
816.0,4499.0
817.0,4586.0
818.0,4534.0
819.0,4430.0
820.0,4352.0
821.0,4448.0
822.0,4420.0
823.0,4355.0
824.0,4213.0
825.0,4266.0
826.0,4260.0
827.0,4297.0
828.0,4213.0
829.0,4169.0
830.0,4192.0
831.0,4162.0
832.0,4081.0
833.0,4102.0
834.0,4100.0
835.0,3994.0
836.0,3941.0
837.0,3991.0
838.0,3980.0
839.0,3859.0
840.0,3868.0
841.0,3869.0
842.0,3775.0
843.0,3818.0
844.0,3768.0
845.0,3706.0
846.0,3763.0
847.0,3694.0
848.0,3614.0
849.0,3693.0
850.0,3591.0
851.0,3611.0
852.0,3580.0
853.0,3613.0
854.0,3531.0
855.0,3473.0
856.0,3455.0
857.0,3416.0
858.0,3416.0
859.0,3349.0
860.0,3428.0
861.0,3349.0
862.0,3287.0
863.0,3342.0
864.0,3325.0
865.0,3255.0
866.0,3149.0
867.0,3187.0
868.0,3192.0
869.0,3165.0
870.0,3124.0
871.0,3125.0
872.0,3076.0
873.0,3064.0
874.0,3017.0
875.0,3026.0
876.0,2962.0
877.0,2976.0
878.0,2947.0
879.0,2909.0
880.0,2922.0
881.0,2858.0
882.0,2878.0
883.0,2842.0
884.0,2803.0
885.0,2814.0
886.0,2793.0
887.0,2727.0
888.0,2755.0
889.0,2736.0
890.0,2631.0
891.0,2703.0
892.0,2625.0
893.0,2593.0
894.0,2573.0
895.0,2613.0
896.0,2542.0
897.0,2538.0
898.0,2487.0
899.0,2519.0
900.0,2455.0
901.0,2457.0
902.0,2425.0
903.0,2356.0
904.0,2450.0
905.0,2352.0
906.0,2370.0
907.0,2286.0
908.0,2270.0
909.0,2310.0
910.0,2258.0
911.0,2267.0
912.0,2208.0
913.0,2176.0
914.0,2179.0
915.0,2175.0
916.0,2151.0
917.0,2092.0
918.0,2142.0
919.0,2076.0
920.0,2065.0
921.0,2046.0
922.0,2055.0
923.0,2009.0
924.0,1957.0
925.0,1992.0
926.0,1924.0
927.0,1959.0
928.0,1932.0
929.0,1885.0
930.0,1866.0
931.0,1835.0
932.0,1857.0
933.0,1779.0
934.0,1849.0
935.0,1773.0
936.0,1783.0
937.0,1754.0
938.0,1725.0
939.0,1719.0
940.0,1711.0
941.0,1688.0
942.0,1685.0
943.0,1644.0
944.0,1639.0
945.0,1602.0
946.0,1641.0
947.0,1617.0
948.0,1567.0
949.0,1525.0
950.0,1525.0
951.0,1498.0
952.0,1529.0
953.0,1555.0
954.0,1492.0
955.0,1463.0
956.0,1439.0
957.0,1423.0
958.0,1421.0
959.0,1412.0
960.0,1414.0
961.0,1381.0
962.0,1347.0
963.0,1385.0
964.0,1339.0
965.0,1276.0
966.0,1297.0
967.0,1281.0
968.0,1304.0
969.0,1277.0
970.0,1235.0
971.0,1238.0
972.0,1229.0
973.0,1201.0
974.0,1178.0
975.0,1152.0
976.0,1158.0
977.0,1151.0
978.0,1150.0
979.0,1090.0
980.0,1107.0
981.0,1070.0
982.0,1116.0
983.0,1066.0
984.0,1060.0
985.0,1054.0
986.0,1030.0
987.0,1025.0
988.0,1036.0
989.0,1002.0
990.0,968.0
991.0,986.0
992.0,945.0
993.0,963.0
994.0,942.0
995.0,922.0
996.0,912.0
997.0,899.0
998.0,871.0
999.0,866.0
1000.0,880.0
1001.0,867.0
1002.0,862.0
1003.0,838.0
1004.0,836.0
1005.0,822.0
1006.0,824.0
1007.0,805.0
1008.0,792.0
1009.0,780.0
1010.0,781.0
1011.0,749.0
1012.0,762.0
1013.0,764.0
1014.0,755.0
1015.0,715.0
1016.0,751.0
1017.0,707.0
1018.0,698.0
1019.0,683.0
1020.0,691.0
1021.0,680.0
1022.0,662.0
1023.0,691.0
