0.0,233.0
1.0,363.0
2.0,393.0
3.0,411.0
4.0,436.0
5.0,457.0
6.0,459.0
7.0,466.0
8.0,454.0
9.0,483.0
10.0,511.0
11.0,543.0
12.0,548.0
13.0,552.0
14.0,585.0
15.0,627.0
16.0,643.0
17.0,650.0
18.0,689.0
19.0,703.0
20.0,768.0
21.0,764.0
22.0,808.0
23.0,854.0
24.0,857.0
25.0,869.0
26.0,908.0
27.0,943.0
28.0,975.0
29.0,984.0
30.0,1031.0
31.0,1036.0
32.0,1074.0
33.0,1143.0
34.0,1149.0
35.0,1161.0
36.0,1211.0
37.0,1253.0
38.0,1296.0
39.0,1295.0
40.0,1340.0
41.0,1398.0
42.0,1375.0
43.0,1420.0
44.0,1495.0
45.0,1468.0
46.0,1509.0
47.0,1560.0
48.0,1599.0
49.0,1647.0
50.0,1674.0
51.0,1729.0
52.0,1769.0
53.0,1833.0
54.0,1814.0
55.0,1869.0
56.0,1912.0
57.0,1933.0
58.0,1995.0
59.0,2002.0
60.0,2069.0
61.0,2129.0
62.0,2159.0
63.0,2206.0
64.0,2245.0
65.0,2248.0
66.0,2315.0
67.0,2348.0
68.0,2428.0
69.0,2440.0
70.0,2473.0
71.0,2510.0
72.0,2558.0
73.0,2621.0
74.0,2665.0
75.0,2757.0
76.0,2758.0
77.0,2790.0
78.0,2877.0
79.0,2904.0
80.0,2957.0
81.0,2962.0
82.0,3017.0
83.0,3071.0
84.0,3157.0
85.0,3185.0
86.0,3273.0
87.0,3287.0
88.0,3347.0
89.0,3373.0
90.0,3450.0
91.0,3472.0
92.0,3509.0
93.0,3621.0
94.0,3628.0
95.0,3684.0
96.0,3768.0
97.0,3839.0
98.0,3888.0
99.0,3985.0
100.0,3940.0
101.0,4030.0
102.0,4103.0
103.0,4164.0
104.0,4275.0
105.0,4256.0
106.0,4287.0
107.0,4469.0
108.0,4400.0
109.0,4505.0
110.0,4675.0
111.0,4516.0
112.0,4710.0
113.0,4688.0
114.0,4847.0
115.0,4884.0
116.0,4917.0
117.0,4968.0
118.0,5011.0
119.0,5069.0
120.0,5108.0
121.0,5221.0
122.0,5312.0
123.0,5374.0
124.0,5366.0
125.0,5448.0
126.0,5559.0
127.0,5548.0
128.0,5714.0
129.0,5707.0
130.0,5784.0
131.0,5900.0
132.0,5938.0
133.0,6000.0
134.0,5974.0
135.0,6140.0
136.0,6203.0
137.0,6195.0
138.0,6309.0
139.0,6404.0
140.0,6394.0
141.0,6549.0
142.0,6539.0
143.0,6606.0
144.0,6744.0
145.0,6781.0
146.0,6825.0
147.0,6993.0
148.0,6938.0
149.0,7060.0
150.0,7167.0
151.0,7168.0
152.0,7363.0
153.0,7352.0
154.0,7391.0
155.0,7496.0
156.0,7547.0
157.0,7605.0
158.0,7763.0
159.0,7761.0
160.0,7817.0
161.0,7848.0
162.0,8024.0
163.0,8118.0
164.0,8233.0
165.0,8273.0
166.0,8186.0
167.0,8415.0
168.0,8493.0
169.0,8512.0
170.0,8676.0
171.0,8691.0
172.0,8900.0
173.0,8757.0
174.0,9005.0
175.0,9061.0
176.0,9086.0
177.0,9099.0
178.0,9319.0
179.0,9310.0
180.0,9423.0
181.0,9529.0
182.0,9638.0
183.0,9530.0
184.0,9669.0
185.0,9841.0
186.0,10015.0
187.0,10054.0
188.0,10145.0
189.0,10191.0
190.0,10269.0
191.0,10296.0
192.0,10365.0
193.0,10455.0
194.0,10431.0
195.0,10598.0
196.0,10707.0
197.0,10875.0
198.0,10963.0
199.0,10892.0
200.0,11037.0
201.0,11153.0
202.0,11096.0
203.0,11417.0
204.0,11467.0
205.0,11416.0
206.0,11508.0
207.0,11609.0
208.0,11575.0
209.0,11864.0
210.0,11991.0
211.0,11783.0
212.0,12056.0
213.0,12037.0
214.0,12204.0
215.0,12295.0
216.0,12395.0
217.0,12310.0
218.0,12427.0
219.0,12418.0
220.0,12740.0
221.0,12787.0
222.0,12816.0
223.0,12891.0
224.0,12937.0
225.0,12855.0
226.0,13117.0
227.0,13233.0
228.0,13165.0
229.0,13306.0
230.0,13174.0
231.0,13228.0
232.0,13438.0
233.0,13544.0
234.0,13456.0
235.0,13568.0
236.0,13477.0
237.0,13619.0
238.0,13782.0
239.0,13817.0
240.0,13809.0
241.0,13813.0
242.0,13974.0
243.0,13985.0
244.0,14052.0
245.0,14121.0
246.0,13963.0
247.0,14231.0
248.0,14121.0
249.0,14161.0
250.0,14348.0
251.0,14357.0
252.0,14333.0
253.0,14522.0
254.0,14351.0
255.0,14556.0
256.0,14683.0
257.0,14680.0
258.0,14618.0
259.0,14661.0
260.0,14709.0
261.0,15033.0
262.0,14962.0
263.0,14998.0
264.0,14855.0
265.0,14977.0
266.0,15091.0
267.0,15145.0
268.0,15161.0
269.0,15423.0
270.0,14988.0
271.0,15270.0
272.0,15193.0
273.0,15422.0
274.0,15423.0
275.0,15477.0
276.0,15243.0
277.0,15452.0
278.0,15581.0
279.0,15728.0
280.0,15596.0
281.0,15750.0
282.0,15453.0
283.0,15676.0
284.0,15927.0
285.0,15948.0
286.0,15851.0
287.0,15762.0
288.0,15845.0
289.0,16078.0
290.0,16101.0
291.0,16115.0
292.0,16033.0
293.0,16086.0
294.0,15963.0
295.0,16142.0
296.0,16286.0
297.0,16260.0
298.0,16261.0
299.0,16232.0
300.0,16294.0
301.0,16242.0
302.0,16372.0
303.0,16601.0
304.0,16451.0
305.0,16395.0
306.0,16475.0
307.0,16626.0
308.0,16678.0
309.0,16499.0
310.0,16535.0
311.0,16660.0
312.0,16635.0
313.0,16711.0
314.0,17039.0
315.0,16753.0
316.0,16749.0
317.0,16732.0
318.0,16887.0
319.0,16966.0
320.0,17130.0
321.0,16977.0
322.0,17014.0
323.0,17203.0
324.0,16983.0
325.0,17176.0
326.0,17282.0
327.0,17282.0
328.0,17150.0
329.0,16944.0
330.0,17226.0
331.0,17338.0
332.0,17303.0
333.0,17310.0
334.0,17141.0
335.0,17267.0
336.0,17476.0
337.0,17450.0
338.0,17428.0
339.0,17311.0
340.0,17372.0
341.0,17497.0
342.0,17617.0
343.0,17711.0
344.0,17854.0
345.0,17482.0
346.0,17501.0
347.0,17835.0
348.0,17605.0
349.0,17956.0
350.0,17687.0
351.0,17677.0
352.0,17749.0
353.0,17902.0
354.0,18138.0
355.0,17937.0
356.0,17834.0
357.0,17704.0
358.0,17907.0
359.0,17939.0
360.0,18116.0
361.0,18075.0
362.0,18013.0
363.0,18051.0
364.0,18073.0
365.0,18265.0
366.0,18252.0
367.0,18214.0
368.0,18005.0
369.0,18238.0
370.0,18284.0
371.0,18332.0
372.0,18246.0
373.0,18172.0
374.0,18311.0
375.0,18336.0
376.0,18498.0
377.0,18402.0
378.0,18236.0
379.0,18587.0
380.0,18143.0
381.0,18580.0
382.0,18620.0
383.0,18794.0
384.0,18365.0
385.0,18527.0
386.0,18481.0
387.0,18616.0
388.0,18830.0
389.0,18807.0
390.0,18637.0
391.0,18448.0
392.0,18582.0
393.0,18836.0
394.0,19062.0
395.0,18714.0
396.0,18690.0
397.0,18612.0
398.0,18820.0
399.0,18826.0
400.0,18851.0
401.0,18634.0
402.0,18891.0
403.0,18876.0
404.0,18805.0
405.0,19218.0
406.0,18981.0
407.0,18972.0
408.0,18802.0
409.0,19068.0
410.0,18991.0
411.0,19143.0
412.0,19100.0
413.0,18896.0
414.0,19149.0
415.0,19000.0
416.0,19234.0
417.0,19240.0
418.0,19047.0
419.0,19174.0
420.0,19032.0
421.0,19285.0
422.0,19322.0
423.0,19145.0
424.0,19395.0
425.0,18989.0
426.0,19154.0
427.0,19264.0
428.0,19452.0
429.0,19058.0
430.0,19242.0
431.0,19091.0
432.0,19328.0
433.0,19605.0
434.0,19452.0
435.0,19215.0
436.0,19045.0
437.0,19200.0
438.0,19473.0
439.0,19390.0
440.0,19383.0
441.0,19266.0
442.0,19347.0
443.0,19316.0
444.0,19466.0
445.0,19359.0
446.0,19529.0
447.0,19428.0
448.0,19104.0
449.0,19464.0
450.0,19612.0
451.0,19481.0
452.0,19450.0
453.0,19531.0
454.0,19387.0
455.0,19582.0
456.0,19502.0
457.0,19516.0
458.0,19539.0
459.0,19291.0
460.0,19693.0
461.0,19619.0
462.0,19647.0
463.0,19628.0
464.0,19668.0
465.0,19454.0
466.0,19744.0
467.0,19619.0
468.0,19774.0
469.0,19681.0
470.0,19526.0
471.0,19630.0
472.0,19832.0
473.0,19962.0
474.0,19608.0
475.0,19602.0
476.0,19682.0
477.0,19543.0
478.0,19867.0
479.0,19671.0
480.0,19520.0
481.0,19544.0
482.0,19722.0
483.0,19741.0
484.0,19673.0
485.0,19713.0
486.0,19797.0
487.0,19767.0
488.0,19558.0
489.0,19834.0
490.0,19832.0
491.0,19844.0
492.0,19783.0
493.0,19459.0
494.0,19943.0
495.0,20040.0
496.0,19663.0
497.0,19695.0
498.0,19685.0
499.0,19693.0
500.0,19840.0
501.0,19782.0
502.0,19912.0
503.0,19363.0
504.0,19749.0
505.0,19851.0
506.0,19803.0
507.0,19926.0
508.0,19658.0
509.0,19461.0
510.0,19849.0
511.0,19790.0
512.0,19807.0
513.0,19733.0
514.0,19684.0
515.0,19634.0
516.0,19627.0
517.0,19968.0
518.0,19859.0
519.0,19737.0
520.0,19632.0
521.0,19598.0
522.0,19847.0
523.0,19941.0
524.0,19502.0
525.0,19690.0
526.0,19729.0
527.0,19623.0
528.0,19776.0
529.0,19902.0
530.0,19813.0
531.0,19702.0
532.0,19679.0
533.0,19748.0
534.0,19750.0
535.0,19710.0
536.0,19669.0
537.0,19577.0
538.0,19459.0
539.0,19670.0
540.0,19777.0
541.0,19763.0
542.0,19575.0
543.0,19528.0
544.0,19927.0
545.0,19651.0
546.0,19668.0
547.0,19594.0
548.0,19576.0
549.0,19363.0
550.0,19748.0
551.0,19852.0
552.0,19561.0
553.0,19572.0
554.0,19510.0
555.0,19651.0
556.0,19744.0
557.0,19468.0
558.0,19587.0
559.0,19377.0
560.0,19528.0
561.0,19328.0
562.0,19660.0
563.0,19320.0
564.0,19544.0
565.0,19333.0
566.0,19580.0
567.0,19444.0
568.0,19578.0
569.0,19382.0
570.0,19282.0
571.0,19219.0
572.0,19512.0
573.0,19508.0
574.0,19389.0
575.0,19252.0
576.0,19035.0
577.0,19361.0
578.0,19579.0
579.0,19342.0
580.0,19422.0
581.0,19233.0
582.0,19154.0
583.0,19337.0
584.0,19348.0
585.0,19165.0
586.0,19241.0
587.0,19020.0
588.0,19192.0
589.0,19526.0
590.0,19193.0
591.0,19086.0
592.0,19005.0
593.0,19019.0
594.0,19010.0
595.0,19229.0
596.0,18987.0
597.0,18780.0
598.0,18888.0
599.0,18913.0
600.0,19030.0
601.0,19071.0
602.0,18941.0
603.0,18841.0
604.0,18800.0
605.0,18737.0
606.0,19002.0
607.0,18888.0
608.0,18750.0
609.0,18480.0
610.0,18853.0
611.0,18742.0
612.0,18920.0
613.0,18687.0
614.0,18371.0
615.0,18702.0
616.0,18746.0
617.0,18833.0
618.0,18551.0
619.0,18575.0
620.0,18429.0
621.0,18730.0
622.0,18577.0
623.0,18567.0
624.0,18550.0
625.0,18385.0
626.0,18264.0
627.0,18433.0
628.0,18422.0
629.0,18324.0
630.0,18190.0
631.0,18344.0
632.0,18289.0
633.0,18504.0
634.0,18085.0
635.0,18246.0
636.0,17984.0
637.0,17922.0
638.0,18265.0
639.0,18126.0
640.0,18138.0
641.0,17978.0
642.0,17781.0
643.0,17962.0
644.0,17870.0
645.0,18076.0
646.0,17928.0
647.0,17671.0
648.0,17952.0
649.0,17913.0
650.0,17775.0
651.0,17759.0
652.0,17442.0
653.0,17635.0
654.0,17709.0
655.0,17637.0
656.0,17653.0
657.0,17537.0
658.0,17377.0
659.0,17537.0
660.0,17605.0
661.0,17729.0
662.0,17318.0
663.0,17439.0
664.0,17275.0
665.0,17395.0
666.0,17454.0
667.0,17410.0
668.0,17110.0
669.0,17159.0
670.0,17083.0
671.0,17139.0
672.0,17184.0
673.0,17186.0
674.0,16965.0
675.0,16962.0
676.0,16786.0
677.0,17156.0
678.0,16975.0
679.0,16899.0
680.0,16645.0
681.0,16763.0
682.0,16845.0
683.0,16781.0
684.0,16543.0
685.0,16549.0
686.0,16403.0
687.0,16720.0
688.0,16660.0
689.0,16562.0
690.0,16695.0
691.0,16321.0
692.0,16276.0
693.0,16518.0
694.0,16310.0
695.0,16301.0
696.0,16120.0
697.0,15974.0
698.0,16096.0
699.0,16339.0
700.0,16046.0
701.0,16049.0
702.0,15900.0
703.0,16099.0
704.0,15989.0
705.0,15950.0
706.0,15946.0
707.0,15760.0
708.0,15666.0
709.0,15735.0
710.0,15831.0
711.0,15589.0
712.0,15604.0
713.0,15388.0
714.0,15185.0
715.0,15732.0
716.0,15571.0
717.0,15447.0
718.0,15186.0
719.0,15355.0
720.0,15287.0
721.0,15339.0
722.0,15186.0
723.0,14895.0
724.0,15120.0
725.0,14879.0
726.0,15289.0
727.0,14942.0
728.0,14793.0
729.0,14955.0
730.0,14706.0
731.0,14807.0
732.0,14897.0
733.0,14776.0
734.0,14675.0
735.0,14519.0
736.0,14538.0
737.0,14569.0
738.0,14524.0
739.0,14332.0
740.0,14251.0
741.0,14267.0
742.0,14357.0
743.0,14292.0
744.0,14442.0
745.0,14112.0
746.0,14162.0
747.0,14061.0
748.0,14201.0
749.0,14137.0
750.0,14023.0
751.0,13883.0
752.0,13937.0
753.0,13706.0
754.0,14050.0
755.0,13621.0
756.0,13547.0
757.0,13488.0
758.0,13748.0
759.0,13622.0
760.0,13599.0
761.0,13449.0
762.0,13352.0
763.0,13507.0
764.0,13415.0
765.0,13331.0
766.0,13296.0
767.0,13121.0
768.0,13131.0
769.0,13066.0
770.0,13166.0
771.0,12974.0
772.0,12815.0
773.0,12970.0
774.0,12888.0
775.0,13017.0
776.0,12892.0
777.0,12831.0
778.0,12613.0
779.0,12760.0
780.0,12645.0
781.0,12745.0
782.0,12605.0
783.0,12300.0
784.0,12362.0
785.0,12250.0
786.0,12565.0
787.0,12396.0
788.0,12213.0
789.0,12070.0
790.0,12223.0
791.0,12172.0
792.0,12025.0
793.0,11964.0
794.0,12003.0
795.0,12011.0
796.0,11901.0
797.0,11922.0
798.0,11722.0
799.0,11684.0
800.0,11749.0
801.0,11734.0
802.0,11708.0
803.0,11636.0
804.0,11602.0
805.0,11367.0
806.0,11344.0
807.0,11558.0
808.0,11419.0
809.0,11285.0
810.0,11187.0
811.0,11193.0
812.0,11072.0
813.0,11087.0
814.0,11081.0
815.0,10971.0
816.0,10980.0
817.0,10941.0
818.0,11067.0
819.0,11035.0
820.0,10761.0
821.0,10768.0
822.0,10660.0
823.0,10897.0
824.0,10673.0
825.0,10603.0
826.0,10382.0
827.0,10426.0
828.0,10393.0
829.0,10469.0
830.0,10499.0
831.0,10324.0
832.0,10209.0
833.0,10306.0
834.0,10258.0
835.0,10184.0
836.0,9979.0
837.0,9958.0
838.0,9928.0
839.0,10022.0
840.0,10002.0
841.0,9954.0
842.0,9702.0
843.0,9807.0
844.0,9791.0
845.0,9779.0
846.0,9721.0
847.0,9561.0
848.0,9597.0
849.0,9454.0
850.0,9745.0
851.0,9421.0
852.0,9353.0
853.0,9286.0
854.0,9267.0
855.0,9294.0
856.0,9339.0
857.0,9052.0
858.0,9071.0
859.0,9184.0
860.0,9024.0
861.0,9167.0
862.0,9041.0
863.0,8922.0
864.0,8904.0
865.0,8820.0
866.0,8796.0
867.0,8739.0
868.0,8648.0
869.0,8657.0
870.0,8461.0
871.0,8537.0
872.0,8593.0
873.0,8481.0
874.0,8393.0
875.0,8486.0
876.0,8284.0
877.0,8406.0
878.0,8319.0
879.0,8233.0
880.0,8058.0
881.0,8142.0
882.0,8142.0
883.0,8053.0
884.0,7954.0
885.0,7973.0
886.0,7962.0
887.0,7934.0
888.0,7971.0
889.0,7794.0
890.0,7821.0
891.0,7651.0
892.0,7663.0
893.0,7642.0
894.0,7631.0
895.0,7512.0
896.0,7480.0
897.0,7544.0
898.0,7393.0
899.0,7329.0
900.0,7266.0
901.0,7235.0
902.0,7235.0
903.0,7288.0
904.0,7235.0
905.0,7115.0
906.0,7102.0
907.0,7089.0
908.0,6989.0
909.0,7046.0
910.0,6922.0
911.0,6834.0
912.0,6797.0
913.0,6719.0
914.0,6719.0
915.0,6728.0
916.0,6598.0
917.0,6648.0
918.0,6656.0
919.0,6530.0
920.0,6602.0
921.0,6412.0
922.0,6467.0
923.0,6456.0
924.0,6425.0
925.0,6374.0
926.0,6216.0
927.0,6221.0
928.0,6127.0
929.0,6113.0
930.0,6185.0
931.0,6093.0
932.0,6049.0
933.0,5962.0
934.0,6000.0
935.0,6014.0
936.0,5869.0
937.0,5879.0
938.0,5756.0
939.0,5824.0
940.0,5805.0
941.0,5744.0
942.0,5596.0
943.0,5606.0
944.0,5595.0
945.0,5605.0
946.0,5477.0
947.0,5524.0
948.0,5411.0
949.0,5330.0
950.0,5441.0
951.0,5446.0
952.0,5264.0
953.0,5220.0
954.0,5179.0
955.0,5193.0
956.0,5114.0
957.0,5042.0
958.0,5033.0
959.0,5020.0
960.0,5028.0
961.0,4933.0
962.0,4945.0
963.0,4853.0
964.0,4911.0
965.0,4827.0
966.0,4817.0
967.0,4741.0
968.0,4700.0
969.0,4643.0
970.0,4655.0
971.0,4580.0
972.0,4579.0
973.0,4557.0
974.0,4524.0
975.0,4495.0
976.0,4434.0
977.0,4434.0
978.0,4289.0
979.0,4352.0
980.0,4251.0
981.0,4263.0
982.0,4283.0
983.0,4234.0
984.0,4116.0
985.0,4066.0
986.0,4096.0
987.0,4002.0
988.0,4035.0
989.0,4057.0
990.0,3969.0
991.0,3868.0
992.0,3892.0
993.0,3861.0
994.0,3802.0
995.0,3796.0
996.0,3705.0
997.0,3706.0
998.0,3719.0
999.0,3636.0
1000.0,3601.0
1001.0,3575.0
1002.0,3554.0
1003.0,3581.0
1004.0,3516.0
1005.0,3449.0
1006.0,3418.0
1007.0,3414.0
1008.0,3435.0
1009.0,3273.0
1010.0,3318.0
1011.0,3188.0
1012.0,3232.0
1013.0,3236.0
1014.0,3213.0
1015.0,3140.0
1016.0,3093.0
1017.0,3058.0
1018.0,3070.0
1019.0,3047.0
1020.0,2957.0
1021.0,2946.0
1022.0,2855.0
1023.0,2882.0
