0.0,661.0
1.0,1028.0
2.0,1022.0
3.0,1040.0
4.0,1057.0
5.0,1056.0
6.0,1040.0
7.0,1089.0
8.0,1068.0
9.0,1053.0
10.0,1096.0
11.0,1127.0
12.0,1159.0
13.0,1145.0
14.0,1170.0
15.0,1199.0
16.0,1190.0
17.0,1263.0
18.0,1246.0
19.0,1263.0
20.0,1254.0
21.0,1303.0
22.0,1289.0
23.0,1283.0
24.0,1332.0
25.0,1339.0
26.0,1338.0
27.0,1387.0
28.0,1381.0
29.0,1403.0
30.0,1399.0
31.0,1454.0
32.0,1461.0
33.0,1466.0
34.0,1500.0
35.0,1464.0
36.0,1489.0
37.0,1487.0
38.0,1589.0
39.0,1565.0
40.0,1549.0
41.0,1553.0
42.0,1616.0
43.0,1656.0
44.0,1620.0
45.0,1647.0
46.0,1674.0
47.0,1672.0
48.0,1704.0
49.0,1742.0
50.0,1760.0
51.0,1763.0
52.0,1800.0
53.0,1815.0
54.0,1820.0
55.0,1868.0
56.0,1853.0
57.0,1925.0
58.0,1888.0
59.0,1920.0
60.0,1956.0
61.0,1905.0
62.0,2027.0
63.0,2042.0
64.0,2000.0
65.0,2051.0
66.0,2041.0
67.0,2116.0
68.0,2107.0
69.0,2142.0
70.0,2136.0
71.0,2159.0
72.0,2191.0
73.0,2207.0
74.0,2228.0
75.0,2235.0
76.0,2288.0
77.0,2274.0
78.0,2338.0
79.0,2330.0
80.0,2318.0
81.0,2338.0
82.0,2420.0
83.0,2441.0
84.0,2421.0
85.0,2437.0
86.0,2444.0
87.0,2531.0
88.0,2552.0
89.0,2560.0
90.0,2575.0
91.0,2620.0
92.0,2709.0
93.0,2625.0
94.0,2657.0
95.0,2678.0
96.0,2729.0
97.0,2789.0
98.0,2785.0
99.0,2783.0
100.0,2815.0
101.0,2805.0
102.0,2889.0
103.0,2898.0
104.0,2878.0
105.0,2908.0
106.0,2955.0
107.0,2957.0
108.0,3051.0
109.0,3021.0
110.0,3065.0
111.0,3092.0
112.0,3102.0
113.0,3094.0
114.0,3142.0
115.0,3165.0
116.0,3113.0
117.0,3226.0
118.0,3184.0
119.0,3243.0
120.0,3312.0
121.0,3342.0
122.0,3370.0
123.0,3405.0
124.0,3416.0
125.0,3438.0
126.0,3434.0
127.0,3397.0
128.0,3547.0
129.0,3591.0
130.0,3529.0
131.0,3587.0
132.0,3612.0
133.0,3603.0
134.0,3666.0
135.0,3731.0
136.0,3738.0
137.0,3698.0
138.0,3789.0
139.0,3835.0
140.0,3857.0
141.0,3872.0
142.0,3907.0
143.0,3939.0
144.0,3957.0
145.0,3933.0
146.0,4012.0
147.0,4021.0
148.0,4029.0
149.0,4158.0
150.0,4096.0
151.0,4165.0
152.0,4163.0
153.0,4144.0
154.0,4190.0
155.0,4272.0
156.0,4269.0
157.0,4280.0
158.0,4339.0
159.0,4443.0
160.0,4459.0
161.0,4412.0
162.0,4465.0
163.0,4495.0
164.0,4608.0
165.0,4609.0
166.0,4634.0
167.0,4609.0
168.0,4686.0
169.0,4659.0
170.0,4697.0
171.0,4621.0
172.0,4739.0
173.0,4812.0
174.0,4857.0
175.0,4906.0
176.0,4828.0
177.0,4908.0
178.0,4925.0
179.0,4998.0
180.0,4975.0
181.0,5055.0
182.0,4991.0
183.0,5131.0
184.0,5176.0
185.0,5210.0
186.0,5272.0
187.0,5205.0
188.0,5246.0
189.0,5300.0
190.0,5308.0
191.0,5297.0
192.0,5302.0
193.0,5492.0
194.0,5461.0
195.0,5387.0
196.0,5462.0
197.0,5565.0
198.0,5607.0
199.0,5601.0
200.0,5660.0
201.0,5674.0
202.0,5760.0
203.0,5759.0
204.0,5782.0
205.0,5835.0
206.0,5823.0
207.0,5859.0
208.0,5934.0
209.0,6002.0
210.0,6058.0
211.0,6007.0
212.0,5962.0
213.0,6176.0
214.0,6052.0
215.0,6003.0
216.0,6112.0
217.0,6229.0
218.0,6220.0
219.0,6200.0
220.0,6256.0
221.0,6274.0
222.0,6213.0
223.0,6383.0
224.0,6337.0
225.0,6366.0
226.0,6502.0
227.0,6404.0
228.0,6506.0
229.0,6457.0
230.0,6456.0
231.0,6585.0
232.0,6666.0
233.0,6671.0
234.0,6758.0
235.0,6618.0
236.0,6734.0
237.0,6750.0
238.0,6762.0
239.0,6696.0
240.0,6838.0
241.0,6930.0
242.0,6848.0
243.0,6813.0
244.0,6977.0
245.0,7007.0
246.0,6892.0
247.0,7070.0
248.0,7083.0
249.0,7075.0
250.0,7057.0
251.0,7073.0
252.0,7108.0
253.0,7177.0
254.0,7272.0
255.0,7309.0
256.0,7321.0
257.0,7264.0
258.0,7325.0
259.0,7386.0
260.0,7369.0
261.0,7345.0
262.0,7365.0
263.0,7485.0
264.0,7440.0
265.0,7590.0
266.0,7499.0
267.0,7553.0
268.0,7480.0
269.0,7624.0
270.0,7596.0
271.0,7590.0
272.0,7724.0
273.0,7749.0
274.0,7684.0
275.0,7715.0
276.0,7720.0
277.0,7880.0
278.0,7851.0
279.0,7887.0
280.0,7909.0
281.0,7855.0
282.0,7912.0
283.0,8020.0
284.0,7930.0
285.0,8097.0
286.0,7979.0
287.0,8012.0
288.0,8127.0
289.0,8200.0
290.0,8086.0
291.0,8187.0
292.0,8179.0
293.0,8169.0
294.0,8297.0
295.0,8283.0
296.0,8294.0
297.0,8267.0
298.0,8353.0
299.0,8361.0
300.0,8417.0
301.0,8415.0
302.0,8441.0
303.0,8483.0
304.0,8554.0
305.0,8477.0
306.0,8607.0
307.0,8554.0
308.0,8580.0
309.0,8619.0
310.0,8488.0
311.0,8664.0
312.0,8632.0
313.0,8671.0
314.0,8716.0
315.0,8616.0
316.0,8704.0
317.0,8795.0
318.0,8789.0
319.0,8877.0
320.0,8783.0
321.0,8898.0
322.0,8905.0
323.0,8872.0
324.0,8981.0
325.0,8958.0
326.0,9051.0
327.0,9111.0
328.0,8954.0
329.0,9071.0
330.0,9012.0
331.0,9217.0
332.0,9054.0
333.0,9224.0
334.0,9235.0
335.0,9231.0
336.0,9232.0
337.0,9209.0
338.0,9334.0
339.0,9261.0
340.0,9344.0
341.0,9281.0
342.0,9414.0
343.0,9342.0
344.0,9266.0
345.0,9508.0
346.0,9422.0
347.0,9446.0
348.0,9479.0
349.0,9450.0
350.0,9418.0
351.0,9575.0
352.0,9576.0
353.0,9751.0
354.0,9498.0
355.0,9648.0
356.0,9570.0
357.0,9605.0
358.0,9706.0
359.0,9693.0
360.0,9683.0
361.0,9591.0
362.0,9814.0
363.0,9864.0
364.0,9820.0
365.0,9729.0
366.0,9885.0
367.0,9934.0
368.0,9870.0
369.0,9890.0
370.0,9902.0
371.0,9910.0
372.0,9985.0
373.0,10049.0
374.0,9986.0
375.0,9932.0
376.0,10028.0
377.0,10155.0
378.0,10016.0
379.0,10023.0
380.0,9958.0
381.0,10181.0
382.0,10100.0
383.0,10168.0
384.0,10033.0
385.0,10115.0
386.0,10314.0
387.0,10216.0
388.0,10153.0
389.0,10152.0
390.0,10208.0
391.0,10183.0
392.0,10259.0
393.0,10361.0
394.0,10289.0
395.0,10328.0
396.0,10246.0
397.0,10491.0
398.0,10347.0
399.0,10412.0
400.0,10392.0
401.0,10384.0
402.0,10551.0
403.0,10428.0
404.0,10453.0
405.0,10510.0
406.0,10564.0
407.0,10620.0
408.0,10522.0
409.0,10502.0
410.0,10417.0
411.0,10690.0
412.0,10657.0
413.0,10506.0
414.0,10517.0
415.0,10623.0
416.0,10686.0
417.0,10722.0
418.0,10619.0
419.0,10793.0
420.0,10607.0
421.0,10608.0
422.0,10780.0
423.0,10681.0
424.0,10748.0
425.0,10840.0
426.0,10730.0
427.0,10779.0
428.0,10813.0
429.0,10872.0
430.0,10816.0
431.0,10846.0
432.0,10876.0
433.0,10800.0
434.0,10891.0
435.0,10933.0
436.0,10806.0
437.0,10799.0
438.0,10905.0
439.0,10844.0
440.0,10765.0
441.0,10968.0
442.0,11049.0
443.0,10806.0
444.0,11007.0
445.0,10867.0
446.0,10891.0
447.0,10964.0
448.0,11100.0
449.0,11048.0
450.0,10948.0
451.0,10905.0
452.0,11035.0
453.0,11017.0
454.0,11079.0
455.0,11008.0
456.0,11129.0
457.0,11085.0
458.0,10854.0
459.0,11096.0
460.0,11065.0
461.0,10995.0
462.0,11020.0
463.0,11180.0
464.0,11104.0
465.0,11060.0
466.0,11000.0
467.0,11073.0
468.0,11018.0
469.0,11148.0
470.0,10985.0
471.0,10972.0
472.0,11116.0
473.0,11079.0
474.0,11000.0
475.0,11075.0
476.0,11029.0
477.0,11220.0
478.0,11043.0
479.0,11118.0
480.0,11096.0
481.0,10933.0
482.0,11076.0
483.0,11153.0
484.0,11081.0
485.0,11097.0
486.0,11028.0
487.0,11224.0
488.0,11098.0
489.0,11175.0
490.0,11010.0
491.0,11054.0
492.0,11132.0
493.0,11154.0
494.0,11114.0
495.0,11072.0
496.0,10970.0
497.0,11177.0
498.0,11056.0
499.0,11110.0
500.0,10936.0
501.0,11013.0
502.0,11073.0
503.0,10977.0
504.0,11029.0
505.0,11063.0
506.0,11122.0
507.0,10951.0
508.0,11002.0
509.0,11137.0
510.0,10991.0
511.0,10861.0
512.0,11051.0
513.0,11074.0
514.0,10920.0
515.0,11026.0
516.0,10899.0
517.0,10988.0
518.0,11016.0
519.0,10941.0
520.0,10917.0
521.0,11020.0
522.0,10923.0
523.0,10912.0
524.0,10859.0
525.0,10905.0
526.0,10967.0
527.0,10976.0
528.0,10927.0
529.0,10849.0
530.0,10845.0
531.0,11010.0
532.0,10766.0
533.0,10856.0
534.0,10853.0
535.0,10889.0
536.0,10868.0
537.0,11035.0
538.0,10766.0
539.0,10836.0
540.0,10869.0
541.0,10847.0
542.0,10903.0
543.0,10876.0
544.0,10714.0
545.0,10758.0
546.0,10693.0
547.0,10532.0
548.0,10719.0
549.0,10641.0
550.0,10745.0
551.0,10659.0
552.0,10673.0
553.0,10707.0
554.0,10694.0
555.0,10740.0
556.0,10790.0
557.0,10408.0
558.0,10694.0
559.0,10574.0
560.0,10622.0
561.0,10579.0
562.0,10535.0
563.0,10600.0
564.0,10544.0
565.0,10544.0
566.0,10495.0
567.0,10450.0
568.0,10543.0
569.0,10460.0
570.0,10502.0
571.0,10456.0
572.0,10326.0
573.0,10434.0
574.0,10355.0
575.0,10404.0
576.0,10416.0
577.0,10314.0
578.0,10237.0
579.0,10288.0
580.0,10429.0
581.0,10264.0
582.0,10220.0
583.0,10230.0
584.0,10265.0
585.0,10254.0
586.0,10266.0
587.0,10232.0
588.0,10130.0
589.0,10286.0
590.0,10057.0
591.0,10246.0
592.0,10068.0
593.0,10089.0
594.0,10029.0
595.0,9954.0
596.0,10011.0
597.0,10070.0
598.0,10058.0
599.0,9992.0
600.0,10054.0
601.0,9884.0
602.0,10093.0
603.0,9982.0
604.0,9837.0
605.0,9894.0
606.0,9960.0
607.0,9823.0
608.0,9782.0
609.0,9765.0
610.0,9901.0
611.0,9772.0
612.0,9929.0
613.0,9662.0
614.0,9660.0
615.0,9662.0
616.0,9765.0
617.0,9774.0
618.0,9667.0
619.0,9706.0
620.0,9717.0
621.0,9617.0
622.0,9611.0
623.0,9483.0
624.0,9563.0
625.0,9620.0
626.0,9510.0
627.0,9526.0
628.0,9579.0
629.0,9427.0
630.0,9405.0
631.0,9462.0
632.0,9410.0
633.0,9287.0
634.0,9399.0
635.0,9445.0
636.0,9354.0
637.0,9205.0
638.0,9244.0
639.0,9270.0
640.0,9248.0
641.0,9229.0
642.0,9171.0
643.0,9142.0
644.0,9131.0
645.0,9157.0
646.0,9177.0
647.0,9154.0
648.0,9010.0
649.0,9045.0
650.0,9130.0
651.0,8970.0
652.0,9045.0
653.0,8936.0
654.0,8988.0
655.0,8914.0
656.0,8853.0
657.0,8911.0
658.0,8801.0
659.0,8866.0
660.0,8874.0
661.0,8730.0
662.0,8726.0
663.0,8872.0
664.0,8719.0
665.0,8743.0
666.0,8708.0
667.0,8629.0
668.0,8648.0
669.0,8545.0
670.0,8723.0
671.0,8705.0
672.0,8439.0
673.0,8530.0
674.0,8500.0
675.0,8387.0
676.0,8423.0
677.0,8459.0
678.0,8469.0
679.0,8331.0
680.0,8304.0
681.0,8259.0
682.0,8312.0
683.0,8310.0
684.0,8124.0
685.0,8291.0
686.0,8161.0
687.0,8320.0
688.0,8242.0
689.0,8077.0
690.0,8106.0
691.0,8061.0
692.0,8156.0
693.0,8046.0
694.0,7904.0
695.0,7992.0
696.0,7943.0
697.0,7945.0
698.0,8025.0
699.0,7771.0
700.0,7962.0
701.0,7813.0
702.0,7778.0
703.0,7741.0
704.0,7683.0
705.0,7755.0
706.0,7672.0
707.0,7721.0
708.0,7562.0
709.0,7600.0
710.0,7621.0
711.0,7540.0
712.0,7531.0
713.0,7476.0
714.0,7432.0
715.0,7451.0
716.0,7336.0
717.0,7468.0
718.0,7393.0
719.0,7427.0
720.0,7289.0
721.0,7344.0
722.0,7155.0
723.0,7279.0
724.0,7210.0
725.0,7086.0
726.0,7111.0
727.0,7124.0
728.0,7077.0
729.0,7133.0
730.0,6954.0
731.0,7018.0
732.0,6964.0
733.0,6873.0
734.0,6942.0
735.0,6808.0
736.0,6859.0
737.0,6826.0
738.0,6798.0
739.0,6833.0
740.0,6804.0
741.0,6668.0
742.0,6781.0
743.0,6647.0
744.0,6642.0
745.0,6675.0
746.0,6554.0
747.0,6555.0
748.0,6530.0
749.0,6444.0
750.0,6467.0
751.0,6472.0
752.0,6441.0
753.0,6428.0
754.0,6344.0
755.0,6257.0
756.0,6267.0
757.0,6293.0
758.0,6268.0
759.0,6209.0
760.0,6166.0
761.0,6137.0
762.0,6208.0
763.0,6072.0
764.0,6038.0
765.0,6004.0
766.0,6025.0
767.0,5938.0
768.0,5942.0
769.0,5956.0
770.0,5861.0
771.0,5861.0
772.0,5862.0
773.0,5862.0
774.0,5740.0
775.0,5782.0
776.0,5698.0
777.0,5707.0
778.0,5701.0
779.0,5694.0
780.0,5575.0
781.0,5529.0
782.0,5499.0
783.0,5515.0
784.0,5492.0
785.0,5431.0
786.0,5437.0
787.0,5354.0
788.0,5389.0
789.0,5397.0
790.0,5285.0
791.0,5275.0
792.0,5314.0
793.0,5155.0
794.0,5190.0
795.0,5148.0
796.0,5153.0
797.0,5115.0
798.0,5143.0
799.0,5054.0
800.0,4997.0
801.0,5018.0
802.0,4942.0
803.0,4942.0
804.0,4931.0
805.0,4869.0
806.0,4902.0
807.0,4880.0
808.0,4866.0
809.0,4840.0
810.0,4725.0
811.0,4765.0
812.0,4651.0
813.0,4602.0
814.0,4626.0
815.0,4572.0
816.0,4576.0
817.0,4590.0
818.0,4505.0
819.0,4487.0
820.0,4459.0
821.0,4513.0
822.0,4453.0
823.0,4445.0
824.0,4337.0
825.0,4391.0
826.0,4328.0
827.0,4296.0
828.0,4174.0
829.0,4235.0
830.0,4160.0
831.0,4161.0
832.0,4176.0
833.0,4081.0
834.0,4043.0
835.0,4138.0
836.0,3972.0
837.0,4021.0
838.0,4010.0
839.0,3989.0
840.0,3979.0
841.0,3960.0
842.0,3903.0
843.0,3877.0
844.0,3875.0
845.0,3736.0
846.0,3775.0
847.0,3768.0
848.0,3741.0
849.0,3717.0
850.0,3669.0
851.0,3683.0
852.0,3604.0
853.0,3663.0
854.0,3602.0
855.0,3583.0
856.0,3563.0
857.0,3561.0
858.0,3510.0
859.0,3447.0
860.0,3411.0
861.0,3426.0
862.0,3410.0
863.0,3399.0
864.0,3330.0
865.0,3298.0
866.0,3317.0
867.0,3271.0
868.0,3248.0
869.0,3158.0
870.0,3213.0
871.0,3136.0
872.0,3213.0
873.0,3115.0
874.0,3131.0
875.0,3115.0
876.0,3056.0
877.0,2983.0
878.0,2975.0
879.0,3012.0
880.0,2956.0
881.0,2923.0
882.0,2931.0
883.0,2914.0
884.0,2891.0
885.0,2876.0
886.0,2833.0
887.0,2781.0
888.0,2728.0
889.0,2795.0
890.0,2740.0
891.0,2690.0
892.0,2691.0
893.0,2636.0
894.0,2693.0
895.0,2614.0
896.0,2608.0
897.0,2611.0
898.0,2552.0
899.0,2522.0
900.0,2557.0
901.0,2518.0
902.0,2464.0
903.0,2440.0
904.0,2430.0
905.0,2425.0
906.0,2400.0
907.0,2375.0
908.0,2359.0
909.0,2300.0
910.0,2311.0
911.0,2298.0
912.0,2266.0
913.0,2257.0
914.0,2246.0
915.0,2146.0
916.0,2180.0
917.0,2181.0
918.0,2171.0
919.0,2131.0
920.0,2132.0
921.0,2045.0
922.0,2089.0
923.0,2077.0
924.0,1994.0
925.0,2075.0
926.0,1999.0
927.0,1971.0
928.0,1998.0
929.0,1942.0
930.0,1942.0
931.0,1932.0
932.0,1903.0
933.0,1843.0
934.0,1872.0
935.0,1822.0
936.0,1862.0
937.0,1818.0
938.0,1821.0
939.0,1786.0
940.0,1752.0
941.0,1731.0
942.0,1690.0
943.0,1717.0
944.0,1719.0
945.0,1645.0
946.0,1656.0
947.0,1660.0
948.0,1642.0
949.0,1625.0
950.0,1578.0
951.0,1577.0
952.0,1567.0
953.0,1570.0
954.0,1530.0
955.0,1522.0
956.0,1512.0
957.0,1477.0
958.0,1520.0
959.0,1424.0
960.0,1431.0
961.0,1453.0
962.0,1411.0
963.0,1417.0
964.0,1387.0
965.0,1395.0
966.0,1340.0
967.0,1341.0
968.0,1307.0
969.0,1284.0
970.0,1289.0
971.0,1271.0
972.0,1282.0
973.0,1242.0
974.0,1263.0
975.0,1208.0
976.0,1179.0
977.0,1187.0
978.0,1192.0
979.0,1153.0
980.0,1150.0
981.0,1148.0
982.0,1123.0
983.0,1147.0
984.0,1093.0
985.0,1106.0
986.0,1084.0
987.0,1026.0
988.0,1073.0
989.0,1050.0
990.0,1027.0
991.0,1027.0
992.0,1028.0
993.0,1009.0
994.0,978.0
995.0,989.0
996.0,977.0
997.0,963.0
998.0,933.0
999.0,936.0
1000.0,920.0
1001.0,867.0
1002.0,880.0
1003.0,887.0
1004.0,891.0
1005.0,876.0
1006.0,848.0
1007.0,847.0
1008.0,833.0
1009.0,825.0
1010.0,824.0
1011.0,790.0
1012.0,778.0
1013.0,783.0
1014.0,818.0
1015.0,771.0
1016.0,780.0
1017.0,756.0
1018.0,757.0
1019.0,755.0
1020.0,728.0
1021.0,721.0
1022.0,702.0
1023.0,706.0
