0.0,19.0
1.0,31.0
2.0,25.0
3.0,25.0
4.0,36.0
5.0,40.0
6.0,36.0
7.0,28.0
8.0,43.0
9.0,27.0
10.0,38.0
11.0,33.0
12.0,44.0
13.0,32.0
14.0,46.0
15.0,54.0
16.0,43.0
17.0,92.0
18.0,160.0
19.0,145.0
20.0,103.0
21.0,63.0
22.0,62.0
23.0,71.0
24.0,53.0
25.0,50.0
26.0,67.0
27.0,59.0
28.0,68.0
29.0,66.0
30.0,58.0
31.0,34.0
32.0,60.0
33.0,47.0
34.0,79.0
35.0,72.0
36.0,67.0
37.0,62.0
38.0,62.0
39.0,63.0
40.0,53.0
41.0,65.0
42.0,79.0
43.0,100.0
44.0,170.0
45.0,252.0
46.0,247.0
47.0,182.0
48.0,99.0
49.0,103.0
50.0,85.0
51.0,90.0
52.0,75.0
53.0,73.0
54.0,80.0
55.0,94.0
56.0,100.0
57.0,91.0
58.0,90.0
59.0,99.0
60.0,88.0
61.0,88.0
62.0,79.0
63.0,80.0
64.0,130.0
65.0,116.0
66.0,116.0
67.0,116.0
68.0,147.0
69.0,149.0
70.0,118.0
71.0,170.0
72.0,312.0
73.0,328.0
74.0,288.0
75.0,239.0
76.0,129.0
77.0,121.0
78.0,130.0
79.0,106.0
80.0,107.0
81.0,129.0
82.0,117.0
83.0,111.0
84.0,137.0
85.0,166.0
86.0,153.0
87.0,147.0
88.0,142.0
89.0,126.0
90.0,125.0
91.0,131.0
92.0,131.0
93.0,143.0
94.0,177.0
95.0,228.0
96.0,236.0
97.0,173.0
98.0,159.0
99.0,150.0
100.0,176.0
101.0,141.0
102.0,184.0
103.0,316.0
104.0,405.0
105.0,312.0
106.0,229.0
107.0,188.0
108.0,160.0
109.0,131.0
110.0,118.0
111.0,149.0
112.0,157.0
113.0,166.0
114.0,164.0
115.0,150.0
116.0,168.0
117.0,190.0
118.0,192.0
119.0,220.0
120.0,217.0
121.0,220.0
122.0,184.0
123.0,175.0
124.0,174.0
125.0,170.0
126.0,149.0
127.0,177.0
128.0,243.0
129.0,416.0
130.0,400.0
131.0,247.0
132.0,242.0
133.0,427.0
134.0,483.0
135.0,346.0
136.0,232.0
137.0,219.0
138.0,230.0
139.0,237.0
140.0,194.0
141.0,183.0
142.0,177.0
143.0,191.0
144.0,226.0
145.0,256.0
146.0,232.0
147.0,240.0
148.0,263.0
149.0,273.0
150.0,293.0
151.0,281.0
152.0,244.0
153.0,246.0
154.0,291.0
155.0,326.0
156.0,358.0
157.0,330.0
158.0,330.0
159.0,583.0
160.0,1819.0
161.0,2550.0
162.0,1296.0
163.0,538.0
164.0,752.0
165.0,661.0
166.0,398.0
167.0,307.0
168.0,287.0
169.0,268.0
170.0,258.0
171.0,253.0
172.0,259.0
173.0,277.0
174.0,278.0
175.0,258.0
176.0,263.0
177.0,241.0
178.0,239.0
179.0,231.0
180.0,271.0
181.0,325.0
182.0,337.0
183.0,388.0
184.0,409.0
185.0,427.0
186.0,377.0
187.0,317.0
188.0,296.0
189.0,286.0
190.0,289.0
191.0,331.0
192.0,339.0
193.0,350.0
194.0,393.0
195.0,598.0
196.0,763.0
197.0,612.0
198.0,389.0
199.0,313.0
200.0,315.0
201.0,334.0
202.0,301.0
203.0,294.0
204.0,340.0
205.0,308.0
206.0,302.0
207.0,371.0
208.0,397.0
209.0,339.0
210.0,303.0
211.0,308.0
212.0,296.0
213.0,368.0
214.0,392.0
215.0,453.0
216.0,513.0
217.0,432.0
218.0,442.0
219.0,491.0
220.0,415.0
221.0,326.0
222.0,301.0
223.0,305.0
224.0,311.0
225.0,342.0
226.0,468.0
227.0,682.0
228.0,942.0
229.0,1108.0
230.0,1018.0
231.0,1839.0
232.0,2624.0
233.0,1508.0
234.0,502.0
235.0,380.0
236.0,376.0
237.0,399.0
238.0,406.0
239.0,468.0
240.0,511.0
241.0,543.0
242.0,627.0
243.0,594.0
244.0,487.0
245.0,426.0
246.0,417.0
247.0,390.0
248.0,349.0
249.0,434.0
250.0,484.0
251.0,461.0
252.0,624.0
253.0,710.0
254.0,545.0
255.0,436.0
256.0,474.0
257.0,603.0
258.0,562.0
259.0,450.0
260.0,426.0
261.0,448.0
262.0,511.0
263.0,475.0
264.0,438.0
265.0,426.0
266.0,553.0
267.0,561.0
268.0,471.0
269.0,400.0
270.0,429.0
271.0,497.0
272.0,695.0
273.0,1930.0
274.0,3367.0
275.0,2384.0
276.0,798.0
277.0,549.0
278.0,512.0
279.0,485.0
280.0,487.0
281.0,468.0
282.0,431.0
283.0,458.0
284.0,522.0
285.0,530.0
286.0,523.0
287.0,568.0
288.0,693.0
289.0,831.0
290.0,721.0
291.0,567.0
292.0,524.0
293.0,558.0
294.0,1410.0
295.0,3397.0
296.0,3318.0
297.0,1494.0
298.0,682.0
299.0,855.0
300.0,3782.0
301.0,10716.0
302.0,10494.0
303.0,3472.0
304.0,932.0
305.0,744.0
306.0,659.0
307.0,613.0
308.0,517.0
309.0,509.0
310.0,489.0
311.0,532.0
312.0,523.0
313.0,554.0
314.0,577.0
315.0,522.0
316.0,485.0
317.0,483.0
318.0,528.0
319.0,584.0
320.0,566.0
321.0,600.0
322.0,675.0
323.0,652.0
324.0,607.0
325.0,625.0
326.0,748.0
327.0,838.0
328.0,918.0
329.0,1019.0
330.0,1325.0
331.0,5110.0
332.0,20609.0
333.0,26973.0
334.0,12273.0
335.0,1768.0
336.0,655.0
337.0,555.0
338.0,558.0
339.0,677.0
340.0,780.0
341.0,700.0
342.0,652.0
343.0,626.0
344.0,638.0
345.0,698.0
346.0,781.0
347.0,774.0
348.0,807.0
349.0,810.0
350.0,794.0
351.0,829.0
352.0,759.0
353.0,717.0
354.0,630.0
355.0,555.0
356.0,605.0
357.0,665.0
358.0,704.0
359.0,737.0
360.0,765.0
361.0,661.0
362.0,575.0
363.0,658.0
364.0,663.0
365.0,569.0
366.0,625.0
367.0,750.0
368.0,807.0
369.0,877.0
370.0,1299.0
371.0,1512.0
372.0,1178.0
373.0,924.0
374.0,827.0
375.0,715.0
376.0,680.0
377.0,728.0
378.0,711.0
379.0,659.0
380.0,638.0
381.0,759.0
382.0,753.0
383.0,738.0
384.0,714.0
385.0,727.0
386.0,717.0
387.0,683.0
388.0,703.0
389.0,798.0
390.0,903.0
391.0,863.0
392.0,735.0
393.0,697.0
394.0,679.0
395.0,715.0
396.0,825.0
397.0,938.0
398.0,1010.0
399.0,1245.0
400.0,1474.0
401.0,1197.0
402.0,892.0
403.0,896.0
404.0,919.0
405.0,848.0
406.0,776.0
407.0,751.0
408.0,689.0
409.0,746.0
410.0,833.0
411.0,788.0
412.0,771.0
413.0,883.0
414.0,1432.0
415.0,2073.0
416.0,1972.0
417.0,1194.0
418.0,796.0
419.0,657.0
420.0,637.0
421.0,678.0
422.0,727.0
423.0,880.0
424.0,979.0
425.0,988.0
426.0,936.0
427.0,908.0
428.0,932.0
429.0,896.0
430.0,833.0
431.0,848.0
432.0,841.0
433.0,837.0
434.0,850.0
435.0,817.0
436.0,761.0
437.0,715.0
438.0,743.0
439.0,861.0
440.0,912.0
441.0,859.0
442.0,959.0
443.0,1001.0
444.0,974.0
445.0,862.0
446.0,838.0
447.0,757.0
448.0,672.0
449.0,649.0
450.0,700.0
451.0,758.0
452.0,709.0
453.0,839.0
454.0,949.0
455.0,953.0
456.0,943.0
457.0,900.0
458.0,841.0
459.0,789.0
460.0,808.0
461.0,800.0
462.0,661.0
463.0,657.0
464.0,699.0
465.0,810.0
466.0,963.0
467.0,1087.0
468.0,1026.0
469.0,930.0
470.0,871.0
471.0,822.0
472.0,749.0
473.0,774.0
474.0,769.0
475.0,722.0
476.0,766.0
477.0,966.0
478.0,1248.0
479.0,1275.0
480.0,1035.0
481.0,897.0
482.0,898.0
483.0,883.0
484.0,889.0
485.0,908.0
486.0,939.0
487.0,957.0
488.0,954.0
489.0,1149.0
490.0,1148.0
491.0,974.0
492.0,866.0
493.0,771.0
494.0,702.0
495.0,668.0
496.0,757.0
497.0,869.0
498.0,820.0
499.0,818.0
500.0,913.0
501.0,999.0
502.0,899.0
503.0,758.0
504.0,721.0
505.0,746.0
506.0,767.0
507.0,798.0
508.0,774.0
509.0,714.0
510.0,820.0
511.0,924.0
512.0,1100.0
513.0,1121.0
514.0,991.0
515.0,843.0
516.0,1298.0
517.0,5952.0
518.0,12814.0
519.0,9272.0
520.0,2313.0
521.0,864.0
522.0,836.0
523.0,1510.0
524.0,4593.0
525.0,5738.0
526.0,2701.0
527.0,959.0
528.0,930.0
529.0,951.0
530.0,764.0
531.0,685.0
532.0,710.0
533.0,778.0
534.0,795.0
535.0,853.0
536.0,938.0
537.0,985.0
538.0,912.0
539.0,789.0
540.0,792.0
541.0,902.0
542.0,920.0
543.0,829.0
544.0,780.0
545.0,759.0
546.0,777.0
547.0,788.0
548.0,796.0
549.0,866.0
550.0,841.0
551.0,815.0
552.0,808.0
553.0,823.0
554.0,795.0
555.0,816.0
556.0,820.0
557.0,759.0
558.0,733.0
559.0,814.0
560.0,863.0
561.0,850.0
562.0,742.0
563.0,634.0
564.0,644.0
565.0,698.0
566.0,749.0
567.0,803.0
568.0,849.0
569.0,824.0
570.0,725.0
571.0,738.0
572.0,818.0
573.0,853.0
574.0,809.0
575.0,884.0
576.0,1107.0
577.0,1840.0
578.0,2334.0
579.0,1956.0
580.0,1656.0
581.0,1344.0
582.0,1380.0
583.0,1525.0
584.0,1171.0
585.0,1122.0
586.0,1452.0
587.0,1435.0
588.0,1080.0
589.0,1205.0
590.0,1463.0
591.0,1780.0
592.0,1471.0
593.0,967.0
594.0,1087.0
595.0,1499.0
596.0,1771.0
597.0,1389.0
598.0,1231.0
599.0,1670.0
600.0,1554.0
601.0,1151.0
602.0,1428.0
603.0,1664.0
604.0,1711.0
605.0,1393.0
606.0,863.0
607.0,791.0
608.0,917.0
609.0,1193.0
610.0,1978.0
611.0,2052.0
612.0,1140.0
613.0,806.0
614.0,861.0
615.0,917.0
616.0,1033.0
617.0,1709.0
618.0,2353.0
619.0,1682.0
620.0,924.0
621.0,925.0
622.0,941.0
623.0,785.0
624.0,795.0
625.0,1404.0
626.0,2280.0
627.0,2019.0
628.0,1375.0
629.0,1041.0
630.0,913.0
631.0,771.0
632.0,794.0
633.0,1241.0
634.0,4270.0
635.0,7036.0
636.0,4560.0
637.0,1991.0
638.0,1530.0
639.0,946.0
640.0,762.0
641.0,734.0
642.0,713.0
643.0,836.0
644.0,1534.0
645.0,1976.0
646.0,1393.0
647.0,962.0
648.0,1477.0
649.0,1638.0
650.0,1123.0
651.0,831.0
652.0,814.0
653.0,691.0
654.0,774.0
655.0,1419.0
656.0,1644.0
657.0,1115.0
658.0,848.0
659.0,962.0
660.0,1354.0
661.0,1514.0
662.0,959.0
663.0,675.0
664.0,662.0
665.0,686.0
666.0,905.0
667.0,1489.0
668.0,1691.0
669.0,1953.0
670.0,2850.0
671.0,3023.0
672.0,3456.0
673.0,6716.0
674.0,12162.0
675.0,9191.0
676.0,2533.0
677.0,1664.0
678.0,1874.0
679.0,1654.0
680.0,1757.0
681.0,1745.0
682.0,2020.0
683.0,2388.0
684.0,1615.0
685.0,1022.0
686.0,1282.0
687.0,1810.0
688.0,2114.0
689.0,2059.0
690.0,1509.0
691.0,1720.0
692.0,1909.0
693.0,1568.0
694.0,1436.0
695.0,1495.0
696.0,2072.0
697.0,2227.0
698.0,1645.0
699.0,1226.0
700.0,2694.0
701.0,5460.0
702.0,4390.0
703.0,2649.0
704.0,3199.0
705.0,2086.0
706.0,824.0
707.0,1123.0
708.0,1777.0
709.0,1774.0
710.0,1326.0
711.0,1491.0
712.0,2182.0
713.0,2121.0
714.0,1418.0
715.0,796.0
716.0,604.0
717.0,635.0
718.0,841.0
719.0,1058.0
720.0,1600.0
721.0,2113.0
722.0,1657.0
723.0,1590.0
724.0,1746.0
725.0,1070.0
726.0,748.0
727.0,663.0
728.0,710.0
729.0,1064.0
730.0,1525.0
731.0,2017.0
732.0,1602.0
733.0,1153.0
734.0,2968.0
735.0,4581.0
736.0,2991.0
737.0,1914.0
738.0,6537.0
739.0,11730.0
740.0,7090.0
741.0,1870.0
742.0,1975.0
743.0,1861.0
744.0,999.0
745.0,638.0
746.0,638.0
747.0,750.0
748.0,1072.0
749.0,1015.0
750.0,671.0
751.0,544.0
752.0,589.0
753.0,624.0
754.0,1377.0
755.0,2222.0
756.0,1611.0
757.0,975.0
758.0,873.0
759.0,1669.0
760.0,3195.0
761.0,2529.0
762.0,1235.0
763.0,912.0
764.0,515.0
765.0,428.0
766.0,483.0
767.0,696.0
768.0,1349.0
769.0,1683.0
770.0,1037.0
771.0,536.0
772.0,477.0
773.0,572.0
774.0,566.0
775.0,496.0
776.0,640.0
777.0,914.0
778.0,789.0
779.0,473.0
780.0,424.0
781.0,483.0
782.0,726.0
783.0,1280.0
784.0,1343.0
785.0,910.0
786.0,623.0
787.0,470.0
788.0,499.0
789.0,526.0
790.0,469.0
791.0,420.0
792.0,576.0
793.0,857.0
794.0,738.0
795.0,427.0
796.0,400.0
797.0,446.0
798.0,705.0
799.0,1000.0
800.0,894.0
801.0,1112.0
802.0,1349.0
803.0,764.0
804.0,385.0
805.0,308.0
806.0,335.0
807.0,327.0
808.0,295.0
809.0,299.0
810.0,433.0
811.0,501.0
812.0,410.0
813.0,510.0
814.0,495.0
815.0,677.0
816.0,856.0
817.0,583.0
818.0,412.0
819.0,522.0
820.0,444.0
821.0,302.0
822.0,258.0
823.0,226.0
824.0,227.0
825.0,226.0
826.0,251.0
827.0,276.0
828.0,356.0
829.0,437.0
830.0,389.0
831.0,307.0
832.0,298.0
833.0,526.0
834.0,688.0
835.0,460.0
836.0,282.0
837.0,338.0
838.0,406.0
839.0,327.0
840.0,241.0
841.0,252.0
842.0,256.0
843.0,228.0
844.0,221.0
845.0,224.0
846.0,218.0
847.0,239.0
848.0,348.0
849.0,338.0
850.0,240.0
851.0,252.0
852.0,389.0
853.0,508.0
854.0,324.0
855.0,219.0
856.0,227.0
857.0,297.0
858.0,295.0
859.0,218.0
860.0,183.0
861.0,175.0
862.0,195.0
863.0,186.0
864.0,160.0
865.0,171.0
866.0,180.0
867.0,165.0
868.0,224.0
869.0,259.0
870.0,205.0
871.0,234.0
872.0,575.0
873.0,858.0
874.0,494.0
875.0,200.0
876.0,184.0
877.0,190.0
878.0,248.0
879.0,280.0
880.0,253.0
881.0,178.0
882.0,181.0
883.0,159.0
884.0,153.0
885.0,154.0
886.0,143.0
887.0,144.0
888.0,148.0
889.0,144.0
890.0,195.0
891.0,198.0
892.0,181.0
893.0,234.0
894.0,258.0
895.0,209.0
896.0,141.0
897.0,124.0
898.0,147.0
899.0,152.0
900.0,182.0
901.0,675.0
902.0,2205.0
903.0,2306.0
904.0,716.0
905.0,168.0
906.0,138.0
907.0,139.0
908.0,136.0
909.0,110.0
910.0,113.0
911.0,106.0
912.0,113.0
913.0,130.0
914.0,108.0
915.0,109.0
916.0,156.0
917.0,160.0
918.0,130.0
919.0,117.0
920.0,101.0
921.0,105.0
922.0,112.0
923.0,152.0
924.0,149.0
925.0,110.0
926.0,96.0
927.0,97.0
928.0,79.0
929.0,78.0
930.0,96.0
931.0,68.0
932.0,71.0
933.0,83.0
934.0,89.0
935.0,87.0
936.0,79.0
937.0,95.0
938.0,94.0
939.0,84.0
940.0,102.0
941.0,104.0
942.0,76.0
943.0,69.0
944.0,87.0
945.0,78.0
946.0,79.0
947.0,73.0
948.0,85.0
949.0,76.0
950.0,65.0
951.0,55.0
952.0,57.0
953.0,67.0
954.0,67.0
955.0,78.0
956.0,65.0
957.0,62.0
958.0,57.0
959.0,73.0
960.0,55.0
961.0,53.0
962.0,58.0
963.0,57.0
964.0,66.0
965.0,51.0
966.0,51.0
967.0,62.0
968.0,63.0
969.0,52.0
970.0,60.0
971.0,49.0
972.0,59.0
973.0,50.0
974.0,48.0
975.0,46.0
976.0,53.0
977.0,45.0
978.0,40.0
979.0,49.0
980.0,57.0
981.0,68.0
982.0,67.0
983.0,61.0
984.0,51.0
985.0,48.0
986.0,63.0
987.0,57.0
988.0,35.0
989.0,37.0
990.0,44.0
991.0,44.0
992.0,43.0
993.0,46.0
994.0,63.0
995.0,54.0
996.0,56.0
997.0,48.0
998.0,48.0
999.0,53.0
1000.0,35.0
1001.0,40.0
1002.0,52.0
1003.0,53.0
1004.0,47.0
1005.0,34.0
1006.0,41.0
1007.0,53.0
1008.0,47.0
1009.0,34.0
1010.0,38.0
1011.0,46.0
1012.0,44.0
1013.0,51.0
1014.0,46.0
1015.0,46.0
1016.0,39.0
1017.0,48.0
1018.0,37.0
1019.0,48.0
1020.0,49.0
1021.0,31.0
1022.0,62.0
1023.0,78.0
