0.0,59.0
1.0,79.0
2.0,115.0
3.0,116.0
4.0,112.0
5.0,100.0
6.0,122.0
7.0,129.0
8.0,133.0
9.0,157.0
10.0,137.0
11.0,126.0
12.0,127.0
13.0,130.0
14.0,123.0
15.0,144.0
16.0,140.0
17.0,135.0
18.0,134.0
19.0,123.0
20.0,99.0
21.0,126.0
22.0,106.0
23.0,115.0
24.0,137.0
25.0,138.0
26.0,145.0
27.0,156.0
28.0,132.0
29.0,114.0
30.0,136.0
31.0,153.0
32.0,162.0
33.0,157.0
34.0,162.0
35.0,172.0
36.0,177.0
37.0,202.0
38.0,181.0
39.0,173.0
40.0,181.0
41.0,180.0
42.0,196.0
43.0,172.0
44.0,165.0
45.0,188.0
46.0,198.0
47.0,184.0
48.0,184.0
49.0,159.0
50.0,170.0
51.0,165.0
52.0,171.0
53.0,203.0
54.0,227.0
55.0,220.0
56.0,208.0
57.0,166.0
58.0,236.0
59.0,314.0
60.0,382.0
61.0,292.0
62.0,202.0
63.0,178.0
64.0,202.0
65.0,219.0
66.0,247.0
67.0,249.0
68.0,283.0
69.0,296.0
70.0,337.0
71.0,481.0
72.0,459.0
73.0,306.0
74.0,227.0
75.0,251.0
76.0,235.0
77.0,205.0
78.0,226.0
79.0,285.0
80.0,303.0
81.0,303.0
82.0,329.0
83.0,339.0
84.0,284.0
85.0,251.0
86.0,273.0
87.0,263.0
88.0,224.0
89.0,229.0
90.0,263.0
91.0,333.0
92.0,311.0
93.0,304.0
94.0,280.0
95.0,269.0
96.0,279.0
97.0,254.0
98.0,247.0
99.0,225.0
100.0,265.0
101.0,296.0
102.0,362.0
103.0,360.0
104.0,362.0
105.0,296.0
106.0,262.0
107.0,299.0
108.0,367.0
109.0,381.0
110.0,322.0
111.0,266.0
112.0,258.0
113.0,297.0
114.0,374.0
115.0,368.0
116.0,318.0
117.0,325.0
118.0,363.0
119.0,357.0
120.0,367.0
121.0,392.0
122.0,391.0
123.0,358.0
124.0,351.0
125.0,378.0
126.0,344.0
127.0,359.0
128.0,351.0
129.0,356.0
130.0,312.0
131.0,309.0
132.0,320.0
133.0,358.0
134.0,373.0
135.0,414.0
136.0,423.0
137.0,419.0
138.0,416.0
139.0,397.0
140.0,402.0
141.0,435.0
142.0,447.0
143.0,468.0
144.0,411.0
145.0,400.0
146.0,459.0
147.0,506.0
148.0,511.0
149.0,423.0
150.0,426.0
151.0,450.0
152.0,398.0
153.0,441.0
154.0,537.0
155.0,581.0
156.0,559.0
157.0,458.0
158.0,410.0
159.0,416.0
160.0,477.0
161.0,514.0
162.0,441.0
163.0,417.0
164.0,393.0
165.0,405.0
166.0,445.0
167.0,527.0
168.0,508.0
169.0,461.0
170.0,458.0
171.0,516.0
172.0,530.0
173.0,550.0
174.0,576.0
175.0,497.0
176.0,398.0
177.0,406.0
178.0,508.0
179.0,543.0
180.0,528.0
181.0,453.0
182.0,508.0
183.0,579.0
184.0,676.0
185.0,656.0
186.0,627.0
187.0,623.0
188.0,612.0
189.0,646.0
190.0,663.0
191.0,700.0
192.0,752.0
193.0,730.0
194.0,784.0
195.0,2049.0
196.0,7210.0
197.0,12927.0
198.0,9620.0
199.0,2727.0
200.0,780.0
201.0,632.0
202.0,681.0
203.0,682.0
204.0,685.0
205.0,684.0
206.0,757.0
207.0,808.0
208.0,755.0
209.0,714.0
210.0,757.0
211.0,724.0
212.0,601.0
213.0,504.0
214.0,474.0
215.0,527.0
216.0,631.0
217.0,632.0
218.0,628.0
219.0,710.0
220.0,657.0
221.0,699.0
222.0,733.0
223.0,775.0
224.0,805.0
225.0,746.0
226.0,641.0
227.0,667.0
228.0,783.0
229.0,915.0
230.0,1032.0
231.0,927.0
232.0,766.0
233.0,723.0
234.0,804.0
235.0,1009.0
236.0,1091.0
237.0,926.0
238.0,792.0
239.0,786.0
240.0,731.0
241.0,742.0
242.0,770.0
243.0,758.0
244.0,853.0
245.0,841.0
246.0,789.0
247.0,721.0
248.0,772.0
249.0,1039.0
250.0,1241.0
251.0,1256.0
252.0,1137.0
253.0,1026.0
254.0,970.0
255.0,952.0
256.0,934.0
257.0,1028.0
258.0,1002.0
259.0,970.0
260.0,871.0
261.0,906.0
262.0,990.0
263.0,1061.0
264.0,1193.0
265.0,1173.0
266.0,1023.0
267.0,834.0
268.0,746.0
269.0,817.0
270.0,900.0
271.0,893.0
272.0,955.0
273.0,1186.0
274.0,1372.0
275.0,1350.0
276.0,1517.0
277.0,1580.0
278.0,1389.0
279.0,1194.0
280.0,1046.0
281.0,1286.0
282.0,3603.0
283.0,10811.0
284.0,17967.0
285.0,17431.0
286.0,12282.0
287.0,11404.0
288.0,10794.0
289.0,6372.0
290.0,6420.0
291.0,10853.0
292.0,9633.0
293.0,3949.0
294.0,2287.0
295.0,6190.0
296.0,12573.0
297.0,11459.0
298.0,6097.0
299.0,6274.0
300.0,6637.0
301.0,8125.0
302.0,13851.0
303.0,15138.0
304.0,9193.0
305.0,3494.0
306.0,2037.0
307.0,5234.0
308.0,15239.0
309.0,21329.0
310.0,13368.0
311.0,3822.0
312.0,1643.0
313.0,2805.0
314.0,8496.0
315.0,14050.0
316.0,13543.0
317.0,13836.0
318.0,12456.0
319.0,5676.0
320.0,2475.0
321.0,4938.0
322.0,12601.0
323.0,14732.0
324.0,7581.0
325.0,4733.0
326.0,10374.0
327.0,12956.0
328.0,9521.0
329.0,6909.0
330.0,10337.0
331.0,18135.0
332.0,16097.0
333.0,6226.0
334.0,2912.0
335.0,3681.0
336.0,8223.0
337.0,12576.0
338.0,10440.0
339.0,9025.0
340.0,15377.0
341.0,22376.0
342.0,16699.0
343.0,5642.0
344.0,2051.0
345.0,1962.0
346.0,2521.0
347.0,5676.0
348.0,12279.0
349.0,12905.0
350.0,7993.0
351.0,14295.0
352.0,26023.0
353.0,20606.0
354.0,6802.0
355.0,3248.0
356.0,2859.0
357.0,2047.0
358.0,2197.0
359.0,3291.0
360.0,7096.0
361.0,12218.0
362.0,11675.0
363.0,14156.0
364.0,23811.0
365.0,22865.0
366.0,13690.0
367.0,7065.0
368.0,2669.0
369.0,1908.0
370.0,2034.0
371.0,2285.0
372.0,2353.0
373.0,3077.0
374.0,7116.0
375.0,12810.0
376.0,17412.0
377.0,25170.0
378.0,21113.0
379.0,8561.0
380.0,7353.0
381.0,9498.0
382.0,6313.0
383.0,2519.0
384.0,1869.0
385.0,2116.0
386.0,2447.0
387.0,2399.0
388.0,3101.0
389.0,8168.0
390.0,17896.0
391.0,27389.0
392.0,24796.0
393.0,10554.0
394.0,2619.0
395.0,3218.0
396.0,7904.0
397.0,10222.0
398.0,5854.0
399.0,2120.0
400.0,1751.0
401.0,2260.0
402.0,2947.0
403.0,2922.0
404.0,3328.0
405.0,9937.0
406.0,25398.0
407.0,30964.0
408.0,16686.0
409.0,4657.0
410.0,2367.0
411.0,2278.0
412.0,3494.0
413.0,8325.0
414.0,11042.0
415.0,6079.0
416.0,2231.0
417.0,2055.0
418.0,2034.0
419.0,1979.0
420.0,2469.0
421.0,4263.0
422.0,14454.0
423.0,30372.0
424.0,26310.0
425.0,8729.0
426.0,2959.0
427.0,2409.0
428.0,2050.0
429.0,2243.0
430.0,3592.0
431.0,8872.0
432.0,11928.0
433.0,7090.0
434.0,2290.0
435.0,1493.0
436.0,1530.0
437.0,1715.0
438.0,2259.0
439.0,5710.0
440.0,18996.0
441.0,30113.0
442.0,20123.0
443.0,6047.0
444.0,2077.0
445.0,1986.0
446.0,2404.0
447.0,2433.0
448.0,2188.0
449.0,3122.0
450.0,8187.0
451.0,12588.0
452.0,8181.0
453.0,2554.0
454.0,1639.0
455.0,1775.0
456.0,1930.0
457.0,2733.0
458.0,8939.0
459.0,21698.0
460.0,23646.0
461.0,14015.0
462.0,6640.0
463.0,2810.0
464.0,1972.0
465.0,1870.0
466.0,1851.0
467.0,1924.0
468.0,2224.0
469.0,3196.0
470.0,7428.0
471.0,12514.0
472.0,9754.0
473.0,3720.0
474.0,2377.0
475.0,2429.0
476.0,2392.0
477.0,3778.0
478.0,12104.0
479.0,21649.0
480.0,18241.0
481.0,20887.0
482.0,50920.0
483.0,60159.0
484.0,29689.0
485.0,5145.0
486.0,2409.0
487.0,2435.0
488.0,2110.0
489.0,1688.0
490.0,2344.0
491.0,5790.0
492.0,11709.0
493.0,10678.0
494.0,4694.0
495.0,2344.0
496.0,1715.0
497.0,1761.0
498.0,3942.0
499.0,12961.0
500.0,18842.0
501.0,11145.0
502.0,4513.0
503.0,6305.0
504.0,5797.0
505.0,2933.0
506.0,2068.0
507.0,2101.0
508.0,1897.0
509.0,1611.0
510.0,1544.0
511.0,1705.0
512.0,2031.0
513.0,4117.0
514.0,9712.0
515.0,11130.0
516.0,5469.0
517.0,2189.0
518.0,2077.0
519.0,2499.0
520.0,4820.0
521.0,13558.0
522.0,17302.0
523.0,8626.0
524.0,2287.0
525.0,2393.0
526.0,4856.0
527.0,5553.0
528.0,3280.0
529.0,1674.0
530.0,1569.0
531.0,1690.0
532.0,1759.0
533.0,1664.0
534.0,1564.0
535.0,1620.0
536.0,2658.0
537.0,7229.0
538.0,11012.0
539.0,7222.0
540.0,2648.0
541.0,2140.0
542.0,2501.0
543.0,5433.0
544.0,14201.0
545.0,16285.0
546.0,7691.0
547.0,2121.0
548.0,1517.0
549.0,1708.0
550.0,2019.0
551.0,2025.0
552.0,2281.0
553.0,2829.0
554.0,2402.0
555.0,1548.0
556.0,1308.0
557.0,1396.0
558.0,1603.0
559.0,1660.0
560.0,1990.0
561.0,4711.0
562.0,9549.0
563.0,8417.0
564.0,3236.0
565.0,1788.0
566.0,1838.0
567.0,3768.0
568.0,10411.0
569.0,12921.0
570.0,6430.0
571.0,2182.0
572.0,2638.0
573.0,4362.0
574.0,3970.0
575.0,2208.0
576.0,2159.0
577.0,2510.0
578.0,1997.0
579.0,1562.0
580.0,1772.0
581.0,2283.0
582.0,1990.0
583.0,1477.0
584.0,1364.0
585.0,1386.0
586.0,2769.0
587.0,7266.0
588.0,8765.0
589.0,4418.0
590.0,1893.0
591.0,1761.0
592.0,3055.0
593.0,8365.0
594.0,11183.0
595.0,6371.0
596.0,2162.0
597.0,1684.0
598.0,2151.0
599.0,3412.0
600.0,3565.0
601.0,2190.0
602.0,1584.0
603.0,1678.0
604.0,1820.0
605.0,1801.0
606.0,1736.0
607.0,1755.0
608.0,1798.0
609.0,1899.0
610.0,1820.0
611.0,1649.0
612.0,2032.0
613.0,4768.0
614.0,7844.0
615.0,5599.0
616.0,2284.0
617.0,1677.0
618.0,1963.0
619.0,4451.0
620.0,8905.0
621.0,7287.0
622.0,2541.0
623.0,1193.0
624.0,1278.0
625.0,1676.0
626.0,2687.0
627.0,2977.0
628.0,1885.0
629.0,1108.0
630.0,1059.0
631.0,1024.0
632.0,1096.0
633.0,1175.0
634.0,1252.0
635.0,1452.0
636.0,1636.0
637.0,1510.0
638.0,1202.0
639.0,1114.0
640.0,2306.0
641.0,5605.0
642.0,5899.0
643.0,2724.0
644.0,1389.0
645.0,3191.0
646.0,7042.0
647.0,6227.0
648.0,2503.0
649.0,1534.0
650.0,1633.0
651.0,1676.0
652.0,1555.0
653.0,1429.0
654.0,1895.0
655.0,2226.0
656.0,1736.0
657.0,1497.0
658.0,1484.0
659.0,1242.0
660.0,1282.0
661.0,1528.0
662.0,1428.0
663.0,1168.0
664.0,979.0
665.0,1114.0
666.0,1209.0
667.0,1007.0
668.0,1282.0
669.0,3436.0
670.0,5645.0
671.0,4244.0
672.0,2094.0
673.0,1759.0
674.0,3181.0
675.0,5634.0
676.0,4521.0
677.0,1791.0
678.0,1203.0
679.0,1189.0
680.0,1170.0
681.0,1140.0
682.0,1267.0
683.0,1838.0
684.0,2355.0
685.0,1967.0
686.0,1248.0
687.0,1094.0
688.0,1188.0
689.0,1167.0
690.0,1264.0
691.0,1298.0
692.0,1157.0
693.0,1113.0
694.0,1247.0
695.0,1256.0
696.0,1264.0
697.0,1234.0
698.0,2116.0
699.0,4183.0
700.0,4155.0
701.0,2068.0
702.0,2459.0
703.0,4368.0
704.0,3916.0
705.0,2033.0
706.0,1628.0
707.0,1330.0
708.0,1016.0
709.0,1038.0
710.0,1189.0
711.0,1359.0
712.0,1739.0
713.0,2127.0
714.0,1922.0
715.0,1288.0
716.0,987.0
717.0,1125.0
718.0,1327.0
719.0,1343.0
720.0,1386.0
721.0,1219.0
722.0,1188.0
723.0,1286.0
724.0,1298.0
725.0,1235.0
726.0,1146.0
727.0,1024.0
728.0,1255.0
729.0,2782.0
730.0,3800.0
731.0,2686.0
732.0,1949.0
733.0,3222.0
734.0,3910.0
735.0,2510.0
736.0,1223.0
737.0,1030.0
738.0,1006.0
739.0,998.0
740.0,966.0
741.0,1078.0
742.0,1298.0
743.0,1306.0
744.0,1245.0
745.0,1409.0
746.0,1342.0
747.0,1219.0
748.0,1238.0
749.0,1263.0
750.0,1286.0
751.0,1295.0
752.0,1242.0
753.0,1353.0
754.0,1505.0
755.0,2078.0
756.0,6813.0
757.0,47619.0
758.0,72344.0
759.0,70285.0
760.0,37871.0
761.0,4174.0
762.0,2973.0
763.0,1725.0
764.0,1921.0
765.0,2928.0
766.0,2370.0
767.0,1229.0
768.0,914.0
769.0,943.0
770.0,923.0
771.0,913.0
772.0,1057.0
773.0,1137.0
774.0,1179.0
775.0,1194.0
776.0,1197.0
777.0,1198.0
778.0,985.0
779.0,836.0
780.0,881.0
781.0,809.0
782.0,712.0
783.0,658.0
784.0,677.0
785.0,753.0
786.0,724.0
787.0,711.0
788.0,710.0
789.0,662.0
790.0,718.0
791.0,793.0
792.0,1178.0
793.0,2114.0
794.0,2493.0
795.0,1555.0
796.0,946.0
797.0,833.0
798.0,981.0
799.0,1434.0
800.0,1388.0
801.0,871.0
802.0,773.0
803.0,689.0
804.0,682.0
805.0,694.0
806.0,644.0
807.0,624.0
808.0,718.0
809.0,894.0
810.0,946.0
811.0,833.0
812.0,718.0
813.0,671.0
814.0,676.0
815.0,648.0
816.0,574.0
817.0,477.0
818.0,546.0
819.0,682.0
820.0,675.0
821.0,585.0
822.0,503.0
823.0,525.0
824.0,567.0
825.0,557.0
826.0,664.0
827.0,1068.0
828.0,1330.0
829.0,1326.0
830.0,1383.0
831.0,1027.0
832.0,660.0
833.0,557.0
834.0,605.0
835.0,642.0
836.0,659.0
837.0,692.0
838.0,681.0
839.0,612.0
840.0,586.0
841.0,522.0
842.0,472.0
843.0,544.0
844.0,657.0
845.0,637.0
846.0,624.0
847.0,568.0
848.0,499.0
849.0,568.0
850.0,589.0
851.0,502.0
852.0,430.0
853.0,394.0
854.0,440.0
855.0,553.0
856.0,831.0
857.0,785.0
858.0,517.0
859.0,438.0
860.0,458.0
861.0,470.0
862.0,470.0
863.0,709.0
864.0,1141.0
865.0,952.0
866.0,596.0
867.0,447.0
868.0,420.0
869.0,500.0
870.0,617.0
871.0,584.0
872.0,417.0
873.0,371.0
874.0,381.0
875.0,368.0
876.0,403.0
877.0,381.0
878.0,396.0
879.0,439.0
880.0,416.0
881.0,366.0
882.0,387.0
883.0,377.0
884.0,347.0
885.0,349.0
886.0,322.0
887.0,349.0
888.0,317.0
889.0,346.0
890.0,322.0
891.0,328.0
892.0,366.0
893.0,405.0
894.0,485.0
895.0,615.0
896.0,597.0
897.0,387.0
898.0,404.0
899.0,546.0
900.0,485.0
901.0,387.0
902.0,387.0
903.0,376.0
904.0,351.0
905.0,328.0
906.0,299.0
907.0,307.0
908.0,296.0
909.0,277.0
910.0,281.0
911.0,282.0
912.0,295.0
913.0,259.0
914.0,312.0
915.0,371.0
916.0,330.0
917.0,293.0
918.0,238.0
919.0,216.0
920.0,230.0
921.0,247.0
922.0,282.0
923.0,295.0
924.0,326.0
925.0,282.0
926.0,254.0
927.0,236.0
928.0,242.0
929.0,257.0
930.0,283.0
931.0,306.0
932.0,365.0
933.0,286.0
934.0,268.0
935.0,304.0
936.0,319.0
937.0,266.0
938.0,257.0
939.0,217.0
940.0,200.0
941.0,205.0
942.0,249.0
943.0,281.0
944.0,265.0
945.0,242.0
946.0,241.0
947.0,413.0
948.0,1486.0
949.0,2606.0
950.0,1676.0
951.0,447.0
952.0,227.0
953.0,220.0
954.0,222.0
955.0,185.0
956.0,203.0
957.0,200.0
958.0,198.0
959.0,200.0
960.0,188.0
961.0,213.0
962.0,217.0
963.0,196.0
964.0,181.0
965.0,155.0
966.0,158.0
967.0,149.0
968.0,173.0
969.0,207.0
970.0,181.0
971.0,179.0
972.0,193.0
973.0,427.0
974.0,816.0
975.0,619.0
976.0,264.0
977.0,160.0
978.0,145.0
979.0,138.0
980.0,115.0
981.0,140.0
982.0,130.0
983.0,137.0
984.0,134.0
985.0,140.0
986.0,115.0
987.0,132.0
988.0,113.0
989.0,110.0
990.0,124.0
991.0,114.0
992.0,117.0
993.0,107.0
994.0,123.0
995.0,115.0
996.0,98.0
997.0,95.0
998.0,91.0
999.0,107.0
1000.0,91.0
1001.0,78.0
1002.0,83.0
1003.0,104.0
1004.0,93.0
1005.0,109.0
1006.0,190.0
1007.0,691.0
1008.0,1258.0
1009.0,874.0
1010.0,240.0
1011.0,119.0
1012.0,91.0
1013.0,87.0
1014.0,88.0
1015.0,79.0
1016.0,96.0
1017.0,81.0
1018.0,82.0
1019.0,75.0
1020.0,89.0
1021.0,74.0
1022.0,69.0
1023.0,84.0
