0.0,72.0
1.0,108.0
2.0,100.0
3.0,163.0
4.0,217.0
5.0,186.0
6.0,124.0
7.0,104.0
8.0,115.0
9.0,130.0
10.0,125.0
11.0,138.0
12.0,131.0
13.0,133.0
14.0,146.0
15.0,143.0
16.0,144.0
17.0,139.0
18.0,222.0
19.0,486.0
20.0,579.0
21.0,310.0
22.0,148.0
23.0,160.0
24.0,189.0
25.0,423.0
26.0,769.0
27.0,613.0
28.0,205.0
29.0,134.0
30.0,110.0
31.0,157.0
32.0,223.0
33.0,317.0
34.0,249.0
35.0,156.0
36.0,125.0
37.0,101.0
38.0,124.0
39.0,139.0
40.0,127.0
41.0,150.0
42.0,160.0
43.0,202.0
44.0,182.0
45.0,153.0
46.0,149.0
47.0,213.0
48.0,568.0
49.0,825.0
50.0,515.0
51.0,197.0
52.0,238.0
53.0,634.0
54.0,1026.0
55.0,677.0
56.0,259.0
57.0,236.0
58.0,236.0
59.0,248.0
60.0,250.0
61.0,223.0
62.0,295.0
63.0,361.0
64.0,305.0
65.0,274.0
66.0,252.0
67.0,225.0
68.0,206.0
69.0,243.0
70.0,298.0
71.0,253.0
72.0,203.0
73.0,195.0
74.0,215.0
75.0,237.0
76.0,184.0
77.0,232.0
78.0,544.0
79.0,1110.0
80.0,965.0
81.0,505.0
82.0,354.0
83.0,453.0
84.0,974.0
85.0,1248.0
86.0,678.0
87.0,312.0
88.0,273.0
89.0,276.0
90.0,270.0
91.0,276.0
92.0,291.0
93.0,421.0
94.0,600.0
95.0,539.0
96.0,364.0
97.0,273.0
98.0,322.0
99.0,346.0
100.0,323.0
101.0,363.0
102.0,335.0
103.0,315.0
104.0,332.0
105.0,380.0
106.0,399.0
107.0,363.0
108.0,382.0
109.0,580.0
110.0,1295.0
111.0,1391.0
112.0,708.0
113.0,581.0
114.0,1279.0
115.0,1461.0
116.0,874.0
117.0,583.0
118.0,535.0
119.0,423.0
120.0,361.0
121.0,420.0
122.0,453.0
123.0,534.0
124.0,702.0
125.0,832.0
126.0,753.0
127.0,547.0
128.0,404.0
129.0,442.0
130.0,548.0
131.0,546.0
132.0,546.0
133.0,554.0
134.0,522.0
135.0,496.0
136.0,563.0
137.0,575.0
138.0,561.0
139.0,518.0
140.0,468.0
141.0,526.0
142.0,1254.0
143.0,1928.0
144.0,1397.0
145.0,896.0
146.0,1339.0
147.0,2060.0
148.0,1634.0
149.0,821.0
150.0,575.0
151.0,508.0
152.0,531.0
153.0,533.0
154.0,551.0
155.0,611.0
156.0,732.0
157.0,750.0
158.0,729.0
159.0,808.0
160.0,814.0
161.0,772.0
162.0,759.0
163.0,797.0
164.0,818.0
165.0,868.0
166.0,809.0
167.0,882.0
168.0,954.0
169.0,1082.0
170.0,1634.0
171.0,5673.0
172.0,33888.0
173.0,66241.0
174.0,54691.0
175.0,12712.0
176.0,3034.0
177.0,2362.0
178.0,1321.0
179.0,1193.0
180.0,2113.0
181.0,2181.0
182.0,1245.0
183.0,795.0
184.0,708.0
185.0,747.0
186.0,745.0
187.0,767.0
188.0,916.0
189.0,939.0
190.0,966.0
191.0,1014.0
192.0,1055.0
193.0,1073.0
194.0,895.0
195.0,773.0
196.0,810.0
197.0,736.0
198.0,672.0
199.0,597.0
200.0,621.0
201.0,703.0
202.0,732.0
203.0,710.0
204.0,728.0
205.0,701.0
206.0,686.0
207.0,731.0
208.0,884.0
209.0,1148.0
210.0,2266.0
211.0,2905.0
212.0,2031.0
213.0,1148.0
214.0,959.0
215.0,945.0
216.0,1467.0
217.0,1848.0
218.0,1386.0
219.0,968.0
220.0,883.0
221.0,807.0
222.0,880.0
223.0,862.0
224.0,789.0
225.0,808.0
226.0,905.0
227.0,1173.0
228.0,1302.0
229.0,1212.0
230.0,1017.0
231.0,914.0
232.0,935.0
233.0,966.0
234.0,915.0
235.0,730.0
236.0,687.0
237.0,892.0
238.0,1057.0
239.0,1051.0
240.0,849.0
241.0,733.0
242.0,802.0
243.0,881.0
244.0,922.0
245.0,930.0
246.0,1610.0
247.0,2398.0
248.0,2394.0
249.0,2574.0
250.0,2311.0
251.0,1458.0
252.0,1092.0
253.0,996.0
254.0,1192.0
255.0,1295.0
256.0,1283.0
257.0,1351.0
258.0,1355.0
259.0,1230.0
260.0,1171.0
261.0,1013.0
262.0,999.0
263.0,1001.0
264.0,1259.0
265.0,1387.0
266.0,1373.0
267.0,1321.0
268.0,1113.0
269.0,1123.0
270.0,1309.0
271.0,1321.0
272.0,1079.0
273.0,889.0
274.0,897.0
275.0,1056.0
276.0,1380.0
277.0,2140.0
278.0,2162.0
279.0,1406.0
280.0,992.0
281.0,1122.0
282.0,1233.0
283.0,1184.0
284.0,1461.0
285.0,2757.0
286.0,3421.0
287.0,2393.0
288.0,1441.0
289.0,1269.0
290.0,1175.0
291.0,1463.0
292.0,1871.0
293.0,1812.0
294.0,1322.0
295.0,1134.0
296.0,1112.0
297.0,1141.0
298.0,1192.0
299.0,1172.0
300.0,1229.0
301.0,1354.0
302.0,1483.0
303.0,1371.0
304.0,1233.0
305.0,1362.0
306.0,1312.0
307.0,1207.0
308.0,1142.0
309.0,1106.0
310.0,1237.0
311.0,1269.0
312.0,1197.0
313.0,1177.0
314.0,1276.0
315.0,1498.0
316.0,1688.0
317.0,1929.0
318.0,2609.0
319.0,3047.0
320.0,2228.0
321.0,1440.0
322.0,1955.0
323.0,2618.0
324.0,2283.0
325.0,1758.0
326.0,1765.0
327.0,1738.0
328.0,1575.0
329.0,1426.0
330.0,1256.0
331.0,1354.0
332.0,1519.0
333.0,1459.0
334.0,1339.0
335.0,1353.0
336.0,1468.0
337.0,1465.0
338.0,1462.0
339.0,1933.0
340.0,2106.0
341.0,1749.0
342.0,1440.0
343.0,1209.0
344.0,1114.0
345.0,1228.0
346.0,1446.0
347.0,1578.0
348.0,1793.0
349.0,1960.0
350.0,1852.0
351.0,1549.0
352.0,1378.0
353.0,1464.0
354.0,1742.0
355.0,1957.0
356.0,2003.0
357.0,2536.0
358.0,2591.0
359.0,1949.0
360.0,2000.0
361.0,2705.0
362.0,2474.0
363.0,1989.0
364.0,1901.0
365.0,1727.0
366.0,1503.0
367.0,1547.0
368.0,1995.0
369.0,2540.0
370.0,2487.0
371.0,2227.0
372.0,2097.0
373.0,2557.0
374.0,6813.0
375.0,25105.0
376.0,34770.0
377.0,17985.0
378.0,3959.0
379.0,2139.0
380.0,2222.0
381.0,2076.0
382.0,1779.0
383.0,1925.0
384.0,2257.0
385.0,2222.0
386.0,2194.0
387.0,2179.0
388.0,2280.0
389.0,2498.0
390.0,2479.0
391.0,2164.0
392.0,1894.0
393.0,1962.0
394.0,1908.0
395.0,1757.0
396.0,2341.0
397.0,2948.0
398.0,2463.0
399.0,2270.0
400.0,3090.0
401.0,7126.0
402.0,16753.0
403.0,16985.0
404.0,7070.0
405.0,2405.0
406.0,1900.0
407.0,2044.0
408.0,2070.0
409.0,1946.0
410.0,1984.0
411.0,2164.0
412.0,2673.0
413.0,2682.0
414.0,2391.0
415.0,2031.0
416.0,1965.0
417.0,2174.0
418.0,2158.0
419.0,1962.0
420.0,2040.0
421.0,2207.0
422.0,2299.0
423.0,2221.0
424.0,2317.0
425.0,2049.0
426.0,1746.0
427.0,1612.0
428.0,1620.0
429.0,1711.0
430.0,1710.0
431.0,1847.0
432.0,2083.0
433.0,2517.0
434.0,2666.0
435.0,2970.0
436.0,6045.0
437.0,34655.0
438.0,69699.0
439.0,67560.0
440.0,33372.0
441.0,4065.0
442.0,2469.0
443.0,2026.0
444.0,1748.0
445.0,1563.0
446.0,1631.0
447.0,2139.0
448.0,2639.0
449.0,2413.0
450.0,1866.0
451.0,1779.0
452.0,1941.0
453.0,2056.0
454.0,2171.0
455.0,2213.0
456.0,2119.0
457.0,2008.0
458.0,1791.0
459.0,1602.0
460.0,1692.0
461.0,2122.0
462.0,2365.0
463.0,2647.0
464.0,2881.0
465.0,2433.0
466.0,2335.0
467.0,2494.0
468.0,2289.0
469.0,1941.0
470.0,1874.0
471.0,1669.0
472.0,1571.0
473.0,2188.0
474.0,3512.0
475.0,3859.0
476.0,2860.0
477.0,2653.0
478.0,3117.0
479.0,3095.0
480.0,2655.0
481.0,2164.0
482.0,1718.0
483.0,1729.0
484.0,2029.0
485.0,2176.0
486.0,2129.0
487.0,2344.0
488.0,2887.0
489.0,2818.0
490.0,2275.0
491.0,1944.0
492.0,1783.0
493.0,2059.0
494.0,2170.0
495.0,2090.0
496.0,2121.0
497.0,2122.0
498.0,2058.0
499.0,1708.0
500.0,1778.0
501.0,2352.0
502.0,2491.0
503.0,2247.0
504.0,2334.0
505.0,2424.0
506.0,2164.0
507.0,2012.0
508.0,2053.0
509.0,2224.0
510.0,2643.0
511.0,2847.0
512.0,2324.0
513.0,1976.0
514.0,2228.0
515.0,2334.0
516.0,2130.0
517.0,2122.0
518.0,2918.0
519.0,4038.0
520.0,4659.0
521.0,4378.0
522.0,3882.0
523.0,3468.0
524.0,2800.0
525.0,2597.0
526.0,2750.0
527.0,2834.0
528.0,2647.0
529.0,2467.0
530.0,2549.0
531.0,2860.0
532.0,3340.0
533.0,3231.0
534.0,2866.0
535.0,2409.0
536.0,2203.0
537.0,2154.0
538.0,1968.0
539.0,1930.0
540.0,2061.0
541.0,2261.0
542.0,2317.0
543.0,2667.0
544.0,2820.0
545.0,2422.0
546.0,1957.0
547.0,1729.0
548.0,1934.0
549.0,2142.0
550.0,1925.0
551.0,1994.0
552.0,2567.0
553.0,2623.0
554.0,2331.0
555.0,2065.0
556.0,1894.0
557.0,1685.0
558.0,1444.0
559.0,1733.0
560.0,2053.0
561.0,2110.0
562.0,2125.0
563.0,2196.0
564.0,2243.0
565.0,2445.0
566.0,2157.0
567.0,1574.0
568.0,1326.0
569.0,1508.0
570.0,1826.0
571.0,2339.0
572.0,2368.0
573.0,1935.0
574.0,1857.0
575.0,1817.0
576.0,1707.0
577.0,1663.0
578.0,1666.0
579.0,1573.0
580.0,1616.0
581.0,1812.0
582.0,1945.0
583.0,2010.0
584.0,1774.0
585.0,1703.0
586.0,2077.0
587.0,2355.0
588.0,2584.0
589.0,2725.0
590.0,2181.0
591.0,1505.0
592.0,1341.0
593.0,1442.0
594.0,1614.0
595.0,1735.0
596.0,1902.0
597.0,1970.0
598.0,1907.0
599.0,2089.0
600.0,2397.0
601.0,2034.0
602.0,1878.0
603.0,1755.0
604.0,1747.0
605.0,2312.0
606.0,3195.0
607.0,3317.0
608.0,2451.0
609.0,1789.0
610.0,1673.0
611.0,1635.0
612.0,1689.0
613.0,1923.0
614.0,1855.0
615.0,1755.0
616.0,1952.0
617.0,2064.0
618.0,1732.0
619.0,1488.0
620.0,1845.0
621.0,2120.0
622.0,1673.0
623.0,1459.0
624.0,1511.0
625.0,1517.0
626.0,1407.0
627.0,1657.0
628.0,1986.0
629.0,1968.0
630.0,1733.0
631.0,1539.0
632.0,1551.0
633.0,1637.0
634.0,1846.0
635.0,2189.0
636.0,1959.0
637.0,1571.0
638.0,1553.0
639.0,2156.0
640.0,3091.0
641.0,3262.0
642.0,2872.0
643.0,2478.0
644.0,2300.0
645.0,2158.0
646.0,2261.0
647.0,2866.0
648.0,3040.0
649.0,2556.0
650.0,2045.0
651.0,2052.0
652.0,2032.0
653.0,1788.0
654.0,1775.0
655.0,1889.0
656.0,2027.0
657.0,1853.0
658.0,1889.0
659.0,2337.0
660.0,2381.0
661.0,2057.0
662.0,1852.0
663.0,1926.0
664.0,1943.0
665.0,1822.0
666.0,1673.0
667.0,1557.0
668.0,1644.0
669.0,1880.0
670.0,2213.0
671.0,2109.0
672.0,1805.0
673.0,1630.0
674.0,1474.0
675.0,1301.0
676.0,1120.0
677.0,1308.0
678.0,1726.0
679.0,2108.0
680.0,2029.0
681.0,1881.0
682.0,1943.0
683.0,1619.0
684.0,1439.0
685.0,1261.0
686.0,1357.0
687.0,1939.0
688.0,2186.0
689.0,1810.0
690.0,1491.0
691.0,1486.0
692.0,1535.0
693.0,1600.0
694.0,1740.0
695.0,1680.0
696.0,1715.0
697.0,1766.0
698.0,1786.0
699.0,1809.0
700.0,1893.0
701.0,1598.0
702.0,1443.0
703.0,1399.0
704.0,1504.0
705.0,1624.0
706.0,1602.0
707.0,1674.0
708.0,1589.0
709.0,1648.0
710.0,1785.0
711.0,1658.0
712.0,1534.0
713.0,1357.0
714.0,1266.0
715.0,1292.0
716.0,1407.0
717.0,1377.0
718.0,1277.0
719.0,1198.0
720.0,1182.0
721.0,1228.0
722.0,1353.0
723.0,1499.0
724.0,1591.0
725.0,1895.0
726.0,2278.0
727.0,2313.0
728.0,2296.0
729.0,2307.0
730.0,2208.0
731.0,2123.0
732.0,1708.0
733.0,1609.0
734.0,1832.0
735.0,1759.0
736.0,1530.0
737.0,1342.0
738.0,1236.0
739.0,1463.0
740.0,1826.0
741.0,1764.0
742.0,1638.0
743.0,1636.0
744.0,1552.0
745.0,1482.0
746.0,1250.0
747.0,1109.0
748.0,1163.0
749.0,1153.0
750.0,1194.0
751.0,1301.0
752.0,1353.0
753.0,1286.0
754.0,1269.0
755.0,1260.0
756.0,1232.0
757.0,1421.0
758.0,1744.0
759.0,1984.0
760.0,1843.0
761.0,1533.0
762.0,1480.0
763.0,1540.0
764.0,1413.0
765.0,1299.0
766.0,1293.0
767.0,1366.0
768.0,1556.0
769.0,1976.0
770.0,2157.0
771.0,2030.0
772.0,1665.0
773.0,1354.0
774.0,1437.0
775.0,1594.0
776.0,1501.0
777.0,1337.0
778.0,1231.0
779.0,1117.0
780.0,1147.0
781.0,1279.0
782.0,1401.0
783.0,1388.0
784.0,1383.0
785.0,1392.0
786.0,1203.0
787.0,1291.0
788.0,1235.0
789.0,1037.0
790.0,1021.0
791.0,1087.0
792.0,912.0
793.0,777.0
794.0,798.0
795.0,903.0
796.0,929.0
797.0,955.0
798.0,1034.0
799.0,1025.0
800.0,903.0
801.0,816.0
802.0,832.0
803.0,906.0
804.0,897.0
805.0,919.0
806.0,860.0
807.0,808.0
808.0,789.0
809.0,820.0
810.0,784.0
811.0,740.0
812.0,799.0
813.0,908.0
814.0,856.0
815.0,726.0
816.0,659.0
817.0,645.0
818.0,675.0
819.0,641.0
820.0,716.0
821.0,711.0
822.0,754.0
823.0,799.0
824.0,841.0
825.0,863.0
826.0,776.0
827.0,617.0
828.0,560.0
829.0,622.0
830.0,679.0
831.0,573.0
832.0,593.0
833.0,661.0
834.0,682.0
835.0,666.0
836.0,609.0
837.0,575.0
838.0,562.0
839.0,529.0
840.0,535.0
841.0,482.0
842.0,545.0
843.0,620.0
844.0,659.0
845.0,647.0
846.0,660.0
847.0,589.0
848.0,515.0
849.0,441.0
850.0,448.0
851.0,485.0
852.0,503.0
853.0,516.0
854.0,635.0
855.0,629.0
856.0,519.0
857.0,478.0
858.0,486.0
859.0,398.0
860.0,418.0
861.0,440.0
862.0,452.0
863.0,487.0
864.0,574.0
865.0,658.0
866.0,555.0
867.0,460.0
868.0,386.0
869.0,407.0
870.0,433.0
871.0,441.0
872.0,428.0
873.0,438.0
874.0,456.0
875.0,437.0
876.0,459.0
877.0,445.0
878.0,444.0
879.0,432.0
880.0,483.0
881.0,789.0
882.0,1058.0
883.0,911.0
884.0,769.0
885.0,632.0
886.0,566.0
887.0,706.0
888.0,627.0
889.0,429.0
890.0,331.0
891.0,475.0
892.0,737.0
893.0,617.0
894.0,456.0
895.0,483.0
896.0,456.0
897.0,592.0
898.0,769.0
899.0,634.0
900.0,428.0
901.0,299.0
902.0,315.0
903.0,491.0
904.0,873.0
905.0,1872.0
906.0,7940.0
907.0,12322.0
908.0,6188.0
909.0,1029.0
910.0,622.0
911.0,546.0
912.0,533.0
913.0,568.0
914.0,393.0
915.0,287.0
916.0,267.0
917.0,348.0
918.0,475.0
919.0,383.0
920.0,301.0
921.0,379.0
922.0,499.0
923.0,395.0
924.0,243.0
925.0,234.0
926.0,363.0
927.0,429.0
928.0,303.0
929.0,205.0
930.0,219.0
931.0,251.0
932.0,382.0
933.0,418.0
934.0,315.0
935.0,198.0
936.0,280.0
937.0,380.0
938.0,291.0
939.0,198.0
940.0,154.0
941.0,170.0
942.0,174.0
943.0,194.0
944.0,284.0
945.0,323.0
946.0,256.0
947.0,238.0
948.0,319.0
949.0,294.0
950.0,176.0
951.0,135.0
952.0,106.0
953.0,133.0
954.0,162.0
955.0,176.0
956.0,160.0
957.0,184.0
958.0,236.0
959.0,193.0
960.0,218.0
961.0,256.0
962.0,194.0
963.0,148.0
964.0,186.0
965.0,199.0
966.0,174.0
967.0,152.0
968.0,117.0
969.0,112.0
970.0,104.0
971.0,131.0
972.0,170.0
973.0,186.0
974.0,201.0
975.0,196.0
976.0,142.0
977.0,119.0
978.0,101.0
979.0,99.0
980.0,89.0
981.0,103.0
982.0,104.0
983.0,95.0
984.0,100.0
985.0,89.0
986.0,104.0
987.0,110.0
988.0,157.0
989.0,159.0
990.0,156.0
991.0,110.0
992.0,80.0
993.0,90.0
994.0,76.0
995.0,71.0
996.0,79.0
997.0,80.0
998.0,67.0
999.0,77.0
1000.0,68.0
1001.0,72.0
1002.0,77.0
1003.0,82.0
1004.0,106.0
1005.0,110.0
1006.0,99.0
1007.0,90.0
1008.0,69.0
1009.0,71.0
1010.0,61.0
1011.0,77.0
1012.0,90.0
1013.0,75.0
1014.0,77.0
1015.0,59.0
1016.0,72.0
1017.0,67.0
1018.0,61.0
1019.0,67.0
1020.0,61.0
1021.0,64.0
1022.0,63.0
1023.0,97.0
