0.0,16.0
1.0,30.0
2.0,22.0
3.0,37.0
4.0,37.0
5.0,23.0
6.0,33.0
7.0,28.0
8.0,42.0
9.0,39.0
10.0,28.0
11.0,31.0
12.0,43.0
13.0,37.0
14.0,48.0
15.0,34.0
16.0,50.0
17.0,50.0
18.0,49.0
19.0,55.0
20.0,52.0
21.0,57.0
22.0,70.0
23.0,78.0
24.0,81.0
25.0,72.0
26.0,79.0
27.0,63.0
28.0,69.0
29.0,59.0
30.0,56.0
31.0,53.0
32.0,71.0
33.0,57.0
34.0,61.0
35.0,54.0
36.0,73.0
37.0,88.0
38.0,120.0
39.0,101.0
40.0,100.0
41.0,117.0
42.0,126.0
43.0,159.0
44.0,140.0
45.0,78.0
46.0,80.0
47.0,133.0
48.0,116.0
49.0,124.0
50.0,123.0
51.0,142.0
52.0,119.0
53.0,95.0
54.0,97.0
55.0,133.0
56.0,147.0
57.0,134.0
58.0,122.0
59.0,77.0
60.0,78.0
61.0,108.0
62.0,161.0
63.0,224.0
64.0,202.0
65.0,231.0
66.0,166.0
67.0,134.0
68.0,144.0
69.0,156.0
70.0,152.0
71.0,132.0
72.0,129.0
73.0,134.0
74.0,146.0
75.0,175.0
76.0,255.0
77.0,315.0
78.0,335.0
79.0,262.0
80.0,240.0
81.0,294.0
82.0,442.0
83.0,1186.0
84.0,2200.0
85.0,2037.0
86.0,1295.0
87.0,1604.0
88.0,1700.0
89.0,899.0
90.0,590.0
91.0,943.0
92.0,1571.0
93.0,1481.0
94.0,643.0
95.0,260.0
96.0,252.0
97.0,392.0
98.0,1312.0
99.0,2411.0
100.0,1717.0
101.0,761.0
102.0,1100.0
103.0,1441.0
104.0,1036.0
105.0,703.0
106.0,1135.0
107.0,2558.0
108.0,3217.0
109.0,1955.0
110.0,741.0
111.0,442.0
112.0,409.0
113.0,476.0
114.0,996.0
115.0,2506.0
116.0,3466.0
117.0,3263.0
118.0,2280.0
119.0,885.0
120.0,421.0
121.0,420.0
122.0,451.0
123.0,737.0
124.0,2363.0
125.0,3488.0
126.0,2280.0
127.0,1439.0
128.0,1799.0
129.0,3000.0
130.0,2423.0
131.0,917.0
132.0,463.0
133.0,429.0
134.0,962.0
135.0,3194.0
136.0,4356.0
137.0,2389.0
138.0,906.0
139.0,917.0
140.0,1597.0
141.0,2000.0
142.0,2909.0
143.0,3631.0
144.0,2218.0
145.0,888.0
146.0,707.0
147.0,1819.0
148.0,4883.0
149.0,5143.0
150.0,2174.0
151.0,745.0
152.0,499.0
153.0,444.0
154.0,636.0
155.0,1418.0
156.0,2190.0
157.0,2704.0
158.0,3940.0
159.0,3116.0
160.0,1153.0
161.0,1348.0
162.0,4443.0
163.0,6677.0
164.0,3796.0
165.0,961.0
166.0,736.0
167.0,909.0
168.0,1009.0
169.0,1071.0
170.0,882.0
171.0,883.0
172.0,1989.0
173.0,2919.0
174.0,3005.0
175.0,4194.0
176.0,3899.0
177.0,2169.0
178.0,4527.0
179.0,8093.0
180.0,5901.0
181.0,2112.0
182.0,1406.0
183.0,1290.0
184.0,1037.0
185.0,795.0
186.0,748.0
187.0,734.0
188.0,623.0
189.0,603.0
190.0,1056.0
191.0,2786.0
192.0,3595.0
193.0,3618.0
194.0,5328.0
195.0,5346.0
196.0,6991.0
197.0,10431.0
198.0,7781.0
199.0,3832.0
200.0,1938.0
201.0,850.0
202.0,788.0
203.0,932.0
204.0,781.0
205.0,735.0
206.0,749.0
207.0,774.0
208.0,919.0
209.0,1316.0
210.0,1639.0
211.0,2997.0
212.0,4960.0
213.0,4522.0
214.0,5230.0
215.0,8221.0
216.0,11415.0
217.0,10559.0
218.0,4569.0
219.0,1236.0
220.0,854.0
221.0,945.0
222.0,993.0
223.0,1072.0
224.0,1398.0
225.0,1469.0
226.0,1357.0
227.0,1181.0
228.0,962.0
229.0,940.0
230.0,931.0
231.0,971.0
232.0,1282.0
233.0,2678.0
234.0,5251.0
235.0,5428.0
236.0,6211.0
237.0,13110.0
238.0,14876.0
239.0,7413.0
240.0,2171.0
241.0,1691.0
242.0,1693.0
243.0,1462.0
244.0,1399.0
245.0,1413.0
246.0,1447.0
247.0,1364.0
248.0,1423.0
249.0,1710.0
250.0,1822.0
251.0,1334.0
252.0,798.0
253.0,697.0
254.0,777.0
255.0,1157.0
256.0,1866.0
257.0,4020.0
258.0,6394.0
259.0,6130.0
260.0,11797.0
261.0,17771.0
262.0,10185.0
263.0,2408.0
264.0,1358.0
265.0,1092.0
266.0,1088.0
267.0,1584.0
268.0,1866.0
269.0,1498.0
270.0,1491.0
271.0,1883.0
272.0,1953.0
273.0,2032.0
274.0,2055.0
275.0,1789.0
276.0,1580.0
277.0,1244.0
278.0,989.0
279.0,1136.0
280.0,1504.0
281.0,1715.0
282.0,2675.0
283.0,6407.0
284.0,9792.0
285.0,14269.0
286.0,16219.0
287.0,13672.0
288.0,11082.0
289.0,6110.0
290.0,2457.0
291.0,1705.0
292.0,1306.0
293.0,1098.0
294.0,1090.0
295.0,1266.0
296.0,1335.0
297.0,1162.0
298.0,1056.0
299.0,1082.0
300.0,1306.0
301.0,1716.0
302.0,1789.0
303.0,1814.0
304.0,2068.0
305.0,2012.0
306.0,1527.0
307.0,1239.0
308.0,1556.0
309.0,3278.0
310.0,8425.0
311.0,15119.0
312.0,15080.0
313.0,9032.0
314.0,6299.0
315.0,4200.0
316.0,2291.0
317.0,1714.0
318.0,1250.0
319.0,1646.0
320.0,2178.0
321.0,2033.0
322.0,1868.0
323.0,1651.0
324.0,1246.0
325.0,1185.0
326.0,1371.0
327.0,1490.0
328.0,1454.0
329.0,1660.0
330.0,1751.0
331.0,1545.0
332.0,1642.0
333.0,1793.0
334.0,1530.0
335.0,1176.0
336.0,1197.0
337.0,1745.0
338.0,5367.0
339.0,15531.0
340.0,17737.0
341.0,8022.0
342.0,4512.0
343.0,5808.0
344.0,3883.0
345.0,1773.0
346.0,1814.0
347.0,5125.0
348.0,17407.0
349.0,21940.0
350.0,9862.0
351.0,2477.0
352.0,2085.0
353.0,2263.0
354.0,2411.0
355.0,2317.0
356.0,1992.0
357.0,1674.0
358.0,1376.0
359.0,1103.0
360.0,1125.0
361.0,1407.0
362.0,1698.0
363.0,1899.0
364.0,1539.0
365.0,1296.0
366.0,1310.0
367.0,1640.0
368.0,5845.0
369.0,15967.0
370.0,15726.0
371.0,5808.0
372.0,3300.0
373.0,5563.0
374.0,6069.0
375.0,4013.0
376.0,2896.0
377.0,2276.0
378.0,1949.0
379.0,1852.0
380.0,1761.0
381.0,1428.0
382.0,1281.0
383.0,1256.0
384.0,1314.0
385.0,1506.0
386.0,2290.0
387.0,2626.0
388.0,1749.0
389.0,1330.0
390.0,1239.0
391.0,1130.0
392.0,1067.0
393.0,1565.0
394.0,1989.0
395.0,1805.0
396.0,1817.0
397.0,1746.0
398.0,2046.0
399.0,4692.0
400.0,12009.0
401.0,15614.0
402.0,10133.0
403.0,3978.0
404.0,2015.0
405.0,3855.0
406.0,4886.0
407.0,3015.0
408.0,1619.0
409.0,1419.0
410.0,1164.0
411.0,935.0
412.0,820.0
413.0,1120.0
414.0,1478.0
415.0,1742.0
416.0,2015.0
417.0,2043.0
418.0,2207.0
419.0,2393.0
420.0,2261.0
421.0,1768.0
422.0,1390.0
423.0,1294.0
424.0,1228.0
425.0,1373.0
426.0,1457.0
427.0,1406.0
428.0,1450.0
429.0,1669.0
430.0,1776.0
431.0,2017.0
432.0,4772.0
433.0,10590.0
434.0,11325.0
435.0,9190.0
436.0,6594.0
437.0,3286.0
438.0,2622.0
439.0,4131.0
440.0,4341.0
441.0,2301.0
442.0,1679.0
443.0,1722.0
444.0,1466.0
445.0,1618.0
446.0,1628.0
447.0,1430.0
448.0,1574.0
449.0,2032.0
450.0,2315.0
451.0,2207.0
452.0,2182.0
453.0,2372.0
454.0,2409.0
455.0,2051.0
456.0,1571.0
457.0,1536.0
458.0,1374.0
459.0,1148.0
460.0,1197.0
461.0,1245.0
462.0,1479.0
463.0,2120.0
464.0,2685.0
465.0,2896.0
466.0,3892.0
467.0,8986.0
468.0,10560.0
469.0,6939.0
470.0,7291.0
471.0,5710.0
472.0,2276.0
473.0,1631.0
474.0,2859.0
475.0,4078.0
476.0,2979.0
477.0,1747.0
478.0,1545.0
479.0,1373.0
480.0,1354.0
481.0,1865.0
482.0,1824.0
483.0,1743.0
484.0,1849.0
485.0,1575.0
486.0,1309.0
487.0,1384.0
488.0,1502.0
489.0,1592.0
490.0,1570.0
491.0,1786.0
492.0,2069.0
493.0,1806.0
494.0,1140.0
495.0,1021.0
496.0,1306.0
497.0,1795.0
498.0,2171.0
499.0,2285.0
500.0,2257.0
501.0,2497.0
502.0,3787.0
503.0,8486.0
504.0,9007.0
505.0,4566.0
506.0,5148.0
507.0,6432.0
508.0,3743.0
509.0,1870.0
510.0,1818.0
511.0,2745.0
512.0,3560.0
513.0,2602.0
514.0,1722.0
515.0,1473.0
516.0,1431.0
517.0,1670.0
518.0,1930.0
519.0,1696.0
520.0,1443.0
521.0,1166.0
522.0,997.0
523.0,1117.0
524.0,1487.0
525.0,1770.0
526.0,2208.0
527.0,2112.0
528.0,2170.0
529.0,2204.0
530.0,1692.0
531.0,1442.0
532.0,1964.0
533.0,2104.0
534.0,1618.0
535.0,1201.0
536.0,1402.0
537.0,1603.0
538.0,1497.0
539.0,1689.0
540.0,4804.0
541.0,8166.0
542.0,5090.0
543.0,2253.0
544.0,4107.0
545.0,6158.0
546.0,3971.0
547.0,1575.0
548.0,1354.0
549.0,2005.0
550.0,3350.0
551.0,3424.0
552.0,2064.0
553.0,1482.0
554.0,1184.0
555.0,1296.0
556.0,1494.0
557.0,1433.0
558.0,1314.0
559.0,1152.0
560.0,1026.0
561.0,998.0
562.0,975.0
563.0,1006.0
564.0,1110.0
565.0,1320.0
566.0,1375.0
567.0,1292.0
568.0,1241.0
569.0,1266.0
570.0,1122.0
571.0,1157.0
572.0,1242.0
573.0,1209.0
574.0,1373.0
575.0,1806.0
576.0,1845.0
577.0,1904.0
578.0,3705.0
579.0,5048.0
580.0,4263.0
581.0,4203.0
582.0,3490.0
583.0,2613.0
584.0,4519.0
585.0,4726.0
586.0,2582.0
587.0,1665.0
588.0,1495.0
589.0,1798.0
590.0,3097.0
591.0,3664.0
592.0,2496.0
593.0,1432.0
594.0,1102.0
595.0,1278.0
596.0,1402.0
597.0,1223.0
598.0,1251.0
599.0,1557.0
600.0,1569.0
601.0,1268.0
602.0,1102.0
603.0,1412.0
604.0,1418.0
605.0,1105.0
606.0,1294.0
607.0,1565.0
608.0,1375.0
609.0,1132.0
610.0,1189.0
611.0,1297.0
612.0,1602.0
613.0,1860.0
614.0,1600.0
615.0,1315.0
616.0,1080.0
617.0,1005.0
618.0,1254.0
619.0,2774.0
620.0,5788.0
621.0,4855.0
622.0,2130.0
623.0,1847.0
624.0,2469.0
625.0,4730.0
626.0,5084.0
627.0,2528.0
628.0,1558.0
629.0,1289.0
630.0,923.0
631.0,1387.0
632.0,2066.0
633.0,1540.0
634.0,1124.0
635.0,1060.0
636.0,859.0
637.0,843.0
638.0,707.0
639.0,634.0
640.0,799.0
641.0,1000.0
642.0,1000.0
643.0,907.0
644.0,907.0
645.0,1017.0
646.0,979.0
647.0,870.0
648.0,889.0
649.0,891.0
650.0,933.0
651.0,1178.0
652.0,1196.0
653.0,1129.0
654.0,992.0
655.0,1048.0
656.0,1128.0
657.0,1091.0
658.0,1030.0
659.0,1120.0
660.0,1313.0
661.0,2550.0
662.0,4633.0
663.0,3531.0
664.0,1315.0
665.0,1068.0
666.0,1130.0
667.0,1965.0
668.0,3499.0
669.0,2932.0
670.0,1442.0
671.0,1026.0
672.0,880.0
673.0,988.0
674.0,1511.0
675.0,2329.0
676.0,1911.0
677.0,1129.0
678.0,944.0
679.0,787.0
680.0,784.0
681.0,768.0
682.0,723.0
683.0,767.0
684.0,708.0
685.0,826.0
686.0,990.0
687.0,841.0
688.0,715.0
689.0,808.0
690.0,957.0
691.0,1163.0
692.0,1407.0
693.0,1205.0
694.0,779.0
695.0,635.0
696.0,698.0
697.0,771.0
698.0,689.0
699.0,691.0
700.0,701.0
701.0,965.0
702.0,1200.0
703.0,1030.0
704.0,1457.0
705.0,3250.0
706.0,3582.0
707.0,1700.0
708.0,867.0
709.0,651.0
710.0,701.0
711.0,1677.0
712.0,2942.0
713.0,2166.0
714.0,1002.0
715.0,885.0
716.0,1054.0
717.0,1193.0
718.0,1362.0
719.0,1658.0
720.0,1440.0
721.0,850.0
722.0,759.0
723.0,861.0
724.0,912.0
725.0,761.0
726.0,592.0
727.0,553.0
728.0,717.0
729.0,840.0
730.0,760.0
731.0,696.0
732.0,747.0
733.0,774.0
734.0,797.0
735.0,876.0
736.0,707.0
737.0,689.0
738.0,828.0
739.0,747.0
740.0,658.0
741.0,661.0
742.0,656.0
743.0,799.0
744.0,1176.0
745.0,1375.0
746.0,1452.0
747.0,1276.0
748.0,1385.0
749.0,2148.0
750.0,3117.0
751.0,2668.0
752.0,1497.0
753.0,1098.0
754.0,872.0
755.0,830.0
756.0,1116.0
757.0,2072.0
758.0,2016.0
759.0,1057.0
760.0,780.0
761.0,756.0
762.0,758.0
763.0,847.0
764.0,1000.0
765.0,1358.0
766.0,1358.0
767.0,1002.0
768.0,749.0
769.0,646.0
770.0,668.0
771.0,631.0
772.0,622.0
773.0,539.0
774.0,577.0
775.0,692.0
776.0,742.0
777.0,891.0
778.0,795.0
779.0,710.0
780.0,793.0
781.0,767.0
782.0,688.0
783.0,700.0
784.0,600.0
785.0,516.0
786.0,555.0
787.0,752.0
788.0,865.0
789.0,731.0
790.0,686.0
791.0,761.0
792.0,658.0
793.0,599.0
794.0,884.0
795.0,1326.0
796.0,2245.0
797.0,1954.0
798.0,896.0
799.0,731.0
800.0,882.0
801.0,881.0
802.0,984.0
803.0,1552.0
804.0,2087.0
805.0,1592.0
806.0,820.0
807.0,649.0
808.0,578.0
809.0,496.0
810.0,492.0
811.0,485.0
812.0,635.0
813.0,783.0
814.0,657.0
815.0,525.0
816.0,502.0
817.0,511.0
818.0,398.0
819.0,394.0
820.0,544.0
821.0,662.0
822.0,666.0
823.0,630.0
824.0,594.0
825.0,679.0
826.0,1009.0
827.0,1342.0
828.0,1366.0
829.0,1328.0
830.0,950.0
831.0,623.0
832.0,483.0
833.0,492.0
834.0,481.0
835.0,408.0
836.0,456.0
837.0,575.0
838.0,648.0
839.0,561.0
840.0,513.0
841.0,581.0
842.0,611.0
843.0,988.0
844.0,1485.0
845.0,1051.0
846.0,559.0
847.0,552.0
848.0,627.0
849.0,635.0
850.0,580.0
851.0,924.0
852.0,1451.0
853.0,1197.0
854.0,752.0
855.0,650.0
856.0,583.0
857.0,582.0
858.0,612.0
859.0,664.0
860.0,801.0
861.0,715.0
862.0,663.0
863.0,587.0
864.0,518.0
865.0,652.0
866.0,689.0
867.0,576.0
868.0,483.0
869.0,423.0
870.0,467.0
871.0,538.0
872.0,605.0
873.0,698.0
874.0,634.0
875.0,563.0
876.0,560.0
877.0,626.0
878.0,572.0
879.0,473.0
880.0,469.0
881.0,572.0
882.0,715.0
883.0,638.0
884.0,539.0
885.0,458.0
886.0,422.0
887.0,420.0
888.0,434.0
889.0,415.0
890.0,416.0
891.0,453.0
892.0,904.0
893.0,1143.0
894.0,823.0
895.0,599.0
896.0,489.0
897.0,499.0
898.0,511.0
899.0,554.0
900.0,673.0
901.0,1861.0
902.0,2969.0
903.0,1802.0
904.0,547.0
905.0,429.0
906.0,467.0
907.0,531.0
908.0,536.0
909.0,546.0
910.0,717.0
911.0,819.0
912.0,666.0
913.0,537.0
914.0,414.0
915.0,376.0
916.0,376.0
917.0,405.0
918.0,468.0
919.0,396.0
920.0,339.0
921.0,346.0
922.0,351.0
923.0,412.0
924.0,445.0
925.0,495.0
926.0,398.0
927.0,381.0
928.0,464.0
929.0,482.0
930.0,517.0
931.0,529.0
932.0,462.0
933.0,476.0
934.0,483.0
935.0,547.0
936.0,484.0
937.0,424.0
938.0,371.0
939.0,369.0
940.0,405.0
941.0,422.0
942.0,518.0
943.0,713.0
944.0,686.0
945.0,497.0
946.0,415.0
947.0,359.0
948.0,438.0
949.0,450.0
950.0,419.0
951.0,527.0
952.0,680.0
953.0,605.0
954.0,402.0
955.0,312.0
956.0,291.0
957.0,271.0
958.0,340.0
959.0,393.0
960.0,402.0
961.0,365.0
962.0,305.0
963.0,308.0
964.0,353.0
965.0,436.0
966.0,469.0
967.0,416.0
968.0,416.0
969.0,345.0
970.0,362.0
971.0,417.0
972.0,383.0
973.0,355.0
974.0,346.0
975.0,335.0
976.0,322.0
977.0,278.0
978.0,289.0
979.0,356.0
980.0,321.0
981.0,264.0
982.0,297.0
983.0,339.0
984.0,301.0
985.0,242.0
986.0,248.0
987.0,364.0
988.0,654.0
989.0,2071.0
990.0,2543.0
991.0,1025.0
992.0,291.0
993.0,288.0
994.0,418.0
995.0,395.0
996.0,371.0
997.0,416.0
998.0,438.0
999.0,371.0
1000.0,268.0
1001.0,260.0
1002.0,320.0
1003.0,389.0
1004.0,463.0
1005.0,381.0
1006.0,224.0
1007.0,219.0
1008.0,201.0
1009.0,225.0
1010.0,220.0
1011.0,172.0
1012.0,171.0
1013.0,206.0
1014.0,291.0
1015.0,286.0
1016.0,241.0
1017.0,215.0
1018.0,254.0
1019.0,284.0
1020.0,223.0
1021.0,231.0
1022.0,287.0
1023.0,293.0
