0.0,78.0
1.0,162.0
2.0,166.0
3.0,139.0
4.0,162.0
5.0,198.0
6.0,243.0
7.0,238.0
8.0,233.0
9.0,182.0
10.0,139.0
11.0,154.0
12.0,150.0
13.0,187.0
14.0,160.0
15.0,134.0
16.0,126.0
17.0,139.0
18.0,186.0
19.0,177.0
20.0,201.0
21.0,225.0
22.0,255.0
23.0,217.0
24.0,179.0
25.0,152.0
26.0,155.0
27.0,163.0
28.0,290.0
29.0,379.0
30.0,357.0
31.0,271.0
32.0,274.0
33.0,273.0
34.0,277.0
35.0,317.0
36.0,309.0
37.0,281.0
38.0,248.0
39.0,254.0
40.0,365.0
41.0,415.0
42.0,447.0
43.0,366.0
44.0,273.0
45.0,238.0
46.0,231.0
47.0,282.0
48.0,317.0
49.0,278.0
50.0,262.0
51.0,198.0
52.0,211.0
53.0,341.0
54.0,418.0
55.0,363.0
56.0,309.0
57.0,335.0
58.0,449.0
59.0,517.0
60.0,465.0
61.0,377.0
62.0,400.0
63.0,528.0
64.0,577.0
65.0,501.0
66.0,482.0
67.0,594.0
68.0,662.0
69.0,591.0
70.0,543.0
71.0,457.0
72.0,419.0
73.0,447.0
74.0,563.0
75.0,546.0
76.0,420.0
77.0,299.0
78.0,293.0
79.0,332.0
80.0,394.0
81.0,406.0
82.0,506.0
83.0,664.0
84.0,813.0
85.0,790.0
86.0,695.0
87.0,735.0
88.0,789.0
89.0,725.0
90.0,663.0
91.0,596.0
92.0,549.0
93.0,554.0
94.0,542.0
95.0,683.0
96.0,783.0
97.0,822.0
98.0,875.0
99.0,924.0
100.0,1000.0
101.0,876.0
102.0,726.0
103.0,568.0
104.0,604.0
105.0,892.0
106.0,904.0
107.0,604.0
108.0,459.0
109.0,586.0
110.0,879.0
111.0,925.0
112.0,775.0
113.0,789.0
114.0,780.0
115.0,705.0
116.0,618.0
117.0,609.0
118.0,645.0
119.0,657.0
120.0,675.0
121.0,658.0
122.0,640.0
123.0,685.0
124.0,786.0
125.0,982.0
126.0,1045.0
127.0,895.0
128.0,728.0
129.0,749.0
130.0,935.0
131.0,1134.0
132.0,987.0
133.0,762.0
134.0,709.0
135.0,887.0
136.0,1143.0
137.0,1324.0
138.0,1510.0
139.0,1402.0
140.0,1057.0
141.0,940.0
142.0,975.0
143.0,910.0
144.0,674.0
145.0,547.0
146.0,544.0
147.0,577.0
148.0,931.0
149.0,1439.0
150.0,1495.0
151.0,1117.0
152.0,985.0
153.0,1119.0
154.0,1187.0
155.0,1098.0
156.0,977.0
157.0,1055.0
158.0,1249.0
159.0,1369.0
160.0,1308.0
161.0,1019.0
162.0,913.0
163.0,1131.0
164.0,1447.0
165.0,1441.0
166.0,1213.0
167.0,826.0
168.0,496.0
169.0,454.0
170.0,651.0
171.0,960.0
172.0,971.0
173.0,669.0
174.0,590.0
175.0,970.0
176.0,1281.0
177.0,1442.0
178.0,1650.0
179.0,1820.0
180.0,1741.0
181.0,1657.0
182.0,1545.0
183.0,1470.0
184.0,1334.0
185.0,996.0
186.0,812.0
187.0,938.0
188.0,1330.0
189.0,1834.0
190.0,2138.0
191.0,2147.0
192.0,1864.0
193.0,1534.0
194.0,1139.0
195.0,923.0
196.0,1048.0
197.0,1211.0
198.0,1450.0
199.0,1586.0
200.0,1537.0
201.0,1369.0
202.0,1110.0
203.0,931.0
204.0,1117.0
205.0,1525.0
206.0,1832.0
207.0,2023.0
208.0,2424.0
209.0,2339.0
210.0,1780.0
211.0,1306.0
212.0,1225.0
213.0,1513.0
214.0,1526.0
215.0,1178.0
216.0,1088.0
217.0,1280.0
218.0,1524.0
219.0,1480.0
220.0,1401.0
221.0,1348.0
222.0,1341.0
223.0,1409.0
224.0,1477.0
225.0,1393.0
226.0,1354.0
227.0,1245.0
228.0,988.0
229.0,842.0
230.0,1026.0
231.0,1305.0
232.0,1707.0
233.0,2122.0
234.0,1990.0
235.0,1536.0
236.0,1334.0
237.0,1412.0
238.0,1601.0
239.0,1746.0
240.0,1402.0
241.0,1029.0
242.0,1064.0
243.0,1382.0
244.0,1710.0
245.0,2134.0
246.0,2053.0
247.0,1763.0
248.0,1516.0
249.0,1243.0
250.0,852.0
251.0,764.0
252.0,973.0
253.0,1266.0
254.0,1582.0
255.0,1650.0
256.0,1820.0
257.0,1942.0
258.0,1838.0
259.0,1619.0
260.0,1605.0
261.0,1828.0
262.0,1668.0
263.0,1411.0
264.0,1265.0
265.0,1306.0
266.0,1396.0
267.0,1477.0
268.0,1494.0
269.0,1605.0
270.0,1741.0
271.0,1578.0
272.0,1200.0
273.0,994.0
274.0,1210.0
275.0,1810.0
276.0,2255.0
277.0,2601.0
278.0,2389.0
279.0,1686.0
280.0,1468.0
281.0,1455.0
282.0,1362.0
283.0,1066.0
284.0,971.0
285.0,943.0
286.0,968.0
287.0,969.0
288.0,1081.0
289.0,1319.0
290.0,1476.0
291.0,1653.0
292.0,1630.0
293.0,1415.0
294.0,1416.0
295.0,1785.0
296.0,1986.0
297.0,1894.0
298.0,1542.0
299.0,1159.0
300.0,1170.0
301.0,1321.0
302.0,1562.0
303.0,1731.0
304.0,1732.0
305.0,1526.0
306.0,1325.0
307.0,1405.0
308.0,1609.0
309.0,1627.0
310.0,1534.0
311.0,1299.0
312.0,1442.0
313.0,2255.0
314.0,2806.0
315.0,2348.0
316.0,1711.0
317.0,1283.0
318.0,1195.0
319.0,1193.0
320.0,1173.0
321.0,1200.0
322.0,1266.0
323.0,1097.0
324.0,996.0
325.0,1663.0
326.0,3720.0
327.0,4693.0
328.0,3653.0
329.0,2844.0
330.0,2211.0
331.0,1645.0
332.0,1518.0
333.0,1557.0
334.0,1564.0
335.0,1528.0
336.0,1479.0
337.0,1556.0
338.0,1850.0
339.0,2001.0
340.0,1883.0
341.0,1924.0
342.0,2010.0
343.0,2338.0
344.0,2885.0
345.0,3120.0
346.0,3413.0
347.0,3457.0
348.0,2179.0
349.0,1110.0
350.0,920.0
351.0,939.0
352.0,937.0
353.0,1190.0
354.0,1437.0
355.0,1706.0
356.0,1799.0
357.0,1738.0
358.0,1709.0
359.0,1658.0
360.0,1586.0
361.0,1769.0
362.0,1761.0
363.0,1431.0
364.0,1286.0
365.0,1303.0
366.0,1375.0
367.0,1382.0
368.0,1188.0
369.0,1234.0
370.0,1495.0
371.0,1850.0
372.0,1881.0
373.0,1833.0
374.0,1725.0
375.0,1623.0
376.0,1713.0
377.0,1721.0
378.0,1526.0
379.0,1560.0
380.0,1712.0
381.0,1909.0
382.0,1994.0
383.0,1849.0
384.0,1607.0
385.0,1462.0
386.0,1644.0
387.0,1812.0
388.0,1740.0
389.0,1707.0
390.0,1767.0
391.0,1718.0
392.0,1555.0
393.0,1596.0
394.0,1671.0
395.0,1585.0
396.0,1575.0
397.0,1446.0
398.0,1694.0
399.0,1960.0
400.0,1674.0
401.0,1484.0
402.0,1707.0
403.0,1589.0
404.0,1699.0
405.0,1881.0
406.0,1646.0
407.0,1612.0
408.0,1677.0
409.0,1814.0
410.0,1931.0
411.0,2022.0
412.0,2126.0
413.0,2439.0
414.0,2839.0
415.0,2941.0
416.0,2685.0
417.0,2522.0
418.0,2239.0
419.0,1976.0
420.0,1925.0
421.0,1582.0
422.0,1556.0
423.0,1586.0
424.0,1279.0
425.0,1247.0
426.0,1417.0
427.0,1614.0
428.0,1812.0
429.0,1859.0
430.0,1636.0
431.0,1647.0
432.0,1610.0
433.0,1370.0
434.0,1071.0
435.0,945.0
436.0,1352.0
437.0,1883.0
438.0,1971.0
439.0,2156.0
440.0,2424.0
441.0,2334.0
442.0,1957.0
443.0,1743.0
444.0,1867.0
445.0,1975.0
446.0,1968.0
447.0,1672.0
448.0,1545.0
449.0,1649.0
450.0,1623.0
451.0,1355.0
452.0,1381.0
453.0,1790.0
454.0,1812.0
455.0,1579.0
456.0,1765.0
457.0,1804.0
458.0,1632.0
459.0,1441.0
460.0,1377.0
461.0,1413.0
462.0,1787.0
463.0,1931.0
464.0,1758.0
465.0,1742.0
466.0,1675.0
467.0,1973.0
468.0,2751.0
469.0,2600.0
470.0,2226.0
471.0,2267.0
472.0,2692.0
473.0,2417.0
474.0,1879.0
475.0,1937.0
476.0,1855.0
477.0,1820.0
478.0,1888.0
479.0,1641.0
480.0,1384.0
481.0,1498.0
482.0,1789.0
483.0,2050.0
484.0,2195.0
485.0,2140.0
486.0,2038.0
487.0,1890.0
488.0,1857.0
489.0,1937.0
490.0,1801.0
491.0,1881.0
492.0,2514.0
493.0,3108.0
494.0,3524.0
495.0,3032.0
496.0,2506.0
497.0,2279.0
498.0,1826.0
499.0,1691.0
500.0,1727.0
501.0,1601.0
502.0,1328.0
503.0,980.0
504.0,780.0
505.0,712.0
506.0,817.0
507.0,1035.0
508.0,1090.0
509.0,1142.0
510.0,1274.0
511.0,1277.0
512.0,1227.0
513.0,1335.0
514.0,1474.0
515.0,1755.0
516.0,1863.0
517.0,1580.0
518.0,1351.0
519.0,1410.0
520.0,1558.0
521.0,1513.0
522.0,1631.0
523.0,1935.0
524.0,1693.0
525.0,1692.0
526.0,1932.0
527.0,1879.0
528.0,1710.0
529.0,1602.0
530.0,1595.0
531.0,1640.0
532.0,1385.0
533.0,1207.0
534.0,1228.0
535.0,1425.0
536.0,1676.0
537.0,1923.0
538.0,1634.0
539.0,1567.0
540.0,1585.0
541.0,1375.0
542.0,1356.0
543.0,1586.0
544.0,1679.0
545.0,1438.0
546.0,1276.0
547.0,1284.0
548.0,1260.0
549.0,1261.0
550.0,1448.0
551.0,1695.0
552.0,1595.0
553.0,1563.0
554.0,1542.0
555.0,1297.0
556.0,1291.0
557.0,1522.0
558.0,1620.0
559.0,1688.0
560.0,2349.0
561.0,6776.0
562.0,18858.0
563.0,26211.0
564.0,22861.0
565.0,18247.0
566.0,13059.0
567.0,10347.0
568.0,14333.0
569.0,12465.0
570.0,7044.0
571.0,4800.0
572.0,8191.0
573.0,14589.0
574.0,10645.0
575.0,3744.0
576.0,4256.0
577.0,6995.0
578.0,8849.0
579.0,18192.0
580.0,26171.0
581.0,20616.0
582.0,10683.0
583.0,6433.0
584.0,11600.0
585.0,12561.0
586.0,9199.0
587.0,14094.0
588.0,14168.0
589.0,9323.0
590.0,14894.0
591.0,15410.0
592.0,6205.0
593.0,2087.0
594.0,2016.0
595.0,3659.0
596.0,12333.0
597.0,25111.0
598.0,26418.0
599.0,13247.0
600.0,5008.0
601.0,5399.0
602.0,4308.0
603.0,2632.0
604.0,2159.0
605.0,4005.0
606.0,15320.0
607.0,29245.0
608.0,25408.0
609.0,9122.0
610.0,2445.0
611.0,2873.0
612.0,5761.0
613.0,6681.0
614.0,4113.0
615.0,2967.0
616.0,9131.0
617.0,21215.0
618.0,19297.0
619.0,12155.0
620.0,14669.0
621.0,10271.0
622.0,3211.0
623.0,1642.0
624.0,2912.0
625.0,6461.0
626.0,6884.0
627.0,4628.0
628.0,10767.0
629.0,22650.0
630.0,17446.0
631.0,5011.0
632.0,3033.0
633.0,9076.0
634.0,14421.0
635.0,9315.0
636.0,2687.0
637.0,1651.0
638.0,2445.0
639.0,5840.0
640.0,9085.0
641.0,10781.0
642.0,20416.0
643.0,21823.0
644.0,8967.0
645.0,2126.0
646.0,1511.0
647.0,2103.0
648.0,6234.0
649.0,12651.0
650.0,9890.0
651.0,3499.0
652.0,1658.0
653.0,1593.0
654.0,2955.0
655.0,7983.0
656.0,16677.0
657.0,25330.0
658.0,20113.0
659.0,6668.0
660.0,1711.0
661.0,1298.0
662.0,1138.0
663.0,1093.0
664.0,2012.0
665.0,6751.0
666.0,11412.0
667.0,7114.0
668.0,2254.0
669.0,1592.0
670.0,1727.0
671.0,2848.0
672.0,10478.0
673.0,26801.0
674.0,26416.0
675.0,9895.0
676.0,1985.0
677.0,1521.0
678.0,1512.0
679.0,1514.0
680.0,1530.0
681.0,1671.0
682.0,2127.0
683.0,5611.0
684.0,10499.0
685.0,8084.0
686.0,2721.0
687.0,1774.0
688.0,1802.0
689.0,2714.0
690.0,10588.0
691.0,26348.0
692.0,25223.0
693.0,9123.0
694.0,2004.0
695.0,1219.0
696.0,1132.0
697.0,1028.0
698.0,1010.0
699.0,1056.0
700.0,1142.0
701.0,1394.0
702.0,2787.0
703.0,7439.0
704.0,9657.0
705.0,5586.0
706.0,2346.0
707.0,1897.0
708.0,2507.0
709.0,7495.0
710.0,19228.0
711.0,21523.0
712.0,13946.0
713.0,5916.0
714.0,1988.0
715.0,1352.0
716.0,1483.0
717.0,1616.0
718.0,1644.0
719.0,1435.0
720.0,1503.0
721.0,1588.0
722.0,1958.0
723.0,3348.0
724.0,6760.0
725.0,8446.0
726.0,4695.0
727.0,1703.0
728.0,1250.0
729.0,2997.0
730.0,11214.0
731.0,18423.0
732.0,12670.0
733.0,9137.0
734.0,7934.0
735.0,3190.0
736.0,1138.0
737.0,1118.0
738.0,1088.0
739.0,1150.0
740.0,1299.0
741.0,1498.0
742.0,1825.0
743.0,1783.0
744.0,1294.0
745.0,1489.0
746.0,4336.0
747.0,8631.0
748.0,7071.0
749.0,2921.0
750.0,1967.0
751.0,3342.0
752.0,10624.0
753.0,15821.0
754.0,8765.0
755.0,4333.0
756.0,7926.0
757.0,7292.0
758.0,3147.0
759.0,1262.0
760.0,886.0
761.0,847.0
762.0,1123.0
763.0,1301.0
764.0,1220.0
765.0,982.0
766.0,954.0
767.0,909.0
768.0,898.0
769.0,1330.0
770.0,3425.0
771.0,5846.0
772.0,4271.0
773.0,2049.0
774.0,2594.0
775.0,7719.0
776.0,15110.0
777.0,11564.0
778.0,3469.0
779.0,2599.0
780.0,5903.0
781.0,7099.0
782.0,3374.0
783.0,1129.0
784.0,930.0
785.0,925.0
786.0,1018.0
787.0,1102.0
788.0,986.0
789.0,1113.0
790.0,1254.0
791.0,1165.0
792.0,1033.0
793.0,1049.0
794.0,1107.0
795.0,2397.0
796.0,4651.0
797.0,3939.0
798.0,1880.0
799.0,2360.0
800.0,7714.0
801.0,11516.0
802.0,6567.0
803.0,1990.0
804.0,1296.0
805.0,2760.0
806.0,5834.0
807.0,5047.0
808.0,1950.0
809.0,753.0
810.0,802.0
811.0,923.0
812.0,1015.0
813.0,1112.0
814.0,1084.0
815.0,1055.0
816.0,1069.0
817.0,1086.0
818.0,1048.0
819.0,1013.0
820.0,1147.0
821.0,1583.0
822.0,2854.0
823.0,3880.0
824.0,2687.0
825.0,1975.0
826.0,5727.0
827.0,9006.0
828.0,5361.0
829.0,1696.0
830.0,1054.0
831.0,1046.0
832.0,2171.0
833.0,4782.0
834.0,4457.0
835.0,1734.0
836.0,842.0
837.0,1035.0
838.0,966.0
839.0,962.0
840.0,1025.0
841.0,818.0
842.0,655.0
843.0,651.0
844.0,684.0
845.0,725.0
846.0,743.0
847.0,911.0
848.0,1267.0
849.0,1724.0
850.0,2649.0
851.0,3414.0
852.0,2434.0
853.0,4106.0
854.0,9854.0
855.0,8707.0
856.0,2788.0
857.0,944.0
858.0,754.0
859.0,738.0
860.0,1304.0
861.0,3251.0
862.0,4365.0
863.0,2246.0
864.0,704.0
865.0,543.0
866.0,564.0
867.0,679.0
868.0,797.0
869.0,673.0
870.0,596.0
871.0,569.0
872.0,581.0
873.0,664.0
874.0,883.0
875.0,965.0
876.0,977.0
877.0,1035.0
878.0,1325.0
879.0,2157.0
880.0,3605.0
881.0,3251.0
882.0,3384.0
883.0,5468.0
884.0,3747.0
885.0,1274.0
886.0,652.0
887.0,601.0
888.0,678.0
889.0,733.0
890.0,1268.0
891.0,2958.0
892.0,2997.0
893.0,1386.0
894.0,756.0
895.0,676.0
896.0,632.0
897.0,578.0
898.0,562.0
899.0,576.0
900.0,513.0
901.0,472.0
902.0,454.0
903.0,441.0
904.0,548.0
905.0,759.0
906.0,892.0
907.0,750.0
908.0,559.0
909.0,585.0
910.0,1129.0
911.0,1654.0
912.0,2223.0
913.0,3766.0
914.0,3036.0
915.0,1064.0
916.0,527.0
917.0,475.0
918.0,447.0
919.0,464.0
920.0,519.0
921.0,981.0
922.0,2363.0
923.0,2450.0
924.0,1109.0
925.0,543.0
926.0,456.0
927.0,432.0
928.0,422.0
929.0,387.0
930.0,543.0
931.0,748.0
932.0,656.0
933.0,510.0
934.0,444.0
935.0,404.0
936.0,448.0
937.0,474.0
938.0,512.0
939.0,485.0
940.0,460.0
941.0,438.0
942.0,808.0
943.0,1589.0
944.0,2659.0
945.0,2477.0
946.0,1052.0
947.0,427.0
948.0,357.0
949.0,381.0
950.0,398.0
951.0,359.0
952.0,392.0
953.0,599.0
954.0,1482.0
955.0,2021.0
956.0,1366.0
957.0,714.0
958.0,575.0
959.0,530.0
960.0,456.0
961.0,386.0
962.0,405.0
963.0,430.0
964.0,453.0
965.0,403.0
966.0,358.0
967.0,357.0
968.0,365.0
969.0,372.0
970.0,335.0
971.0,298.0
972.0,300.0
973.0,364.0
974.0,435.0
975.0,531.0
976.0,1187.0
977.0,2148.0
978.0,1740.0
979.0,652.0
980.0,378.0
981.0,394.0
982.0,342.0
983.0,317.0
984.0,288.0
985.0,282.0
986.0,311.0
987.0,527.0
988.0,1097.0
989.0,1069.0
990.0,532.0
991.0,340.0
992.0,310.0
993.0,268.0
994.0,277.0
995.0,257.0
996.0,285.0
997.0,326.0
998.0,360.0
999.0,358.0
1000.0,296.0
1001.0,249.0
1002.0,259.0
1003.0,273.0
1004.0,327.0
1005.0,316.0
1006.0,241.0
1007.0,164.0
1008.0,172.0
1009.0,224.0
1010.0,593.0
1011.0,1258.0
1012.0,1131.0
1013.0,406.0
1014.0,211.0
1015.0,197.0
1016.0,183.0
1017.0,212.0
1018.0,288.0
1019.0,366.0
1020.0,297.0
1021.0,235.0
1022.0,350.0
1023.0,656.0
