0.0,24.0
1.0,36.0
2.0,38.0
3.0,45.0
4.0,67.0
5.0,75.0
6.0,70.0
7.0,86.0
8.0,70.0
9.0,93.0
10.0,116.0
11.0,174.0
12.0,195.0
13.0,136.0
14.0,89.0
15.0,77.0
16.0,76.0
17.0,76.0
18.0,121.0
19.0,169.0
20.0,169.0
21.0,107.0
22.0,77.0
23.0,90.0
24.0,73.0
25.0,104.0
26.0,101.0
27.0,140.0
28.0,160.0
29.0,131.0
30.0,98.0
31.0,92.0
32.0,92.0
33.0,94.0
34.0,80.0
35.0,90.0
36.0,87.0
37.0,86.0
38.0,112.0
39.0,124.0
40.0,124.0
41.0,135.0
42.0,124.0
43.0,120.0
44.0,124.0
45.0,134.0
46.0,117.0
47.0,137.0
48.0,126.0
49.0,112.0
50.0,117.0
51.0,137.0
52.0,162.0
53.0,194.0
54.0,151.0
55.0,177.0
56.0,173.0
57.0,158.0
58.0,137.0
59.0,199.0
60.0,289.0
61.0,432.0
62.0,559.0
63.0,341.0
64.0,199.0
65.0,213.0
66.0,246.0
67.0,261.0
68.0,287.0
69.0,448.0
70.0,594.0
71.0,461.0
72.0,266.0
73.0,217.0
74.0,198.0
75.0,178.0
76.0,181.0
77.0,170.0
78.0,171.0
79.0,255.0
80.0,285.0
81.0,234.0
82.0,188.0
83.0,193.0
84.0,196.0
85.0,184.0
86.0,148.0
87.0,187.0
88.0,246.0
89.0,284.0
90.0,289.0
91.0,265.0
92.0,266.0
93.0,334.0
94.0,493.0
95.0,622.0
96.0,645.0
97.0,590.0
98.0,497.0
99.0,320.0
100.0,263.0
101.0,234.0
102.0,238.0
103.0,242.0
104.0,234.0
105.0,259.0
106.0,325.0
107.0,340.0
108.0,339.0
109.0,309.0
110.0,359.0
111.0,347.0
112.0,510.0
113.0,886.0
114.0,780.0
115.0,409.0
116.0,345.0
117.0,382.0
118.0,444.0
119.0,398.0
120.0,452.0
121.0,680.0
122.0,967.0
123.0,853.0
124.0,517.0
125.0,500.0
126.0,437.0
127.0,431.0
128.0,488.0
129.0,440.0
130.0,557.0
131.0,608.0
132.0,545.0
133.0,537.0
134.0,451.0
135.0,449.0
136.0,554.0
137.0,612.0
138.0,519.0
139.0,454.0
140.0,386.0
141.0,434.0
142.0,497.0
143.0,516.0
144.0,618.0
145.0,652.0
146.0,600.0
147.0,525.0
148.0,557.0
149.0,634.0
150.0,550.0
151.0,509.0
152.0,504.0
153.0,572.0
154.0,750.0
155.0,728.0
156.0,589.0
157.0,542.0
158.0,499.0
159.0,462.0
160.0,484.0
161.0,491.0
162.0,527.0
163.0,500.0
164.0,536.0
165.0,1012.0
166.0,1455.0
167.0,1177.0
168.0,839.0
169.0,673.0
170.0,600.0
171.0,684.0
172.0,701.0
173.0,753.0
174.0,1125.0
175.0,2939.0
176.0,4290.0
177.0,2483.0
178.0,839.0
179.0,594.0
180.0,667.0
181.0,761.0
182.0,788.0
183.0,783.0
184.0,943.0
185.0,1231.0
186.0,1194.0
187.0,995.0
188.0,805.0
189.0,642.0
190.0,645.0
191.0,630.0
192.0,704.0
193.0,759.0
194.0,729.0
195.0,603.0
196.0,609.0
197.0,616.0
198.0,673.0
199.0,750.0
200.0,835.0
201.0,908.0
202.0,716.0
203.0,735.0
204.0,920.0
205.0,951.0
206.0,1026.0
207.0,1063.0
208.0,1005.0
209.0,1000.0
210.0,998.0
211.0,1056.0
212.0,1113.0
213.0,1036.0
214.0,883.0
215.0,786.0
216.0,836.0
217.0,940.0
218.0,964.0
219.0,1228.0
220.0,1702.0
221.0,1647.0
222.0,1262.0
223.0,1036.0
224.0,880.0
225.0,1034.0
226.0,1162.0
227.0,1127.0
228.0,1142.0
229.0,1528.0
230.0,1866.0
231.0,1574.0
232.0,1079.0
233.0,861.0
234.0,835.0
235.0,780.0
236.0,830.0
237.0,1049.0
238.0,1150.0
239.0,1140.0
240.0,980.0
241.0,824.0
242.0,896.0
243.0,1112.0
244.0,1398.0
245.0,1419.0
246.0,1307.0
247.0,1283.0
248.0,1137.0
249.0,1184.0
250.0,1311.0
251.0,1286.0
252.0,1158.0
253.0,1056.0
254.0,1138.0
255.0,1100.0
256.0,1009.0
257.0,906.0
258.0,1014.0
259.0,1274.0
260.0,1209.0
261.0,973.0
262.0,1028.0
263.0,1168.0
264.0,1172.0
265.0,923.0
266.0,860.0
267.0,1171.0
268.0,1767.0
269.0,4319.0
270.0,10375.0
271.0,9800.0
272.0,3473.0
273.0,1106.0
274.0,1192.0
275.0,1646.0
276.0,1755.0
277.0,1554.0
278.0,1656.0
279.0,1932.0
280.0,1929.0
281.0,1404.0
282.0,1092.0
283.0,1184.0
284.0,1507.0
285.0,1947.0
286.0,2202.0
287.0,1658.0
288.0,1039.0
289.0,928.0
290.0,997.0
291.0,1130.0
292.0,1100.0
293.0,868.0
294.0,848.0
295.0,909.0
296.0,1197.0
297.0,1587.0
298.0,1551.0
299.0,1227.0
300.0,1118.0
301.0,1485.0
302.0,1668.0
303.0,1319.0
304.0,1268.0
305.0,1539.0
306.0,1771.0
307.0,1535.0
308.0,1265.0
309.0,1482.0
310.0,1857.0
311.0,1939.0
312.0,1454.0
313.0,1187.0
314.0,1242.0
315.0,1095.0
316.0,997.0
317.0,1066.0
318.0,1013.0
319.0,1078.0
320.0,1183.0
321.0,1315.0
322.0,1427.0
323.0,1359.0
324.0,1339.0
325.0,1403.0
326.0,1395.0
327.0,1354.0
328.0,1310.0
329.0,1536.0
330.0,1871.0
331.0,2492.0
332.0,2784.0
333.0,2366.0
334.0,1755.0
335.0,1649.0
336.0,1489.0
337.0,1318.0
338.0,1371.0
339.0,1578.0
340.0,1477.0
341.0,1305.0
342.0,1674.0
343.0,2433.0
344.0,2622.0
345.0,2612.0
346.0,2722.0
347.0,2423.0
348.0,2047.0
349.0,1926.0
350.0,2066.0
351.0,2104.0
352.0,2207.0
353.0,2464.0
354.0,2571.0
355.0,2413.0
356.0,2261.0
357.0,2567.0
358.0,16714.0
359.0,57666.0
360.0,75208.0
361.0,89136.0
362.0,76394.0
363.0,54730.0
364.0,29011.0
365.0,2135.0
366.0,2325.0
367.0,2290.0
368.0,2005.0
369.0,1940.0
370.0,1915.0
371.0,1840.0
372.0,1551.0
373.0,1247.0
374.0,1392.0
375.0,1851.0
376.0,2214.0
377.0,2173.0
378.0,1949.0
379.0,1676.0
380.0,1657.0
381.0,1891.0
382.0,2108.0
383.0,1851.0
384.0,1814.0
385.0,2187.0
386.0,2522.0
387.0,2715.0
388.0,2647.0
389.0,18658.0
390.0,40410.0
391.0,69354.0
392.0,76594.0
393.0,86467.0
394.0,101655.0
395.0,95026.0
396.0,82610.0
397.0,72833.0
398.0,69033.0
399.0,48599.0
400.0,32942.0
401.0,9008.0
402.0,7620.0
403.0,4435.0
404.0,1894.0
405.0,1666.0
406.0,1758.0
407.0,1672.0
408.0,1486.0
409.0,1376.0
410.0,1560.0
411.0,1667.0
412.0,1641.0
413.0,1690.0
414.0,1826.0
415.0,1836.0
416.0,1610.0
417.0,1327.0
418.0,1117.0
419.0,1240.0
420.0,1463.0
421.0,1653.0
422.0,1628.0
423.0,1680.0
424.0,1795.0
425.0,1843.0
426.0,1731.0
427.0,1646.0
428.0,1589.0
429.0,1783.0
430.0,1901.0
431.0,1837.0
432.0,1537.0
433.0,1562.0
434.0,2633.0
435.0,3343.0
436.0,2389.0
437.0,1348.0
438.0,1282.0
439.0,1616.0
440.0,1768.0
441.0,1768.0
442.0,1679.0
443.0,1566.0
444.0,1403.0
445.0,1456.0
446.0,1866.0
447.0,1928.0
448.0,1547.0
449.0,1413.0
450.0,1801.0
451.0,1812.0
452.0,1480.0
453.0,1408.0
454.0,1339.0
455.0,1593.0
456.0,1683.0
457.0,1240.0
458.0,1120.0
459.0,1328.0
460.0,1652.0
461.0,2148.0
462.0,2444.0
463.0,2109.0
464.0,1553.0
465.0,1260.0
466.0,1217.0
467.0,1003.0
468.0,971.0
469.0,1219.0
470.0,1519.0
471.0,1621.0
472.0,1612.0
473.0,1630.0
474.0,1576.0
475.0,1400.0
476.0,1634.0
477.0,1933.0
478.0,1962.0
479.0,1869.0
480.0,1643.0
481.0,1472.0
482.0,1570.0
483.0,1410.0
484.0,1354.0
485.0,1306.0
486.0,1125.0
487.0,1256.0
488.0,1439.0
489.0,1576.0
490.0,1618.0
491.0,1513.0
492.0,1447.0
493.0,1379.0
494.0,1450.0
495.0,1433.0
496.0,1458.0
497.0,1531.0
498.0,1338.0
499.0,1465.0
500.0,1714.0
501.0,1462.0
502.0,1349.0
503.0,1675.0
504.0,1948.0
505.0,1969.0
506.0,1847.0
507.0,1764.0
508.0,1611.0
509.0,1443.0
510.0,1713.0
511.0,1950.0
512.0,1738.0
513.0,1241.0
514.0,975.0
515.0,1200.0
516.0,1453.0
517.0,1482.0
518.0,1532.0
519.0,1498.0
520.0,1391.0
521.0,1490.0
522.0,1645.0
523.0,1289.0
524.0,925.0
525.0,1199.0
526.0,1565.0
527.0,1821.0
528.0,1861.0
529.0,1983.0
530.0,1919.0
531.0,1972.0
532.0,1974.0
533.0,1500.0
534.0,1203.0
535.0,1399.0
536.0,1503.0
537.0,1254.0
538.0,1223.0
539.0,1339.0
540.0,1424.0
541.0,1342.0
542.0,1120.0
543.0,1076.0
544.0,1153.0
545.0,1347.0
546.0,1592.0
547.0,1672.0
548.0,1458.0
549.0,1102.0
550.0,1028.0
551.0,1111.0
552.0,1065.0
553.0,1152.0
554.0,1360.0
555.0,1412.0
556.0,1586.0
557.0,2942.0
558.0,5334.0
559.0,4445.0
560.0,1920.0
561.0,1289.0
562.0,997.0
563.0,881.0
564.0,1281.0
565.0,1613.0
566.0,1592.0
567.0,1454.0
568.0,1373.0
569.0,1210.0
570.0,1026.0
571.0,1045.0
572.0,1095.0
573.0,902.0
574.0,852.0
575.0,1146.0
576.0,1417.0
577.0,1320.0
578.0,1265.0
579.0,1425.0
580.0,1455.0
581.0,1364.0
582.0,1350.0
583.0,1225.0
584.0,1522.0
585.0,1810.0
586.0,1423.0
587.0,1056.0
588.0,971.0
589.0,1018.0
590.0,1098.0
591.0,1157.0
592.0,1014.0
593.0,1010.0
594.0,991.0
595.0,842.0
596.0,739.0
597.0,858.0
598.0,1083.0
599.0,1226.0
600.0,1501.0
601.0,1419.0
602.0,1306.0
603.0,1257.0
604.0,1240.0
605.0,1235.0
606.0,1038.0
607.0,858.0
608.0,765.0
609.0,706.0
610.0,949.0
611.0,1090.0
612.0,990.0
613.0,1014.0
614.0,938.0
615.0,891.0
616.0,922.0
617.0,951.0
618.0,990.0
619.0,1075.0
620.0,1275.0
621.0,1383.0
622.0,1201.0
623.0,1161.0
624.0,1207.0
625.0,1055.0
626.0,917.0
627.0,940.0
628.0,885.0
629.0,919.0
630.0,960.0
631.0,1011.0
632.0,1084.0
633.0,998.0
634.0,1208.0
635.0,1464.0
636.0,1358.0
637.0,1043.0
638.0,921.0
639.0,915.0
640.0,927.0
641.0,1019.0
642.0,1146.0
643.0,1460.0
644.0,1623.0
645.0,1406.0
646.0,1060.0
647.0,960.0
648.0,1010.0
649.0,946.0
650.0,816.0
651.0,811.0
652.0,852.0
653.0,950.0
654.0,983.0
655.0,909.0
656.0,1007.0
657.0,1059.0
658.0,1136.0
659.0,1009.0
660.0,772.0
661.0,725.0
662.0,901.0
663.0,1167.0
664.0,1383.0
665.0,1208.0
666.0,1294.0
667.0,1541.0
668.0,1174.0
669.0,736.0
670.0,725.0
671.0,906.0
672.0,892.0
673.0,792.0
674.0,775.0
675.0,793.0
676.0,1006.0
677.0,1203.0
678.0,1143.0
679.0,1024.0
680.0,936.0
681.0,880.0
682.0,840.0
683.0,849.0
684.0,962.0
685.0,1018.0
686.0,943.0
687.0,768.0
688.0,687.0
689.0,715.0
690.0,854.0
691.0,1045.0
692.0,1006.0
693.0,815.0
694.0,782.0
695.0,962.0
696.0,905.0
697.0,713.0
698.0,588.0
699.0,626.0
700.0,1536.0
701.0,2500.0
702.0,1960.0
703.0,1006.0
704.0,861.0
705.0,981.0
706.0,1060.0
707.0,1163.0
708.0,1250.0
709.0,1120.0
710.0,1036.0
711.0,1065.0
712.0,965.0
713.0,826.0
714.0,781.0
715.0,694.0
716.0,649.0
717.0,756.0
718.0,827.0
719.0,946.0
720.0,898.0
721.0,821.0
722.0,814.0
723.0,913.0
724.0,1047.0
725.0,1046.0
726.0,847.0
727.0,812.0
728.0,885.0
729.0,813.0
730.0,606.0
731.0,551.0
732.0,527.0
733.0,663.0
734.0,801.0
735.0,703.0
736.0,579.0
737.0,678.0
738.0,846.0
739.0,980.0
740.0,956.0
741.0,715.0
742.0,542.0
743.0,684.0
744.0,846.0
745.0,1064.0
746.0,1148.0
747.0,984.0
748.0,718.0
749.0,773.0
750.0,845.0
751.0,728.0
752.0,587.0
753.0,467.0
754.0,425.0
755.0,442.0
756.0,468.0
757.0,624.0
758.0,955.0
759.0,970.0
760.0,976.0
761.0,1052.0
762.0,806.0
763.0,529.0
764.0,562.0
765.0,784.0
766.0,874.0
767.0,808.0
768.0,610.0
769.0,498.0
770.0,573.0
771.0,601.0
772.0,644.0
773.0,658.0
774.0,673.0
775.0,734.0
776.0,973.0
777.0,1115.0
778.0,772.0
779.0,475.0
780.0,456.0
781.0,578.0
782.0,863.0
783.0,985.0
784.0,820.0
785.0,663.0
786.0,837.0
787.0,980.0
788.0,1228.0
789.0,1221.0
790.0,1044.0
791.0,1194.0
792.0,1246.0
793.0,932.0
794.0,1013.0
795.0,1301.0
796.0,1125.0
797.0,641.0
798.0,461.0
799.0,440.0
800.0,539.0
801.0,860.0
802.0,1029.0
803.0,755.0
804.0,817.0
805.0,1103.0
806.0,997.0
807.0,1011.0
808.0,1234.0
809.0,1161.0
810.0,898.0
811.0,583.0
812.0,412.0
813.0,396.0
814.0,421.0
815.0,679.0
816.0,1142.0
817.0,1669.0
818.0,1616.0
819.0,963.0
820.0,560.0
821.0,603.0
822.0,777.0
823.0,1032.0
824.0,1316.0
825.0,1041.0
826.0,726.0
827.0,746.0
828.0,824.0
829.0,786.0
830.0,492.0
831.0,484.0
832.0,672.0
833.0,1130.0
834.0,1185.0
835.0,749.0
836.0,634.0
837.0,794.0
838.0,820.0
839.0,868.0
840.0,892.0
841.0,644.0
842.0,512.0
843.0,570.0
844.0,817.0
845.0,927.0
846.0,620.0
847.0,455.0
848.0,579.0
849.0,675.0
850.0,828.0
851.0,1016.0
852.0,870.0
853.0,891.0
854.0,881.0
855.0,613.0
856.0,694.0
857.0,1083.0
858.0,1110.0
859.0,662.0
860.0,578.0
861.0,676.0
862.0,577.0
863.0,607.0
864.0,471.0
865.0,431.0
866.0,502.0
867.0,480.0
868.0,621.0
869.0,695.0
870.0,626.0
871.0,826.0
872.0,923.0
873.0,716.0
874.0,764.0
875.0,835.0
876.0,763.0
877.0,566.0
878.0,484.0
879.0,461.0
880.0,458.0
881.0,729.0
882.0,1045.0
883.0,956.0
884.0,736.0
885.0,746.0
886.0,843.0
887.0,1036.0
888.0,969.0
889.0,524.0
890.0,406.0
891.0,434.0
892.0,461.0
893.0,449.0
894.0,335.0
895.0,327.0
896.0,462.0
897.0,490.0
898.0,416.0
899.0,533.0
900.0,781.0
901.0,691.0
902.0,506.0
903.0,644.0
904.0,868.0
905.0,781.0
906.0,481.0
907.0,495.0
908.0,525.0
909.0,568.0
910.0,768.0
911.0,830.0
912.0,589.0
913.0,385.0
914.0,274.0
915.0,334.0
916.0,374.0
917.0,374.0
918.0,296.0
919.0,355.0
920.0,493.0
921.0,414.0
922.0,526.0
923.0,938.0
924.0,878.0
925.0,508.0
926.0,463.0
927.0,459.0
928.0,468.0
929.0,429.0
930.0,406.0
931.0,494.0
932.0,404.0
933.0,330.0
934.0,316.0
935.0,300.0
936.0,307.0
937.0,356.0
938.0,462.0
939.0,474.0
940.0,468.0
941.0,414.0
942.0,356.0
943.0,660.0
944.0,841.0
945.0,666.0
946.0,460.0
947.0,421.0
948.0,468.0
949.0,546.0
950.0,366.0
951.0,242.0
952.0,299.0
953.0,350.0
954.0,308.0
955.0,269.0
956.0,274.0
957.0,300.0
958.0,410.0
959.0,497.0
960.0,446.0
961.0,374.0
962.0,308.0
963.0,410.0
964.0,486.0
965.0,553.0
966.0,600.0
967.0,412.0
968.0,307.0
969.0,257.0
970.0,243.0
971.0,241.0
972.0,246.0
973.0,249.0
974.0,288.0
975.0,315.0
976.0,321.0
977.0,411.0
978.0,427.0
979.0,295.0
980.0,257.0
981.0,224.0
982.0,208.0
983.0,202.0
984.0,244.0
985.0,317.0
986.0,369.0
987.0,392.0
988.0,491.0
989.0,521.0
990.0,392.0
991.0,278.0
992.0,283.0
993.0,301.0
994.0,375.0
995.0,445.0
996.0,319.0
997.0,209.0
998.0,226.0
999.0,268.0
1000.0,266.0
1001.0,219.0
1002.0,209.0
1003.0,187.0
1004.0,160.0
1005.0,192.0
1006.0,225.0
1007.0,252.0
1008.0,276.0
1009.0,325.0
1010.0,307.0
1011.0,225.0
1012.0,269.0
1013.0,366.0
1014.0,331.0
1015.0,228.0
1016.0,176.0
1017.0,180.0
1018.0,175.0
1019.0,165.0
1020.0,195.0
1021.0,235.0
1022.0,189.0
1023.0,160.0
