0.0,94.0
1.0,140.0
2.0,135.0
3.0,132.0
4.0,113.0
5.0,112.0
6.0,152.0
7.0,171.0
8.0,153.0
9.0,161.0
10.0,176.0
11.0,179.0
12.0,150.0
13.0,149.0
14.0,172.0
15.0,201.0
16.0,199.0
17.0,174.0
18.0,191.0
19.0,190.0
20.0,184.0
21.0,163.0
22.0,145.0
23.0,112.0
24.0,152.0
25.0,180.0
26.0,231.0
27.0,249.0
28.0,220.0
29.0,222.0
30.0,281.0
31.0,328.0
32.0,250.0
33.0,248.0
34.0,207.0
35.0,197.0
36.0,214.0
37.0,223.0
38.0,241.0
39.0,237.0
40.0,244.0
41.0,228.0
42.0,209.0
43.0,240.0
44.0,303.0
45.0,324.0
46.0,305.0
47.0,294.0
48.0,314.0
49.0,325.0
50.0,376.0
51.0,394.0
52.0,461.0
53.0,700.0
54.0,727.0
55.0,467.0
56.0,354.0
57.0,354.0
58.0,290.0
59.0,216.0
60.0,236.0
61.0,278.0
62.0,274.0
63.0,300.0
64.0,328.0
65.0,342.0
66.0,325.0
67.0,320.0
68.0,352.0
69.0,347.0
70.0,302.0
71.0,291.0
72.0,280.0
73.0,253.0
74.0,292.0
75.0,369.0
76.0,403.0
77.0,386.0
78.0,451.0
79.0,475.0
80.0,416.0
81.0,310.0
82.0,300.0
83.0,287.0
84.0,374.0
85.0,411.0
86.0,439.0
87.0,471.0
88.0,468.0
89.0,492.0
90.0,536.0
91.0,401.0
92.0,349.0
93.0,321.0
94.0,376.0
95.0,391.0
96.0,369.0
97.0,396.0
98.0,499.0
99.0,598.0
100.0,567.0
101.0,484.0
102.0,407.0
103.0,403.0
104.0,422.0
105.0,420.0
106.0,418.0
107.0,360.0
108.0,450.0
109.0,514.0
110.0,516.0
111.0,542.0
112.0,515.0
113.0,418.0
114.0,327.0
115.0,331.0
116.0,424.0
117.0,484.0
118.0,456.0
119.0,427.0
120.0,393.0
121.0,395.0
122.0,458.0
123.0,543.0
124.0,589.0
125.0,631.0
126.0,536.0
127.0,462.0
128.0,415.0
129.0,473.0
130.0,522.0
131.0,506.0
132.0,442.0
133.0,481.0
134.0,524.0
135.0,559.0
136.0,566.0
137.0,503.0
138.0,515.0
139.0,581.0
140.0,645.0
141.0,692.0
142.0,723.0
143.0,649.0
144.0,485.0
145.0,466.0
146.0,467.0
147.0,422.0
148.0,359.0
149.0,384.0
150.0,471.0
151.0,516.0
152.0,529.0
153.0,603.0
154.0,621.0
155.0,551.0
156.0,446.0
157.0,406.0
158.0,471.0
159.0,508.0
160.0,543.0
161.0,598.0
162.0,573.0
163.0,553.0
164.0,650.0
165.0,625.0
166.0,482.0
167.0,522.0
168.0,621.0
169.0,627.0
170.0,549.0
171.0,483.0
172.0,607.0
173.0,757.0
174.0,756.0
175.0,692.0
176.0,685.0
177.0,776.0
178.0,747.0
179.0,627.0
180.0,567.0
181.0,572.0
182.0,606.0
183.0,562.0
184.0,565.0
185.0,547.0
186.0,635.0
187.0,778.0
188.0,871.0
189.0,746.0
190.0,764.0
191.0,902.0
192.0,892.0
193.0,807.0
194.0,785.0
195.0,759.0
196.0,747.0
197.0,704.0
198.0,735.0
199.0,655.0
200.0,551.0
201.0,658.0
202.0,760.0
203.0,668.0
204.0,536.0
205.0,563.0
206.0,683.0
207.0,669.0
208.0,566.0
209.0,506.0
210.0,524.0
211.0,600.0
212.0,627.0
213.0,621.0
214.0,553.0
215.0,560.0
216.0,593.0
217.0,683.0
218.0,789.0
219.0,765.0
220.0,652.0
221.0,583.0
222.0,585.0
223.0,633.0
224.0,707.0
225.0,822.0
226.0,865.0
227.0,722.0
228.0,614.0
229.0,673.0
230.0,889.0
231.0,935.0
232.0,813.0
233.0,790.0
234.0,747.0
235.0,723.0
236.0,654.0
237.0,624.0
238.0,712.0
239.0,894.0
240.0,1040.0
241.0,1053.0
242.0,975.0
243.0,846.0
244.0,700.0
245.0,585.0
246.0,543.0
247.0,639.0
248.0,893.0
249.0,1070.0
250.0,967.0
251.0,771.0
252.0,667.0
253.0,780.0
254.0,883.0
255.0,903.0
256.0,891.0
257.0,816.0
258.0,847.0
259.0,932.0
260.0,940.0
261.0,863.0
262.0,877.0
263.0,946.0
264.0,953.0
265.0,782.0
266.0,723.0
267.0,767.0
268.0,843.0
269.0,933.0
270.0,982.0
271.0,935.0
272.0,916.0
273.0,991.0
274.0,1021.0
275.0,989.0
276.0,1015.0
277.0,1054.0
278.0,1077.0
279.0,921.0
280.0,885.0
281.0,1024.0
282.0,1337.0
283.0,1656.0
284.0,1785.0
285.0,3779.0
286.0,12846.0
287.0,21303.0
288.0,14704.0
289.0,4066.0
290.0,1424.0
291.0,1031.0
292.0,904.0
293.0,819.0
294.0,837.0
295.0,961.0
296.0,949.0
297.0,971.0
298.0,974.0
299.0,867.0
300.0,879.0
301.0,1057.0
302.0,1324.0
303.0,1360.0
304.0,1209.0
305.0,1070.0
306.0,1092.0
307.0,1029.0
308.0,1071.0
309.0,1265.0
310.0,1256.0
311.0,1085.0
312.0,981.0
313.0,923.0
314.0,870.0
315.0,1001.0
316.0,1195.0
317.0,1281.0
318.0,1451.0
319.0,1416.0
320.0,1162.0
321.0,928.0
322.0,878.0
323.0,967.0
324.0,1045.0
325.0,1000.0
326.0,1074.0
327.0,1249.0
328.0,1248.0
329.0,1368.0
330.0,1679.0
331.0,1599.0
332.0,1234.0
333.0,955.0
334.0,1066.0
335.0,1229.0
336.0,1492.0
337.0,3620.0
338.0,9276.0
339.0,11044.0
340.0,5675.0
341.0,1876.0
342.0,1392.0
343.0,1271.0
344.0,1163.0
345.0,1336.0
346.0,1608.0
347.0,1538.0
348.0,1499.0
349.0,1628.0
350.0,1498.0
351.0,1050.0
352.0,929.0
353.0,1051.0
354.0,1265.0
355.0,1267.0
356.0,1218.0
357.0,1253.0
358.0,1186.0
359.0,1157.0
360.0,1202.0
361.0,1213.0
362.0,1312.0
363.0,1507.0
364.0,1741.0
365.0,1917.0
366.0,1557.0
367.0,1189.0
368.0,1123.0
369.0,1212.0
370.0,1371.0
371.0,1319.0
372.0,1283.0
373.0,1310.0
374.0,1480.0
375.0,1425.0
376.0,1195.0
377.0,1264.0
378.0,1433.0
379.0,1600.0
380.0,1551.0
381.0,1301.0
382.0,1289.0
383.0,1364.0
384.0,1341.0
385.0,1308.0
386.0,1196.0
387.0,1101.0
388.0,1226.0
389.0,1335.0
390.0,1599.0
391.0,1858.0
392.0,1929.0
393.0,1817.0
394.0,1872.0
395.0,1805.0
396.0,1552.0
397.0,1484.0
398.0,1365.0
399.0,1448.0
400.0,1757.0
401.0,1904.0
402.0,1639.0
403.0,1386.0
404.0,1590.0
405.0,1824.0
406.0,1780.0
407.0,1483.0
408.0,1352.0
409.0,1668.0
410.0,1613.0
411.0,1223.0
412.0,1046.0
413.0,1081.0
414.0,1285.0
415.0,1585.0
416.0,1660.0
417.0,1577.0
418.0,1969.0
419.0,2403.0
420.0,2442.0
421.0,2086.0
422.0,1629.0
423.0,1567.0
424.0,1620.0
425.0,1515.0
426.0,1344.0
427.0,1186.0
428.0,962.0
429.0,828.0
430.0,907.0
431.0,1240.0
432.0,1750.0
433.0,1923.0
434.0,1564.0
435.0,1367.0
436.0,1346.0
437.0,1432.0
438.0,1604.0
439.0,1732.0
440.0,1790.0
441.0,1726.0
442.0,1560.0
443.0,1480.0
444.0,1429.0
445.0,1472.0
446.0,1561.0
447.0,1764.0
448.0,2022.0
449.0,1826.0
450.0,1497.0
451.0,1451.0
452.0,1384.0
453.0,1390.0
454.0,1376.0
455.0,1338.0
456.0,1352.0
457.0,1476.0
458.0,1465.0
459.0,1364.0
460.0,1408.0
461.0,1606.0
462.0,1745.0
463.0,1789.0
464.0,1927.0
465.0,1860.0
466.0,1766.0
467.0,1662.0
468.0,1608.0
469.0,1602.0
470.0,1507.0
471.0,1404.0
472.0,1319.0
473.0,1323.0
474.0,1321.0
475.0,1394.0
476.0,1529.0
477.0,1470.0
478.0,1298.0
479.0,1198.0
480.0,1412.0
481.0,1578.0
482.0,1629.0
483.0,1463.0
484.0,1313.0
485.0,1333.0
486.0,1735.0
487.0,1930.0
488.0,1762.0
489.0,1633.0
490.0,1468.0
491.0,1285.0
492.0,1234.0
493.0,1185.0
494.0,1159.0
495.0,1177.0
496.0,1273.0
497.0,1271.0
498.0,1306.0
499.0,1564.0
500.0,1904.0
501.0,1987.0
502.0,1807.0
503.0,1629.0
504.0,1509.0
505.0,1467.0
506.0,1451.0
507.0,1505.0
508.0,1682.0
509.0,1797.0
510.0,1745.0
511.0,1575.0
512.0,1322.0
513.0,1153.0
514.0,1269.0
515.0,1442.0
516.0,1583.0
517.0,1764.0
518.0,1793.0
519.0,1783.0
520.0,1643.0
521.0,1395.0
522.0,1346.0
523.0,1415.0
524.0,1500.0
525.0,1511.0
526.0,1573.0
527.0,1366.0
528.0,1274.0
529.0,1211.0
530.0,1247.0
531.0,1493.0
532.0,1736.0
533.0,1976.0
534.0,2150.0
535.0,2334.0
536.0,2436.0
537.0,1988.0
538.0,1833.0
539.0,1926.0
540.0,1631.0
541.0,1196.0
542.0,1179.0
543.0,1188.0
544.0,1240.0
545.0,1154.0
546.0,1303.0
547.0,1542.0
548.0,1692.0
549.0,1735.0
550.0,1590.0
551.0,1232.0
552.0,1012.0
553.0,1109.0
554.0,1128.0
555.0,1235.0
556.0,1329.0
557.0,1453.0
558.0,1553.0
559.0,1513.0
560.0,1250.0
561.0,1260.0
562.0,1358.0
563.0,1437.0
564.0,1451.0
565.0,1400.0
566.0,1502.0
567.0,1675.0
568.0,1700.0
569.0,1651.0
570.0,1806.0
571.0,1933.0
572.0,1718.0
573.0,1319.0
574.0,1160.0
575.0,1442.0
576.0,2578.0
577.0,4026.0
578.0,4109.0
579.0,3555.0
580.0,4666.0
581.0,6712.0
582.0,5512.0
583.0,2814.0
584.0,2396.0
585.0,2359.0
586.0,1710.0
587.0,1358.0
588.0,1864.0
589.0,2761.0
590.0,3114.0
591.0,2919.0
592.0,2363.0
593.0,1819.0
594.0,1785.0
595.0,2465.0
596.0,3456.0
597.0,3251.0
598.0,2036.0
599.0,1372.0
600.0,1631.0
601.0,2613.0
602.0,3045.0
603.0,2341.0
604.0,2198.0
605.0,2881.0
606.0,2586.0
607.0,1907.0
608.0,2605.0
609.0,3322.0
610.0,2709.0
611.0,1857.0
612.0,1626.0
613.0,1497.0
614.0,2009.0
615.0,2754.0
616.0,2626.0
617.0,2756.0
618.0,2840.0
619.0,1908.0
620.0,1662.0
621.0,1941.0
622.0,1845.0
623.0,1685.0
624.0,2233.0
625.0,8455.0
626.0,34138.0
627.0,57724.0
628.0,37031.0
629.0,7683.0
630.0,1750.0
631.0,1540.0
632.0,2068.0
633.0,2072.0
634.0,1566.0
635.0,1368.0
636.0,1500.0
637.0,1910.0
638.0,3176.0
639.0,4800.0
640.0,4307.0
641.0,2265.0
642.0,1385.0
643.0,1171.0
644.0,1093.0
645.0,1438.0
646.0,1803.0
647.0,1644.0
648.0,1477.0
649.0,1702.0
650.0,1813.0
651.0,2333.0
652.0,3814.0
653.0,4311.0
654.0,2766.0
655.0,1431.0
656.0,1184.0
657.0,1306.0
658.0,1534.0
659.0,1672.0
660.0,2030.0
661.0,2376.0
662.0,1931.0
663.0,1405.0
664.0,1402.0
665.0,1805.0
666.0,2625.0
667.0,3477.0
668.0,3182.0
669.0,2460.0
670.0,1741.0
671.0,1337.0
672.0,1284.0
673.0,1132.0
674.0,1019.0
675.0,978.0
676.0,1338.0
677.0,1723.0
678.0,1540.0
679.0,1279.0
680.0,1517.0
681.0,1847.0
682.0,2416.0
683.0,2742.0
684.0,2085.0
685.0,2180.0
686.0,2151.0
687.0,1538.0
688.0,1440.0
689.0,1328.0
690.0,1143.0
691.0,1335.0
692.0,1280.0
693.0,1095.0
694.0,1368.0
695.0,1657.0
696.0,1250.0
697.0,1031.0
698.0,1176.0
699.0,1992.0
700.0,2934.0
701.0,2386.0
702.0,1492.0
703.0,1660.0
704.0,1963.0
705.0,1384.0
706.0,971.0
707.0,917.0
708.0,1087.0
709.0,1180.0
710.0,1155.0
711.0,1080.0
712.0,1031.0
713.0,1516.0
714.0,1943.0
715.0,1556.0
716.0,1097.0
717.0,1135.0
718.0,2067.0
719.0,2597.0
720.0,1864.0
721.0,1168.0
722.0,1024.0
723.0,1459.0
724.0,1819.0
725.0,1528.0
726.0,1150.0
727.0,1021.0
728.0,1005.0
729.0,1080.0
730.0,1152.0
731.0,1146.0
732.0,1202.0
733.0,1255.0
734.0,1353.0
735.0,1142.0
736.0,1062.0
737.0,1394.0
738.0,2206.0
739.0,2266.0
740.0,1373.0
741.0,931.0
742.0,964.0
743.0,938.0
744.0,1069.0
745.0,1355.0
746.0,1384.0
747.0,1259.0
748.0,1082.0
749.0,1011.0
750.0,1030.0
751.0,897.0
752.0,909.0
753.0,856.0
754.0,875.0
755.0,1229.0
756.0,1438.0
757.0,1235.0
758.0,1120.0
759.0,1710.0
760.0,2433.0
761.0,1888.0
762.0,894.0
763.0,711.0
764.0,803.0
765.0,882.0
766.0,920.0
767.0,1292.0
768.0,1661.0
769.0,1861.0
770.0,1472.0
771.0,1022.0
772.0,847.0
773.0,826.0
774.0,911.0
775.0,934.0
776.0,893.0
777.0,860.0
778.0,950.0
779.0,1231.0
780.0,1143.0
781.0,938.0
782.0,1431.0
783.0,1868.0
784.0,1270.0
785.0,761.0
786.0,800.0
787.0,855.0
788.0,829.0
789.0,878.0
790.0,1016.0
791.0,1337.0
792.0,1123.0
793.0,660.0
794.0,512.0
795.0,619.0
796.0,819.0
797.0,857.0
798.0,718.0
799.0,650.0
800.0,708.0
801.0,823.0
802.0,1078.0
803.0,1408.0
804.0,1373.0
805.0,967.0
806.0,1007.0
807.0,1314.0
808.0,1136.0
809.0,927.0
810.0,905.0
811.0,731.0
812.0,656.0
813.0,715.0
814.0,767.0
815.0,739.0
816.0,827.0
817.0,912.0
818.0,820.0
819.0,693.0
820.0,742.0
821.0,723.0
822.0,654.0
823.0,645.0
824.0,656.0
825.0,619.0
826.0,544.0
827.0,545.0
828.0,698.0
829.0,1191.0
830.0,2907.0
831.0,4481.0
832.0,3380.0
833.0,1565.0
834.0,812.0
835.0,503.0
836.0,513.0
837.0,742.0
838.0,1114.0
839.0,1128.0
840.0,819.0
841.0,664.0
842.0,745.0
843.0,853.0
844.0,790.0
845.0,617.0
846.0,583.0
847.0,541.0
848.0,473.0
849.0,504.0
850.0,592.0
851.0,658.0
852.0,638.0
853.0,511.0
854.0,471.0
855.0,588.0
856.0,829.0
857.0,812.0
858.0,724.0
859.0,880.0
860.0,839.0
861.0,563.0
862.0,440.0
863.0,415.0
864.0,449.0
865.0,527.0
866.0,490.0
867.0,420.0
868.0,419.0
869.0,421.0
870.0,503.0
871.0,735.0
872.0,673.0
873.0,523.0
874.0,490.0
875.0,518.0
876.0,445.0
877.0,379.0
878.0,394.0
879.0,470.0
880.0,432.0
881.0,427.0
882.0,493.0
883.0,475.0
884.0,541.0
885.0,583.0
886.0,573.0
887.0,673.0
888.0,713.0
889.0,535.0
890.0,423.0
891.0,355.0
892.0,324.0
893.0,352.0
894.0,347.0
895.0,338.0
896.0,352.0
897.0,463.0
898.0,520.0
899.0,450.0
900.0,455.0
901.0,453.0
902.0,324.0
903.0,338.0
904.0,349.0
905.0,362.0
906.0,342.0
907.0,352.0
908.0,377.0
909.0,373.0
910.0,388.0
911.0,459.0
912.0,486.0
913.0,409.0
914.0,447.0
915.0,502.0
916.0,480.0
917.0,490.0
918.0,373.0
919.0,360.0
920.0,354.0
921.0,321.0
922.0,247.0
923.0,206.0
924.0,222.0
925.0,239.0
926.0,254.0
927.0,319.0
928.0,390.0
929.0,349.0
930.0,341.0
931.0,317.0
932.0,298.0
933.0,271.0
934.0,309.0
935.0,317.0
936.0,327.0
937.0,281.0
938.0,231.0
939.0,274.0
940.0,310.0
941.0,278.0
942.0,290.0
943.0,270.0
944.0,237.0
945.0,268.0
946.0,349.0
947.0,374.0
948.0,350.0
949.0,293.0
950.0,282.0
951.0,248.0
952.0,207.0
953.0,197.0
954.0,206.0
955.0,232.0
956.0,251.0
957.0,247.0
958.0,240.0
959.0,230.0
960.0,217.0
961.0,207.0
962.0,219.0
963.0,213.0
964.0,188.0
965.0,183.0
966.0,205.0
967.0,194.0
968.0,201.0
969.0,206.0
970.0,214.0
971.0,188.0
972.0,184.0
973.0,165.0
974.0,152.0
975.0,159.0
976.0,176.0
977.0,220.0
978.0,215.0
979.0,202.0
980.0,198.0
981.0,190.0
982.0,161.0
983.0,175.0
984.0,175.0
985.0,158.0
986.0,120.0
987.0,123.0
988.0,116.0
989.0,131.0
990.0,127.0
991.0,136.0
992.0,126.0
993.0,110.0
994.0,123.0
995.0,115.0
996.0,129.0
997.0,146.0
998.0,146.0
999.0,145.0
1000.0,121.0
1001.0,92.0
1002.0,118.0
1003.0,110.0
1004.0,109.0
1005.0,108.0
1006.0,104.0
1007.0,114.0
1008.0,119.0
1009.0,146.0
1010.0,243.0
1011.0,294.0
1012.0,213.0
1013.0,143.0
1014.0,135.0
1015.0,111.0
1016.0,75.0
1017.0,78.0
1018.0,81.0
1019.0,88.0
1020.0,81.0
1021.0,94.0
1022.0,78.0
1023.0,103.0
