0.0,19.0
1.0,44.0
2.0,45.0
3.0,23.0
4.0,41.0
5.0,39.0
6.0,23.0
7.0,29.0
8.0,25.0
9.0,23.0
10.0,26.0
11.0,32.0
12.0,27.0
13.0,28.0
14.0,28.0
15.0,32.0
16.0,40.0
17.0,29.0
18.0,38.0
19.0,39.0
20.0,53.0
21.0,54.0
22.0,64.0
23.0,68.0
24.0,65.0
25.0,50.0
26.0,73.0
27.0,58.0
28.0,50.0
29.0,64.0
30.0,68.0
31.0,62.0
32.0,34.0
33.0,61.0
34.0,55.0
35.0,74.0
36.0,86.0
37.0,99.0
38.0,92.0
39.0,77.0
40.0,100.0
41.0,115.0
42.0,104.0
43.0,74.0
44.0,81.0
45.0,86.0
46.0,103.0
47.0,95.0
48.0,76.0
49.0,103.0
50.0,92.0
51.0,80.0
52.0,88.0
53.0,104.0
54.0,90.0
55.0,118.0
56.0,92.0
57.0,83.0
58.0,88.0
59.0,84.0
60.0,130.0
61.0,166.0
62.0,179.0
63.0,189.0
64.0,182.0
65.0,120.0
66.0,101.0
67.0,122.0
68.0,134.0
69.0,126.0
70.0,122.0
71.0,119.0
72.0,126.0
73.0,149.0
74.0,198.0
75.0,269.0
76.0,291.0
77.0,247.0
78.0,219.0
79.0,278.0
80.0,360.0
81.0,828.0
82.0,1801.0
83.0,1957.0
84.0,1254.0
85.0,1274.0
86.0,1571.0
87.0,976.0
88.0,562.0
89.0,717.0
90.0,1302.0
91.0,1417.0
92.0,707.0
93.0,281.0
94.0,222.0
95.0,301.0
96.0,905.0
97.0,1997.0
98.0,1713.0
99.0,814.0
100.0,850.0
101.0,1233.0
102.0,1090.0
103.0,668.0
104.0,874.0
105.0,1947.0
106.0,2868.0
107.0,2195.0
108.0,901.0
109.0,417.0
110.0,377.0
111.0,397.0
112.0,704.0
113.0,1857.0
114.0,3006.0
115.0,3060.0
116.0,2381.0
117.0,1198.0
118.0,429.0
119.0,385.0
120.0,407.0
121.0,562.0
122.0,1605.0
123.0,2991.0
124.0,2458.0
125.0,1456.0
126.0,1537.0
127.0,2320.0
128.0,2478.0
129.0,1256.0
130.0,510.0
131.0,388.0
132.0,652.0
133.0,2204.0
134.0,3778.0
135.0,2885.0
136.0,1131.0
137.0,749.0
138.0,1220.0
139.0,1758.0
140.0,2257.0
141.0,3194.0
142.0,2562.0
143.0,1121.0
144.0,670.0
145.0,1155.0
146.0,3504.0
147.0,4879.0
148.0,2900.0
149.0,915.0
150.0,505.0
151.0,396.0
152.0,505.0
153.0,1037.0
154.0,1792.0
155.0,2250.0
156.0,3219.0
157.0,3294.0
158.0,1694.0
159.0,991.0
160.0,2886.0
161.0,5628.0
162.0,4498.0
163.0,1631.0
164.0,666.0
165.0,791.0
166.0,876.0
167.0,984.0
168.0,867.0
169.0,783.0
170.0,1381.0
171.0,2387.0
172.0,2731.0
173.0,3376.0
174.0,3857.0
175.0,2532.0
176.0,2986.0
177.0,6421.0
178.0,6593.0
179.0,3233.0
180.0,1445.0
181.0,1233.0
182.0,1080.0
183.0,785.0
184.0,742.0
185.0,710.0
186.0,604.0
187.0,554.0
188.0,785.0
189.0,1903.0
190.0,3168.0
191.0,3269.0
192.0,4292.0
193.0,5107.0
194.0,5547.0
195.0,8562.0
196.0,8511.0
197.0,4810.0
198.0,2461.0
199.0,1119.0
200.0,715.0
201.0,811.0
202.0,759.0
203.0,679.0
204.0,704.0
205.0,718.0
206.0,820.0
207.0,1116.0
208.0,1420.0
209.0,2202.0
210.0,3960.0
211.0,4421.0
212.0,4454.0
213.0,6648.0
214.0,9515.0
215.0,10779.0
216.0,7031.0
217.0,2133.0
218.0,876.0
219.0,880.0
220.0,934.0
221.0,981.0
222.0,1166.0
223.0,1398.0
224.0,1355.0
225.0,1191.0
226.0,1038.0
227.0,906.0
228.0,927.0
229.0,909.0
230.0,1089.0
231.0,1884.0
232.0,4078.0
233.0,5322.0
234.0,5325.0
235.0,9363.0
236.0,14109.0
237.0,10496.0
238.0,3842.0
239.0,1653.0
240.0,1669.0
241.0,1536.0
242.0,1361.0
243.0,1306.0
244.0,1412.0
245.0,1370.0
246.0,1356.0
247.0,1557.0
248.0,1747.0
249.0,1494.0
250.0,964.0
251.0,694.0
252.0,694.0
253.0,957.0
254.0,1514.0
255.0,2816.0
256.0,5426.0
257.0,6211.0
258.0,8149.0
259.0,15414.0
260.0,13739.0
261.0,5101.0
262.0,1526.0
263.0,1219.0
264.0,1053.0
265.0,1263.0
266.0,1734.0
267.0,1663.0
268.0,1374.0
269.0,1671.0
270.0,1877.0
271.0,1964.0
272.0,2013.0
273.0,1884.0
274.0,1574.0
275.0,1391.0
276.0,1077.0
277.0,1012.0
278.0,1326.0
279.0,1624.0
280.0,2069.0
281.0,4560.0
282.0,8142.0
283.0,11823.0
284.0,15260.0
285.0,14744.0
286.0,11794.0
287.0,8067.0
288.0,3845.0
289.0,1895.0
290.0,1451.0
291.0,1172.0
292.0,1043.0
293.0,1168.0
294.0,1266.0
295.0,1232.0
296.0,1073.0
297.0,1023.0
298.0,1148.0
299.0,1496.0
300.0,1773.0
301.0,1781.0
302.0,1932.0
303.0,2043.0
304.0,1734.0
305.0,1341.0
306.0,1355.0
307.0,2303.0
308.0,5763.0
309.0,11776.0
310.0,15679.0
311.0,11741.0
312.0,7091.0
313.0,5247.0
314.0,3052.0
315.0,1918.0
316.0,1400.0
317.0,1361.0
318.0,1939.0
319.0,2064.0
320.0,1883.0
321.0,1764.0
322.0,1430.0
323.0,1130.0
324.0,1232.0
325.0,1409.0
326.0,1459.0
327.0,1542.0
328.0,1721.0
329.0,1609.0
330.0,1552.0
331.0,1697.0
332.0,1663.0
333.0,1307.0
334.0,1147.0
335.0,1429.0
336.0,3387.0
337.0,10322.0
338.0,17441.0
339.0,13008.0
340.0,5309.0
341.0,5165.0
342.0,4912.0
343.0,2594.0
344.0,1692.0
345.0,3187.0
346.0,10909.0
347.0,20779.0
348.0,15965.0
349.0,4908.0
350.0,2078.0
351.0,2174.0
352.0,2362.0
353.0,2346.0
354.0,2126.0
355.0,1793.0
356.0,1495.0
357.0,1175.0
358.0,1079.0
359.0,1214.0
360.0,1516.0
361.0,1771.0
362.0,1694.0
363.0,1397.0
364.0,1275.0
365.0,1448.0
366.0,3395.0
367.0,11133.0
368.0,16565.0
369.0,10660.0
370.0,3775.0
371.0,4397.0
372.0,5963.0
373.0,5015.0
374.0,3256.0
375.0,2487.0
376.0,2113.0
377.0,1899.0
378.0,1784.0
379.0,1571.0
380.0,1318.0
381.0,1268.0
382.0,1309.0
383.0,1399.0
384.0,1851.0
385.0,2504.0
386.0,2199.0
387.0,1434.0
388.0,1279.0
389.0,1198.0
390.0,1068.0
391.0,1258.0
392.0,1770.0
393.0,1885.0
394.0,1762.0
395.0,1750.0
396.0,1811.0
397.0,3175.0
398.0,8416.0
399.0,14267.0
400.0,13266.0
401.0,6657.0
402.0,2613.0
403.0,2824.0
404.0,4594.0
405.0,4093.0
406.0,2097.0
407.0,1429.0
408.0,1313.0
409.0,1049.0
410.0,848.0
411.0,991.0
412.0,1329.0
413.0,1658.0
414.0,1865.0
415.0,2052.0
416.0,2064.0
417.0,2272.0
418.0,2313.0
419.0,1984.0
420.0,1537.0
421.0,1341.0
422.0,1224.0
423.0,1297.0
424.0,1434.0
425.0,1416.0
426.0,1420.0
427.0,1592.0
428.0,1755.0
429.0,1861.0
430.0,3209.0
431.0,8024.0
432.0,11407.0
433.0,10479.0
434.0,7962.0
435.0,4789.0
436.0,2732.0
437.0,3228.0
438.0,4483.0
439.0,3380.0
440.0,1819.0
441.0,1742.0
442.0,1629.0
443.0,1531.0
444.0,1661.0
445.0,1501.0
446.0,1483.0
447.0,1833.0
448.0,2168.0
449.0,2273.0
450.0,2197.0
451.0,2317.0
452.0,2405.0
453.0,2293.0
454.0,1832.0
455.0,1552.0
456.0,1461.0
457.0,1243.0
458.0,1166.0
459.0,1243.0
460.0,1346.0
461.0,1842.0
462.0,2437.0
463.0,2881.0
464.0,3320.0
465.0,6311.0
466.0,10517.0
467.0,8769.0
468.0,6848.0
469.0,6920.0
470.0,3920.0
471.0,1792.0
472.0,2233.0
473.0,3618.0
474.0,3643.0
475.0,2306.0
476.0,1607.0
477.0,1498.0
478.0,1379.0
479.0,1631.0
480.0,1859.0
481.0,1792.0
482.0,1842.0
483.0,1778.0
484.0,1452.0
485.0,1347.0
486.0,1471.0
487.0,1599.0
488.0,1596.0
489.0,1682.0
490.0,1995.0
491.0,2008.0
492.0,1482.0
493.0,1055.0
494.0,1216.0
495.0,1634.0
496.0,2028.0
497.0,2302.0
498.0,2329.0
499.0,2434.0
500.0,3059.0
501.0,6130.0
502.0,9420.0
503.0,7005.0
504.0,4450.0
505.0,6203.0
506.0,5385.0
507.0,2600.0
508.0,1842.0
509.0,2247.0
510.0,3279.0
511.0,3304.0
512.0,2147.0
513.0,1585.0
514.0,1479.0
515.0,1566.0
516.0,1853.0
517.0,1882.0
518.0,1576.0
519.0,1311.0
520.0,1112.0
521.0,1070.0
522.0,1333.0
523.0,1663.0
524.0,2070.0
525.0,2227.0
526.0,2178.0
527.0,2265.0
528.0,1964.0
529.0,1589.0
530.0,1710.0
531.0,2123.0
532.0,1924.0
533.0,1377.0
534.0,1328.0
535.0,1584.0
536.0,1641.0
537.0,1621.0
538.0,3097.0
539.0,6904.0
540.0,7094.0
541.0,3480.0
542.0,2964.0
543.0,5464.0
544.0,5363.0
545.0,2613.0
546.0,1409.0
547.0,1700.0
548.0,2809.0
549.0,3611.0
550.0,2896.0
551.0,1751.0
552.0,1357.0
553.0,1219.0
554.0,1478.0
555.0,1519.0
556.0,1421.0
557.0,1241.0
558.0,1140.0
559.0,1034.0
560.0,1018.0
561.0,1015.0
562.0,1077.0
563.0,1239.0
564.0,1412.0
565.0,1345.0
566.0,1288.0
567.0,1298.0
568.0,1214.0
569.0,1162.0
570.0,1261.0
571.0,1266.0
572.0,1333.0
573.0,1632.0
574.0,1921.0
575.0,1916.0
576.0,2737.0
577.0,4808.0
578.0,4806.0
579.0,4215.0
580.0,4068.0
581.0,3004.0
582.0,3444.0
583.0,5021.0
584.0,3766.0
585.0,2049.0
586.0,1634.0
587.0,1697.0
588.0,2468.0
589.0,3634.0
590.0,3278.0
591.0,1998.0
592.0,1261.0
593.0,1208.0
594.0,1452.0
595.0,1412.0
596.0,1261.0
597.0,1404.0
598.0,1594.0
599.0,1501.0
600.0,1225.0
601.0,1275.0
602.0,1511.0
603.0,1324.0
604.0,1244.0
605.0,1516.0
606.0,1564.0
607.0,1262.0
608.0,1218.0
609.0,1277.0
610.0,1433.0
611.0,1767.0
612.0,1773.0
613.0,1474.0
614.0,1160.0
615.0,1075.0
616.0,1139.0
617.0,2004.0
618.0,4548.0
619.0,5790.0
620.0,3499.0
621.0,1917.0
622.0,2130.0
623.0,3594.0
624.0,5335.0
625.0,3970.0
626.0,1869.0
627.0,1520.0
628.0,1114.0
629.0,1118.0
630.0,1902.0
631.0,1947.0
632.0,1317.0
633.0,1138.0
634.0,975.0
635.0,877.0
636.0,795.0
637.0,681.0
638.0,740.0
639.0,935.0
640.0,1028.0
641.0,979.0
642.0,925.0
643.0,1029.0
644.0,1093.0
645.0,961.0
646.0,898.0
647.0,876.0
648.0,887.0
649.0,1098.0
650.0,1205.0
651.0,1206.0
652.0,1053.0
653.0,1028.0
654.0,1108.0
655.0,1085.0
656.0,1086.0
657.0,1101.0
658.0,1251.0
659.0,1821.0
660.0,3837.0
661.0,4585.0
662.0,2436.0
663.0,1132.0
664.0,1156.0
665.0,1449.0
666.0,2846.0
667.0,3450.0
668.0,2080.0
669.0,1190.0
670.0,965.0
671.0,950.0
672.0,1253.0
673.0,2043.0
674.0,2307.0
675.0,1541.0
676.0,1060.0
677.0,935.0
678.0,830.0
679.0,820.0
680.0,754.0
681.0,766.0
682.0,749.0
683.0,776.0
684.0,938.0
685.0,919.0
686.0,784.0
687.0,776.0
688.0,898.0
689.0,1082.0
690.0,1297.0
691.0,1378.0
692.0,1039.0
693.0,687.0
694.0,671.0
695.0,771.0
696.0,727.0
697.0,686.0
698.0,710.0
699.0,810.0
700.0,1103.0
701.0,1157.0
702.0,1192.0
703.0,2457.0
704.0,3810.0
705.0,2792.0
706.0,1228.0
707.0,774.0
708.0,664.0
709.0,1127.0
710.0,2537.0
711.0,2705.0
712.0,1538.0
713.0,896.0
714.0,926.0
715.0,1155.0
716.0,1290.0
717.0,1591.0
718.0,1668.0
719.0,1166.0
720.0,794.0
721.0,842.0
722.0,902.0
723.0,820.0
724.0,696.0
725.0,586.0
726.0,633.0
727.0,804.0
728.0,785.0
729.0,744.0
730.0,775.0
731.0,818.0
732.0,805.0
733.0,871.0
734.0,829.0
735.0,708.0
736.0,809.0
737.0,789.0
738.0,715.0
739.0,678.0
740.0,666.0
741.0,717.0
742.0,997.0
743.0,1335.0
744.0,1546.0
745.0,1400.0
746.0,1324.0
747.0,1782.0
748.0,2805.0
749.0,3167.0
750.0,2109.0
751.0,1262.0
752.0,974.0
753.0,858.0
754.0,998.0
755.0,1648.0
756.0,2185.0
757.0,1457.0
758.0,916.0
759.0,830.0
760.0,768.0
761.0,829.0
762.0,934.0
763.0,1261.0
764.0,1470.0
765.0,1246.0
766.0,878.0
767.0,713.0
768.0,641.0
769.0,639.0
770.0,626.0
771.0,577.0
772.0,592.0
773.0,687.0
774.0,703.0
775.0,849.0
776.0,902.0
777.0,754.0
778.0,814.0
779.0,845.0
780.0,743.0
781.0,712.0
782.0,690.0
783.0,560.0
784.0,543.0
785.0,641.0
786.0,880.0
787.0,850.0
788.0,702.0
789.0,768.0
790.0,794.0
791.0,616.0
792.0,733.0
793.0,1068.0
794.0,1829.0
795.0,2301.0
796.0,1371.0
797.0,726.0
798.0,794.0
799.0,909.0
800.0,983.0
801.0,1294.0
802.0,1980.0
803.0,2009.0
804.0,1192.0
805.0,730.0
806.0,654.0
807.0,531.0
808.0,521.0
809.0,499.0
810.0,556.0
811.0,777.0
812.0,738.0
813.0,575.0
814.0,494.0
815.0,509.0
816.0,478.0
817.0,395.0
818.0,470.0
819.0,624.0
820.0,690.0
821.0,652.0
822.0,617.0
823.0,639.0
824.0,851.0
825.0,1200.0
826.0,1371.0
827.0,1365.0
828.0,1151.0
829.0,834.0
830.0,574.0
831.0,516.0
832.0,516.0
833.0,462.0
834.0,459.0
835.0,532.0
836.0,625.0
837.0,632.0
838.0,541.0
839.0,547.0
840.0,600.0
841.0,755.0
842.0,1305.0
843.0,1374.0
844.0,821.0
845.0,566.0
846.0,638.0
847.0,672.0
848.0,656.0
849.0,743.0
850.0,1242.0
851.0,1424.0
852.0,978.0
853.0,715.0
854.0,605.0
855.0,580.0
856.0,603.0
857.0,613.0
858.0,776.0
859.0,796.0
860.0,702.0
861.0,656.0
862.0,576.0
863.0,597.0
864.0,731.0
865.0,683.0
866.0,543.0
867.0,455.0
868.0,440.0
869.0,532.0
870.0,555.0
871.0,651.0
872.0,721.0
873.0,647.0
874.0,559.0
875.0,608.0
876.0,632.0
877.0,548.0
878.0,499.0
879.0,548.0
880.0,716.0
881.0,713.0
882.0,574.0
883.0,486.0
884.0,442.0
885.0,395.0
886.0,447.0
887.0,470.0
888.0,441.0
889.0,446.0
890.0,654.0
891.0,1132.0
892.0,1043.0
893.0,738.0
894.0,563.0
895.0,483.0
896.0,513.0
897.0,540.0
898.0,577.0
899.0,1203.0
900.0,2798.0
901.0,2756.0
902.0,1121.0
903.0,474.0
904.0,449.0
905.0,518.0
906.0,553.0
907.0,524.0
908.0,632.0
909.0,827.0
910.0,749.0
911.0,614.0
912.0,461.0
913.0,374.0
914.0,371.0
915.0,454.0
916.0,456.0
917.0,463.0
918.0,379.0
919.0,377.0
920.0,368.0
921.0,389.0
922.0,435.0
923.0,494.0
924.0,478.0
925.0,380.0
926.0,414.0
927.0,489.0
928.0,517.0
929.0,561.0
930.0,555.0
931.0,509.0
932.0,497.0
933.0,521.0
934.0,566.0
935.0,491.0
936.0,395.0
937.0,389.0
938.0,404.0
939.0,424.0
940.0,475.0
941.0,669.0
942.0,698.0
943.0,592.0
944.0,482.0
945.0,380.0
946.0,435.0
947.0,469.0
948.0,453.0
949.0,494.0
950.0,661.0
951.0,690.0
952.0,530.0
953.0,348.0
954.0,320.0
955.0,281.0
956.0,319.0
957.0,391.0
958.0,445.0
959.0,422.0
960.0,343.0
961.0,289.0
962.0,340.0
963.0,430.0
964.0,497.0
965.0,450.0
966.0,412.0
967.0,387.0
968.0,356.0
969.0,419.0
970.0,405.0
971.0,366.0
972.0,353.0
973.0,353.0
974.0,324.0
975.0,293.0
976.0,266.0
977.0,335.0
978.0,368.0
979.0,325.0
980.0,270.0
981.0,324.0
982.0,314.0
983.0,264.0
984.0,244.0
985.0,340.0
986.0,506.0
987.0,1351.0
988.0,2772.0
989.0,2070.0
990.0,561.0
991.0,288.0
992.0,374.0
993.0,447.0
994.0,413.0
995.0,409.0
996.0,464.0
997.0,436.0
998.0,332.0
999.0,276.0
1000.0,307.0
1001.0,374.0
1002.0,467.0
1003.0,470.0
1004.0,322.0
1005.0,234.0
1006.0,233.0
1007.0,231.0
1008.0,240.0
1009.0,225.0
1010.0,189.0
1011.0,188.0
1012.0,243.0
1013.0,313.0
1014.0,289.0
1015.0,227.0
1016.0,254.0
1017.0,298.0
1018.0,288.0
1019.0,226.0
1020.0,268.0
1021.0,321.0
1022.0,283.0
1023.0,239.0
