0.0,20.0
1.0,10.0
2.0,15.0
3.0,26.0
4.0,15.0
5.0,29.0
6.0,22.0
7.0,26.0
8.0,20.0
9.0,17.0
10.0,17.0
11.0,16.0
12.0,27.0
13.0,23.0
14.0,13.0
15.0,30.0
16.0,25.0
17.0,31.0
18.0,26.0
19.0,30.0
20.0,34.0
21.0,26.0
22.0,21.0
23.0,26.0
24.0,21.0
25.0,15.0
26.0,23.0
27.0,21.0
28.0,23.0
29.0,28.0
30.0,19.0
31.0,18.0
32.0,22.0
33.0,33.0
34.0,23.0
35.0,22.0
36.0,15.0
37.0,22.0
38.0,47.0
39.0,29.0
40.0,35.0
41.0,16.0
42.0,33.0
43.0,35.0
44.0,34.0
45.0,39.0
46.0,30.0
47.0,23.0
48.0,31.0
49.0,31.0
50.0,21.0
51.0,20.0
52.0,41.0
53.0,38.0
54.0,36.0
55.0,35.0
56.0,36.0
57.0,38.0
58.0,37.0
59.0,33.0
60.0,41.0
61.0,40.0
62.0,43.0
63.0,50.0
64.0,36.0
65.0,29.0
66.0,44.0
67.0,42.0
68.0,41.0
69.0,43.0
70.0,74.0
71.0,56.0
72.0,43.0
73.0,47.0
74.0,41.0
75.0,42.0
76.0,37.0
77.0,44.0
78.0,34.0
79.0,45.0
80.0,52.0
81.0,36.0
82.0,43.0
83.0,36.0
84.0,63.0
85.0,37.0
86.0,44.0
87.0,34.0
88.0,33.0
89.0,46.0
90.0,55.0
91.0,57.0
92.0,45.0
93.0,56.0
94.0,39.0
95.0,52.0
96.0,60.0
97.0,40.0
98.0,69.0
99.0,59.0
100.0,51.0
101.0,43.0
102.0,49.0
103.0,56.0
104.0,51.0
105.0,56.0
106.0,50.0
107.0,60.0
108.0,58.0
109.0,70.0
110.0,60.0
111.0,49.0
112.0,62.0
113.0,58.0
114.0,52.0
115.0,61.0
116.0,74.0
117.0,61.0
118.0,58.0
119.0,76.0
120.0,53.0
121.0,62.0
122.0,79.0
123.0,74.0
124.0,76.0
125.0,71.0
126.0,68.0
127.0,71.0
128.0,89.0
129.0,72.0
130.0,69.0
131.0,64.0
132.0,82.0
133.0,65.0
134.0,74.0
135.0,68.0
136.0,83.0
137.0,64.0
138.0,68.0
139.0,62.0
140.0,71.0
141.0,71.0
142.0,85.0
143.0,83.0
144.0,77.0
145.0,81.0
146.0,79.0
147.0,79.0
148.0,70.0
149.0,76.0
150.0,77.0
151.0,80.0
152.0,87.0
153.0,83.0
154.0,80.0
155.0,70.0
156.0,84.0
157.0,77.0
158.0,102.0
159.0,87.0
160.0,90.0
161.0,73.0
162.0,90.0
163.0,91.0
164.0,86.0
165.0,102.0
166.0,90.0
167.0,92.0
168.0,79.0
169.0,97.0
170.0,100.0
171.0,92.0
172.0,90.0
173.0,108.0
174.0,102.0
175.0,103.0
176.0,93.0
177.0,92.0
178.0,97.0
179.0,110.0
180.0,98.0
181.0,91.0
182.0,84.0
183.0,107.0
184.0,90.0
185.0,88.0
186.0,93.0
187.0,89.0
188.0,95.0
189.0,116.0
190.0,100.0
191.0,97.0
192.0,86.0
193.0,109.0
194.0,104.0
195.0,114.0
196.0,90.0
197.0,113.0
198.0,108.0
199.0,129.0
200.0,102.0
201.0,101.0
202.0,107.0
203.0,104.0
204.0,108.0
205.0,117.0
206.0,120.0
207.0,117.0
208.0,97.0
209.0,111.0
210.0,126.0
211.0,144.0
212.0,219.0
213.0,252.0
214.0,232.0
215.0,156.0
216.0,155.0
217.0,108.0
218.0,109.0
219.0,113.0
220.0,126.0
221.0,125.0
222.0,155.0
223.0,153.0
224.0,141.0
225.0,147.0
226.0,135.0
227.0,136.0
228.0,134.0
229.0,116.0
230.0,116.0
231.0,134.0
232.0,143.0
233.0,143.0
234.0,144.0
235.0,171.0
236.0,161.0
237.0,149.0
238.0,128.0
239.0,142.0
240.0,153.0
241.0,157.0
242.0,156.0
243.0,177.0
244.0,160.0
245.0,155.0
246.0,168.0
247.0,190.0
248.0,162.0
249.0,164.0
250.0,152.0
251.0,152.0
252.0,140.0
253.0,153.0
254.0,163.0
255.0,185.0
256.0,415.0
257.0,1264.0
258.0,1647.0
259.0,743.0
260.0,205.0
261.0,165.0
262.0,174.0
263.0,167.0
264.0,133.0
265.0,148.0
266.0,152.0
267.0,161.0
268.0,157.0
269.0,169.0
270.0,170.0
271.0,168.0
272.0,147.0
273.0,156.0
274.0,182.0
275.0,179.0
276.0,237.0
277.0,414.0
278.0,462.0
279.0,311.0
280.0,179.0
281.0,180.0
282.0,180.0
283.0,167.0
284.0,175.0
285.0,187.0
286.0,177.0
287.0,161.0
288.0,170.0
289.0,186.0
290.0,191.0
291.0,182.0
292.0,179.0
293.0,165.0
294.0,180.0
295.0,176.0
296.0,189.0
297.0,170.0
298.0,183.0
299.0,194.0
300.0,188.0
301.0,175.0
302.0,165.0
303.0,174.0
304.0,194.0
305.0,181.0
306.0,180.0
307.0,169.0
308.0,182.0
309.0,170.0
310.0,193.0
311.0,186.0
312.0,171.0
313.0,199.0
314.0,230.0
315.0,208.0
316.0,190.0
317.0,204.0
318.0,152.0
319.0,154.0
320.0,156.0
321.0,184.0
322.0,234.0
323.0,221.0
324.0,190.0
325.0,205.0
326.0,187.0
327.0,171.0
328.0,188.0
329.0,188.0
330.0,191.0
331.0,192.0
332.0,187.0
333.0,184.0
334.0,230.0
335.0,181.0
336.0,190.0
337.0,208.0
338.0,200.0
339.0,210.0
340.0,219.0
341.0,230.0
342.0,223.0
343.0,204.0
344.0,183.0
345.0,189.0
346.0,198.0
347.0,221.0
348.0,232.0
349.0,213.0
350.0,219.0
351.0,214.0
352.0,212.0
353.0,219.0
354.0,239.0
355.0,197.0
356.0,219.0
357.0,223.0
358.0,262.0
359.0,233.0
360.0,236.0
361.0,240.0
362.0,215.0
363.0,210.0
364.0,207.0
365.0,177.0
366.0,187.0
367.0,204.0
368.0,188.0
369.0,221.0
370.0,223.0
371.0,224.0
372.0,272.0
373.0,254.0
374.0,221.0
375.0,223.0
376.0,234.0
377.0,258.0
378.0,238.0
379.0,239.0
380.0,237.0
381.0,240.0
382.0,228.0
383.0,220.0
384.0,201.0
385.0,223.0
386.0,241.0
387.0,199.0
388.0,237.0
389.0,250.0
390.0,226.0
391.0,246.0
392.0,257.0
393.0,241.0
394.0,271.0
395.0,267.0
396.0,254.0
397.0,243.0
398.0,262.0
399.0,246.0
400.0,239.0
401.0,264.0
402.0,281.0
403.0,265.0
404.0,234.0
405.0,237.0
406.0,249.0
407.0,302.0
408.0,290.0
409.0,325.0
410.0,296.0
411.0,303.0
412.0,283.0
413.0,290.0
414.0,278.0
415.0,268.0
416.0,272.0
417.0,241.0
418.0,229.0
419.0,225.0
420.0,187.0
421.0,209.0
422.0,234.0
423.0,236.0
424.0,230.0
425.0,234.0
426.0,255.0
427.0,257.0
428.0,240.0
429.0,242.0
430.0,217.0
431.0,212.0
432.0,220.0
433.0,240.0
434.0,237.0
435.0,239.0
436.0,250.0
437.0,240.0
438.0,255.0
439.0,282.0
440.0,283.0
441.0,276.0
442.0,255.0
443.0,281.0
444.0,258.0
445.0,256.0
446.0,275.0
447.0,233.0
448.0,213.0
449.0,225.0
450.0,222.0
451.0,227.0
452.0,261.0
453.0,271.0
454.0,302.0
455.0,296.0
456.0,285.0
457.0,302.0
458.0,282.0
459.0,271.0
460.0,273.0
461.0,281.0
462.0,289.0
463.0,325.0
464.0,300.0
465.0,325.0
466.0,346.0
467.0,395.0
468.0,431.0
469.0,961.0
470.0,5284.0
471.0,12511.0
472.0,9776.0
473.0,2196.0
474.0,427.0
475.0,348.0
476.0,296.0
477.0,293.0
478.0,282.0
479.0,276.0
480.0,257.0
481.0,295.0
482.0,308.0
483.0,283.0
484.0,276.0
485.0,255.0
486.0,324.0
487.0,393.0
488.0,364.0
489.0,313.0
490.0,303.0
491.0,263.0
492.0,238.0
493.0,240.0
494.0,315.0
495.0,474.0
496.0,498.0
497.0,374.0
498.0,314.0
499.0,309.0
500.0,269.0
501.0,286.0
502.0,299.0
503.0,294.0
504.0,282.0
505.0,280.0
506.0,289.0
507.0,315.0
508.0,334.0
509.0,324.0
510.0,314.0
511.0,261.0
512.0,293.0
513.0,302.0
514.0,304.0
515.0,301.0
516.0,285.0
517.0,270.0
518.0,303.0
519.0,379.0
520.0,363.0
521.0,316.0
522.0,383.0
523.0,852.0
524.0,1466.0
525.0,1504.0
526.0,1123.0
527.0,1048.0
528.0,788.0
529.0,746.0
530.0,1089.0
531.0,800.0
532.0,459.0
533.0,644.0
534.0,971.0
535.0,1254.0
536.0,1463.0
537.0,1578.0
538.0,1714.0
539.0,1528.0
540.0,1428.0
541.0,1139.0
542.0,569.0
543.0,516.0
544.0,1203.0
545.0,1695.0
546.0,1259.0
547.0,687.0
548.0,598.0
549.0,975.0
550.0,1419.0
551.0,1332.0
552.0,1213.0
553.0,1193.0
554.0,806.0
555.0,736.0
556.0,1292.0
557.0,1406.0
558.0,921.0
559.0,564.0
560.0,951.0
561.0,1484.0
562.0,1157.0
563.0,952.0
564.0,1064.0
565.0,952.0
566.0,964.0
567.0,798.0
568.0,503.0
569.0,760.0
570.0,1376.0
571.0,1594.0
572.0,1346.0
573.0,1044.0
574.0,800.0
575.0,543.0
576.0,347.0
577.0,313.0
578.0,370.0
579.0,963.0
580.0,2109.0
581.0,1892.0
582.0,967.0
583.0,726.0
584.0,635.0
585.0,533.0
586.0,431.0
587.0,551.0
588.0,759.0
589.0,683.0
590.0,993.0
591.0,1677.0
592.0,1444.0
593.0,673.0
594.0,285.0
595.0,320.0
596.0,530.0
597.0,730.0
598.0,732.0
599.0,612.0
600.0,556.0
601.0,826.0
602.0,1313.0
603.0,1262.0
604.0,1001.0
605.0,726.0
606.0,394.0
607.0,325.0
608.0,495.0
609.0,638.0
610.0,436.0
611.0,279.0
612.0,275.0
613.0,556.0
614.0,1129.0
615.0,1209.0
616.0,883.0
617.0,917.0
618.0,784.0
619.0,615.0
620.0,501.0
621.0,349.0
622.0,380.0
623.0,523.0
624.0,389.0
625.0,305.0
626.0,519.0
627.0,1030.0
628.0,991.0
629.0,604.0
630.0,670.0
631.0,895.0
632.0,809.0
633.0,498.0
634.0,304.0
635.0,259.0
636.0,242.0
637.0,215.0
638.0,230.0
639.0,260.0
640.0,424.0
641.0,756.0
642.0,942.0
643.0,752.0
644.0,730.0
645.0,693.0
646.0,682.0
647.0,781.0
648.0,533.0
649.0,280.0
650.0,239.0
651.0,245.0
652.0,213.0
653.0,268.0
654.0,273.0
655.0,290.0
656.0,496.0
657.0,830.0
658.0,869.0
659.0,579.0
660.0,328.0
661.0,377.0
662.0,529.0
663.0,722.0
664.0,572.0
665.0,286.0
666.0,215.0
667.0,187.0
668.0,218.0
669.0,197.0
670.0,170.0
671.0,204.0
672.0,453.0
673.0,839.0
674.0,671.0
675.0,272.0
676.0,210.0
677.0,334.0
678.0,327.0
679.0,322.0
680.0,497.0
681.0,530.0
682.0,298.0
683.0,198.0
684.0,187.0
685.0,187.0
686.0,210.0
687.0,354.0
688.0,1314.0
689.0,2504.0
690.0,1958.0
691.0,751.0
692.0,336.0
693.0,276.0
694.0,350.0
695.0,282.0
696.0,191.0
697.0,187.0
698.0,328.0
699.0,426.0
700.0,322.0
701.0,160.0
702.0,169.0
703.0,168.0
704.0,203.0
705.0,197.0
706.0,175.0
707.0,199.0
708.0,405.0
709.0,473.0
710.0,313.0
711.0,254.0
712.0,248.0
713.0,188.0
714.0,157.0
715.0,150.0
716.0,144.0
717.0,219.0
718.0,334.0
719.0,322.0
720.0,228.0
721.0,177.0
722.0,207.0
723.0,218.0
724.0,203.0
725.0,171.0
726.0,179.0
727.0,296.0
728.0,382.0
729.0,269.0
730.0,223.0
731.0,205.0
732.0,174.0
733.0,139.0
734.0,163.0
735.0,163.0
736.0,179.0
737.0,168.0
738.0,230.0
739.0,267.0
740.0,276.0
741.0,388.0
742.0,345.0
743.0,179.0
744.0,124.0
745.0,131.0
746.0,158.0
747.0,241.0
748.0,298.0
749.0,225.0
750.0,139.0
751.0,156.0
752.0,170.0
753.0,144.0
754.0,131.0
755.0,123.0
756.0,147.0
757.0,173.0
758.0,185.0
759.0,201.0
760.0,176.0
761.0,127.0
762.0,103.0
763.0,89.0
764.0,117.0
765.0,107.0
766.0,145.0
767.0,117.0
768.0,184.0
769.0,231.0
770.0,185.0
771.0,132.0
772.0,100.0
773.0,104.0
774.0,91.0
775.0,108.0
776.0,124.0
777.0,124.0
778.0,107.0
779.0,109.0
780.0,160.0
781.0,193.0
782.0,164.0
783.0,106.0
784.0,102.0
785.0,95.0
786.0,92.0
787.0,99.0
788.0,95.0
789.0,106.0
790.0,131.0
791.0,173.0
792.0,150.0
793.0,96.0
794.0,90.0
795.0,91.0
796.0,104.0
797.0,83.0
798.0,78.0
799.0,87.0
800.0,85.0
801.0,98.0
802.0,106.0
803.0,118.0
804.0,165.0
805.0,154.0
806.0,121.0
807.0,89.0
808.0,77.0
809.0,86.0
810.0,63.0
811.0,69.0
812.0,76.0
813.0,108.0
814.0,142.0
815.0,125.0
816.0,89.0
817.0,84.0
818.0,91.0
819.0,83.0
820.0,72.0
821.0,73.0
822.0,70.0
823.0,77.0
824.0,72.0
825.0,75.0
826.0,78.0
827.0,99.0
828.0,107.0
829.0,105.0
830.0,75.0
831.0,71.0
832.0,69.0
833.0,73.0
834.0,74.0
835.0,76.0
836.0,56.0
837.0,92.0
838.0,111.0
839.0,89.0
840.0,74.0
841.0,71.0
842.0,65.0
843.0,70.0
844.0,63.0
845.0,58.0
846.0,64.0
847.0,82.0
848.0,66.0
849.0,58.0
850.0,70.0
851.0,66.0
852.0,68.0
853.0,100.0
854.0,104.0
855.0,113.0
856.0,84.0
857.0,68.0
858.0,66.0
859.0,63.0
860.0,61.0
861.0,73.0
862.0,71.0
863.0,76.0
864.0,74.0
865.0,46.0
866.0,54.0
867.0,130.0
868.0,216.0
869.0,189.0
870.0,102.0
871.0,65.0
872.0,70.0
873.0,49.0
874.0,63.0
875.0,77.0
876.0,101.0
877.0,118.0
878.0,64.0
879.0,57.0
880.0,67.0
881.0,57.0
882.0,55.0
883.0,62.0
884.0,51.0
885.0,34.0
886.0,49.0
887.0,43.0
888.0,51.0
889.0,62.0
890.0,60.0
891.0,59.0
892.0,60.0
893.0,49.0
894.0,53.0
895.0,49.0
896.0,67.0
897.0,63.0
898.0,48.0
899.0,63.0
900.0,67.0
901.0,44.0
902.0,41.0
903.0,42.0
904.0,55.0
905.0,55.0
906.0,51.0
907.0,47.0
908.0,53.0
909.0,53.0
910.0,51.0
911.0,47.0
912.0,49.0
913.0,41.0
914.0,45.0
915.0,41.0
916.0,50.0
917.0,57.0
918.0,51.0
919.0,51.0
920.0,45.0
921.0,49.0
922.0,51.0
923.0,36.0
924.0,35.0
925.0,45.0
926.0,38.0
927.0,29.0
928.0,40.0
929.0,44.0
930.0,37.0
931.0,44.0
932.0,55.0
933.0,68.0
934.0,97.0
935.0,82.0
936.0,68.0
937.0,54.0
938.0,37.0
939.0,51.0
940.0,41.0
941.0,36.0
942.0,34.0
943.0,36.0
944.0,42.0
945.0,41.0
946.0,34.0
947.0,37.0
948.0,32.0
949.0,38.0
950.0,40.0
951.0,39.0
952.0,55.0
953.0,27.0
954.0,34.0
955.0,48.0
956.0,31.0
957.0,58.0
958.0,27.0
959.0,39.0
960.0,26.0
961.0,47.0
962.0,40.0
963.0,34.0
964.0,37.0
965.0,37.0
966.0,35.0
967.0,37.0
968.0,50.0
969.0,30.0
970.0,26.0
971.0,35.0
972.0,35.0
973.0,45.0
974.0,28.0
975.0,36.0
976.0,51.0
977.0,32.0
978.0,31.0
979.0,31.0
980.0,35.0
981.0,37.0
982.0,33.0
983.0,34.0
984.0,37.0
985.0,38.0
986.0,33.0
987.0,28.0
988.0,28.0
989.0,23.0
990.0,41.0
991.0,29.0
992.0,31.0
993.0,39.0
994.0,48.0
995.0,37.0
996.0,26.0
997.0,32.0
998.0,33.0
999.0,45.0
1000.0,45.0
1001.0,28.0
1002.0,34.0
1003.0,23.0
1004.0,36.0
1005.0,32.0
1006.0,30.0
1007.0,37.0
1008.0,32.0
1009.0,20.0
1010.0,21.0
1011.0,27.0
1012.0,38.0
1013.0,27.0
1014.0,30.0
1015.0,31.0
1016.0,29.0
1017.0,32.0
1018.0,41.0
1019.0,39.0
1020.0,22.0
1021.0,34.0
1022.0,47.0
1023.0,29.0
