0.0,70.0
1.0,156.0
2.0,179.0
3.0,150.0
4.0,122.0
5.0,146.0
6.0,152.0
7.0,136.0
8.0,150.0
9.0,190.0
10.0,226.0
11.0,230.0
12.0,210.0
13.0,214.0
14.0,191.0
15.0,181.0
16.0,178.0
17.0,210.0
18.0,193.0
19.0,187.0
20.0,164.0
21.0,221.0
22.0,252.0
23.0,216.0
24.0,181.0
25.0,153.0
26.0,181.0
27.0,214.0
28.0,215.0
29.0,213.0
30.0,227.0
31.0,200.0
32.0,193.0
33.0,219.0
34.0,251.0
35.0,284.0
36.0,290.0
37.0,340.0
38.0,405.0
39.0,335.0
40.0,237.0
41.0,211.0
42.0,203.0
43.0,193.0
44.0,205.0
45.0,231.0
46.0,251.0
47.0,233.0
48.0,254.0
49.0,323.0
50.0,309.0
51.0,254.0
52.0,250.0
53.0,248.0
54.0,240.0
55.0,248.0
56.0,262.0
57.0,259.0
58.0,328.0
59.0,451.0
60.0,456.0
61.0,413.0
62.0,335.0
63.0,297.0
64.0,272.0
65.0,294.0
66.0,295.0
67.0,295.0
68.0,281.0
69.0,318.0
70.0,300.0
71.0,301.0
72.0,286.0
73.0,309.0
74.0,332.0
75.0,344.0
76.0,349.0
77.0,340.0
78.0,362.0
79.0,403.0
80.0,375.0
81.0,320.0
82.0,307.0
83.0,319.0
84.0,309.0
85.0,326.0
86.0,350.0
87.0,355.0
88.0,399.0
89.0,429.0
90.0,449.0
91.0,383.0
92.0,405.0
93.0,383.0
94.0,394.0
95.0,387.0
96.0,379.0
97.0,333.0
98.0,486.0
99.0,576.0
100.0,546.0
101.0,529.0
102.0,494.0
103.0,461.0
104.0,426.0
105.0,395.0
106.0,370.0
107.0,380.0
108.0,392.0
109.0,489.0
110.0,469.0
111.0,417.0
112.0,372.0
113.0,435.0
114.0,472.0
115.0,496.0
116.0,531.0
117.0,483.0
118.0,426.0
119.0,432.0
120.0,477.0
121.0,476.0
122.0,461.0
123.0,490.0
124.0,570.0
125.0,564.0
126.0,538.0
127.0,502.0
128.0,443.0
129.0,526.0
130.0,652.0
131.0,659.0
132.0,646.0
133.0,691.0
134.0,575.0
135.0,542.0
136.0,572.0
137.0,495.0
138.0,467.0
139.0,588.0
140.0,805.0
141.0,880.0
142.0,665.0
143.0,499.0
144.0,482.0
145.0,507.0
146.0,573.0
147.0,705.0
148.0,748.0
149.0,674.0
150.0,544.0
151.0,513.0
152.0,498.0
153.0,526.0
154.0,516.0
155.0,566.0
156.0,514.0
157.0,479.0
158.0,622.0
159.0,674.0
160.0,677.0
161.0,740.0
162.0,761.0
163.0,643.0
164.0,608.0
165.0,623.0
166.0,501.0
167.0,351.0
168.0,410.0
169.0,516.0
170.0,595.0
171.0,658.0
172.0,848.0
173.0,898.0
174.0,801.0
175.0,802.0
176.0,745.0
177.0,590.0
178.0,598.0
179.0,684.0
180.0,790.0
181.0,899.0
182.0,952.0
183.0,907.0
184.0,761.0
185.0,604.0
186.0,654.0
187.0,725.0
188.0,820.0
189.0,1050.0
190.0,990.0
191.0,717.0
192.0,545.0
193.0,585.0
194.0,702.0
195.0,836.0
196.0,782.0
197.0,663.0
198.0,580.0
199.0,539.0
200.0,595.0
201.0,709.0
202.0,825.0
203.0,735.0
204.0,557.0
205.0,553.0
206.0,663.0
207.0,717.0
208.0,919.0
209.0,1131.0
210.0,1021.0
211.0,997.0
212.0,1054.0
213.0,885.0
214.0,654.0
215.0,584.0
216.0,714.0
217.0,1041.0
218.0,1007.0
219.0,774.0
220.0,733.0
221.0,740.0
222.0,692.0
223.0,728.0
224.0,764.0
225.0,844.0
226.0,952.0
227.0,1067.0
228.0,1127.0
229.0,1067.0
230.0,850.0
231.0,774.0
232.0,831.0
233.0,829.0
234.0,821.0
235.0,848.0
236.0,947.0
237.0,1038.0
238.0,1145.0
239.0,1288.0
240.0,1870.0
241.0,2661.0
242.0,2313.0
243.0,1236.0
244.0,916.0
245.0,932.0
246.0,954.0
247.0,1089.0
248.0,1237.0
249.0,1162.0
250.0,1047.0
251.0,1016.0
252.0,1073.0
253.0,1332.0
254.0,1423.0
255.0,1307.0
256.0,1273.0
257.0,1113.0
258.0,992.0
259.0,989.0
260.0,1020.0
261.0,1053.0
262.0,1115.0
263.0,1308.0
264.0,1170.0
265.0,1024.0
266.0,1071.0
267.0,1082.0
268.0,1144.0
269.0,1833.0
270.0,2163.0
271.0,1661.0
272.0,1374.0
273.0,1340.0
274.0,1202.0
275.0,983.0
276.0,1056.0
277.0,1232.0
278.0,1101.0
279.0,1099.0
280.0,1364.0
281.0,1681.0
282.0,1620.0
283.0,1371.0
284.0,1129.0
285.0,1175.0
286.0,1372.0
287.0,1321.0
288.0,1110.0
289.0,939.0
290.0,779.0
291.0,788.0
292.0,961.0
293.0,1156.0
294.0,1231.0
295.0,1171.0
296.0,1241.0
297.0,1415.0
298.0,1398.0
299.0,1152.0
300.0,925.0
301.0,911.0
302.0,1010.0
303.0,964.0
304.0,926.0
305.0,1022.0
306.0,1020.0
307.0,1014.0
308.0,1149.0
309.0,1307.0
310.0,1535.0
311.0,1412.0
312.0,1300.0
313.0,1503.0
314.0,1810.0
315.0,1648.0
316.0,1188.0
317.0,1287.0
318.0,2241.0
319.0,2995.0
320.0,2313.0
321.0,1622.0
322.0,1630.0
323.0,1606.0
324.0,1536.0
325.0,1557.0
326.0,1181.0
327.0,904.0
328.0,941.0
329.0,1053.0
330.0,1180.0
331.0,1220.0
332.0,1102.0
333.0,1144.0
334.0,1187.0
335.0,1084.0
336.0,1053.0
337.0,1099.0
338.0,1320.0
339.0,1742.0
340.0,1836.0
341.0,1530.0
342.0,1405.0
343.0,1299.0
344.0,1432.0
345.0,1616.0
346.0,1666.0
347.0,1823.0
348.0,1872.0
349.0,1789.0
350.0,1578.0
351.0,1224.0
352.0,1257.0
353.0,1563.0
354.0,1659.0
355.0,1467.0
356.0,1382.0
357.0,1462.0
358.0,1518.0
359.0,1266.0
360.0,999.0
361.0,1093.0
362.0,1463.0
363.0,1816.0
364.0,1969.0
365.0,1997.0
366.0,1914.0
367.0,1780.0
368.0,1733.0
369.0,1926.0
370.0,1740.0
371.0,1479.0
372.0,1571.0
373.0,1569.0
374.0,1513.0
375.0,1534.0
376.0,1472.0
377.0,1593.0
378.0,1895.0
379.0,1952.0
380.0,1707.0
381.0,1449.0
382.0,1621.0
383.0,1965.0
384.0,1982.0
385.0,2010.0
386.0,2366.0
387.0,6133.0
388.0,21877.0
389.0,37759.0
390.0,36347.0
391.0,22250.0
392.0,21654.0
393.0,25862.0
394.0,14027.0
395.0,7133.0
396.0,17818.0
397.0,24328.0
398.0,12527.0
399.0,3510.0
400.0,3535.0
401.0,11377.0
402.0,23571.0
403.0,22173.0
404.0,11591.0
405.0,10640.0
406.0,14261.0
407.0,11748.0
408.0,18629.0
409.0,31796.0
410.0,27926.0
411.0,12797.0
412.0,3637.0
413.0,3383.0
414.0,11131.0
415.0,25983.0
416.0,33493.0
417.0,27759.0
418.0,13511.0
419.0,4306.0
420.0,4867.0
421.0,16538.0
422.0,26471.0
423.0,15689.0
424.0,5724.0
425.0,14708.0
426.0,26790.0
427.0,18845.0
428.0,7642.0
429.0,18094.0
430.0,30052.0
431.0,19165.0
432.0,4977.0
433.0,2340.0
434.0,2588.0
435.0,8453.0
436.0,26666.0
437.0,31719.0
438.0,19209.0
439.0,25816.0
440.0,27564.0
441.0,11675.0
442.0,3447.0
443.0,2671.0
444.0,2631.0
445.0,2832.0
446.0,3525.0
447.0,9654.0
448.0,33970.0
449.0,57207.0
450.0,42302.0
451.0,12657.0
452.0,3898.0
453.0,7001.0
454.0,8496.0
455.0,5206.0
456.0,3659.0
457.0,3869.0
458.0,3267.0
459.0,3262.0
460.0,15649.0
461.0,53187.0
462.0,61304.0
463.0,28001.0
464.0,5248.0
465.0,2545.0
466.0,2461.0
467.0,2535.0
468.0,2203.0
469.0,2054.0
470.0,2239.0
471.0,2485.0
472.0,2928.0
473.0,8547.0
474.0,31077.0
475.0,47680.0
476.0,43658.0
477.0,28042.0
478.0,9366.0
479.0,3227.0
480.0,3025.0
481.0,2766.0
482.0,2608.0
483.0,2650.0
484.0,2595.0
485.0,2523.0
486.0,2564.0
487.0,4366.0
488.0,18476.0
489.0,39205.0
490.0,31545.0
491.0,21598.0
492.0,30935.0
493.0,23308.0
494.0,7108.0
495.0,2400.0
496.0,2439.0
497.0,2912.0
498.0,2880.0
499.0,2548.0
500.0,2441.0
501.0,2325.0
502.0,2499.0
503.0,5732.0
504.0,23842.0
505.0,39084.0
506.0,22849.0
507.0,7161.0
508.0,15869.0
509.0,29489.0
510.0,23696.0
511.0,8592.0
512.0,2885.0
513.0,2347.0
514.0,2879.0
515.0,3236.0
516.0,2660.0
517.0,2403.0
518.0,2511.0
519.0,2601.0
520.0,5243.0
521.0,21888.0
522.0,37597.0
523.0,23199.0
524.0,5816.0
525.0,4784.0
526.0,12461.0
527.0,24983.0
528.0,25801.0
529.0,12794.0
530.0,3801.0
531.0,2709.0
532.0,2676.0
533.0,2506.0
534.0,2534.0
535.0,2349.0
536.0,2102.0
537.0,2137.0
538.0,3460.0
539.0,14108.0
540.0,33462.0
541.0,29386.0
542.0,8690.0
543.0,3101.0
544.0,2876.0
545.0,4874.0
546.0,15017.0
547.0,24630.0
548.0,19886.0
549.0,8502.0
550.0,2963.0
551.0,2453.0
552.0,2463.0
553.0,2399.0
554.0,2170.0
555.0,1853.0
556.0,1841.0
557.0,2057.0
558.0,4933.0
559.0,20764.0
560.0,33316.0
561.0,18389.0
562.0,4559.0
563.0,2564.0
564.0,1878.0
565.0,2017.0
566.0,5923.0
567.0,16959.0
568.0,22259.0
569.0,16125.0
570.0,7544.0
571.0,2866.0
572.0,2707.0
573.0,2468.0
574.0,1852.0
575.0,1443.0
576.0,1326.0
577.0,1628.0
578.0,2691.0
579.0,6800.0
580.0,23069.0
581.0,29523.0
582.0,13457.0
583.0,3434.0
584.0,2628.0
585.0,2406.0
586.0,2048.0
587.0,2131.0
588.0,5396.0
589.0,15201.0
590.0,20238.0
591.0,17776.0
592.0,10637.0
593.0,3731.0
594.0,3419.0
595.0,4711.0
596.0,4937.0
597.0,4320.0
598.0,3779.0
599.0,3209.0
600.0,3118.0
601.0,5798.0
602.0,19952.0
603.0,27752.0
604.0,13810.0
605.0,3396.0
606.0,2588.0
607.0,2891.0
608.0,3226.0
609.0,3308.0
610.0,3707.0
611.0,5510.0
612.0,15174.0
613.0,20534.0
614.0,13878.0
615.0,10854.0
616.0,7514.0
617.0,3608.0
618.0,2557.0
619.0,2347.0
620.0,2353.0
621.0,2064.0
622.0,2011.0
623.0,1892.0
624.0,2865.0
625.0,11896.0
626.0,23686.0
627.0,16653.0
628.0,4171.0
629.0,2108.0
630.0,2116.0
631.0,2156.0
632.0,2116.0
633.0,2079.0
634.0,2096.0
635.0,2760.0
636.0,6495.0
637.0,13685.0
638.0,11723.0
639.0,5137.0
640.0,6822.0
641.0,7028.0
642.0,3692.0
643.0,2146.0
644.0,1737.0
645.0,1598.0
646.0,1649.0
647.0,2006.0
648.0,2472.0
649.0,5236.0
650.0,16510.0
651.0,20743.0
652.0,8986.0
653.0,2255.0
654.0,2043.0
655.0,2246.0
656.0,2327.0
657.0,2242.0
658.0,2169.0
659.0,1992.0
660.0,1988.0
661.0,2930.0
662.0,8000.0
663.0,12709.0
664.0,8345.0
665.0,3322.0
666.0,2275.0
667.0,1575.0
668.0,1585.0
669.0,2957.0
670.0,4852.0
671.0,3776.0
672.0,1886.0
673.0,1709.0
674.0,1900.0
675.0,5744.0
676.0,15852.0
677.0,15358.0
678.0,5206.0
679.0,2193.0
680.0,3053.0
681.0,3119.0
682.0,2334.0
683.0,2061.0
684.0,2559.0
685.0,2866.0
686.0,2505.0
687.0,2379.0
688.0,4133.0
689.0,10453.0
690.0,12690.0
691.0,6324.0
692.0,1828.0
693.0,1318.0
694.0,1316.0
695.0,1410.0
696.0,1557.0
697.0,1532.0
698.0,1443.0
699.0,1502.0
700.0,1970.0
701.0,2601.0
702.0,5885.0
703.0,13471.0
704.0,12558.0
705.0,4056.0
706.0,1623.0
707.0,1642.0
708.0,1797.0
709.0,1906.0
710.0,1741.0
711.0,1684.0
712.0,1567.0
713.0,1447.0
714.0,1383.0
715.0,1327.0
716.0,2696.0
717.0,10450.0
718.0,18500.0
719.0,12904.0
720.0,5037.0
721.0,2514.0
722.0,1875.0
723.0,1694.0
724.0,1661.0
725.0,1789.0
726.0,2116.0
727.0,1970.0
728.0,1866.0
729.0,2013.0
730.0,3846.0
731.0,10156.0
732.0,10935.0
733.0,4544.0
734.0,1507.0
735.0,1206.0
736.0,1360.0
737.0,1460.0
738.0,3656.0
739.0,10104.0
740.0,10891.0
741.0,4212.0
742.0,1765.0
743.0,1611.0
744.0,1466.0
745.0,1539.0
746.0,3393.0
747.0,7524.0
748.0,7468.0
749.0,4514.0
750.0,2733.0
751.0,1960.0
752.0,1884.0
753.0,1873.0
754.0,1615.0
755.0,1486.0
756.0,1365.0
757.0,1392.0
758.0,1436.0
759.0,2171.0
760.0,5891.0
761.0,8872.0
762.0,5103.0
763.0,1576.0
764.0,1133.0
765.0,1229.0
766.0,1404.0
767.0,1376.0
768.0,1237.0
769.0,1422.0
770.0,1522.0
771.0,1464.0
772.0,1239.0
773.0,1199.0
774.0,1101.0
775.0,1143.0
776.0,1882.0
777.0,4756.0
778.0,5843.0
779.0,3484.0
780.0,2606.0
781.0,1969.0
782.0,1483.0
783.0,1465.0
784.0,1440.0
785.0,1189.0
786.0,934.0
787.0,867.0
788.0,1042.0
789.0,1252.0
790.0,2571.0
791.0,6124.0
792.0,6240.0
793.0,2626.0
794.0,1305.0
795.0,1235.0
796.0,1279.0
797.0,1177.0
798.0,972.0
799.0,770.0
800.0,861.0
801.0,1131.0
802.0,1362.0
803.0,1256.0
804.0,1052.0
805.0,900.0
806.0,735.0
807.0,815.0
808.0,2202.0
809.0,4580.0
810.0,3814.0
811.0,1801.0
812.0,1823.0
813.0,1630.0
814.0,1417.0
815.0,1254.0
816.0,1262.0
817.0,1519.0
818.0,1587.0
819.0,1452.0
820.0,1392.0
821.0,1387.0
822.0,2280.0
823.0,4620.0
824.0,4081.0
825.0,1738.0
826.0,1222.0
827.0,1239.0
828.0,1131.0
829.0,1015.0
830.0,1055.0
831.0,1075.0
832.0,934.0
833.0,795.0
834.0,821.0
835.0,981.0
836.0,1138.0
837.0,1784.0
838.0,2219.0
839.0,1447.0
840.0,1196.0
841.0,2392.0
842.0,3733.0
843.0,2750.0
844.0,1455.0
845.0,1124.0
846.0,1223.0
847.0,1008.0
848.0,791.0
849.0,869.0
850.0,796.0
851.0,673.0
852.0,624.0
853.0,730.0
854.0,806.0
855.0,1282.0
856.0,2749.0
857.0,2772.0
858.0,1223.0
859.0,735.0
860.0,757.0
861.0,851.0
862.0,838.0
863.0,858.0
864.0,870.0
865.0,708.0
866.0,516.0
867.0,497.0
868.0,716.0
869.0,895.0
870.0,947.0
871.0,843.0
872.0,689.0
873.0,573.0
874.0,673.0
875.0,1622.0
876.0,2327.0
877.0,1537.0
878.0,764.0
879.0,618.0
880.0,588.0
881.0,539.0
882.0,513.0
883.0,600.0
884.0,787.0
885.0,788.0
886.0,707.0
887.0,657.0
888.0,619.0
889.0,608.0
890.0,837.0
891.0,1789.0
892.0,1788.0
893.0,855.0
894.0,563.0
895.0,558.0
896.0,567.0
897.0,644.0
898.0,754.0
899.0,700.0
900.0,491.0
901.0,539.0
902.0,651.0
903.0,768.0
904.0,719.0
905.0,517.0
906.0,461.0
907.0,494.0
908.0,506.0
909.0,481.0
910.0,874.0
911.0,1535.0
912.0,1059.0
913.0,495.0
914.0,535.0
915.0,524.0
916.0,409.0
917.0,338.0
918.0,335.0
919.0,365.0
920.0,392.0
921.0,467.0
922.0,489.0
923.0,382.0
924.0,330.0
925.0,359.0
926.0,479.0
927.0,522.0
928.0,415.0
929.0,474.0
930.0,881.0
931.0,866.0
932.0,509.0
933.0,356.0
934.0,380.0
935.0,333.0
936.0,314.0
937.0,289.0
938.0,337.0
939.0,414.0
940.0,362.0
941.0,251.0
942.0,216.0
943.0,242.0
944.0,323.0
945.0,387.0
946.0,426.0
947.0,719.0
948.0,842.0
949.0,583.0
950.0,367.0
951.0,291.0
952.0,333.0
953.0,588.0
954.0,747.0
955.0,535.0
956.0,360.0
957.0,333.0
958.0,305.0
959.0,251.0
960.0,213.0
961.0,210.0
962.0,225.0
963.0,264.0
964.0,273.0
965.0,222.0
966.0,276.0
967.0,311.0
968.0,249.0
969.0,267.0
970.0,357.0
971.0,386.0
972.0,304.0
973.0,222.0
974.0,238.0
975.0,234.0
976.0,227.0
977.0,233.0
978.0,223.0
979.0,201.0
980.0,180.0
981.0,137.0
982.0,164.0
983.0,192.0
984.0,242.0
985.0,279.0
986.0,294.0
987.0,397.0
988.0,467.0
989.0,380.0
990.0,225.0
991.0,212.0
992.0,228.0
993.0,292.0
994.0,357.0
995.0,245.0
996.0,190.0
997.0,176.0
998.0,170.0
999.0,150.0
1000.0,157.0
1001.0,156.0
1002.0,135.0
1003.0,129.0
1004.0,132.0
1005.0,155.0
1006.0,187.0
1007.0,189.0
1008.0,182.0
1009.0,190.0
1010.0,206.0
1011.0,198.0
1012.0,162.0
1013.0,120.0
1014.0,152.0
1015.0,159.0
1016.0,156.0
1017.0,155.0
1018.0,221.0
1019.0,261.0
1020.0,210.0
1021.0,164.0
1022.0,118.0
1023.0,115.0
