0.0,68.0
1.0,111.0
2.0,87.0
3.0,75.0
4.0,69.0
5.0,69.0
6.0,75.0
7.0,98.0
8.0,91.0
9.0,112.0
10.0,108.0
11.0,91.0
12.0,120.0
13.0,119.0
14.0,120.0
15.0,98.0
16.0,110.0
17.0,102.0
18.0,145.0
19.0,166.0
20.0,168.0
21.0,139.0
22.0,118.0
23.0,108.0
24.0,108.0
25.0,111.0
26.0,121.0
27.0,124.0
28.0,123.0
29.0,129.0
30.0,140.0
31.0,130.0
32.0,112.0
33.0,126.0
34.0,145.0
35.0,154.0
36.0,135.0
37.0,121.0
38.0,135.0
39.0,123.0
40.0,131.0
41.0,148.0
42.0,161.0
43.0,163.0
44.0,144.0
45.0,144.0
46.0,130.0
47.0,146.0
48.0,160.0
49.0,186.0
50.0,199.0
51.0,173.0
52.0,161.0
53.0,190.0
54.0,215.0
55.0,325.0
56.0,342.0
57.0,299.0
58.0,276.0
59.0,254.0
60.0,229.0
61.0,258.0
62.0,296.0
63.0,347.0
64.0,310.0
65.0,258.0
66.0,255.0
67.0,268.0
68.0,241.0
69.0,247.0
70.0,234.0
71.0,240.0
72.0,267.0
73.0,262.0
74.0,261.0
75.0,297.0
76.0,338.0
77.0,292.0
78.0,274.0
79.0,272.0
80.0,291.0
81.0,284.0
82.0,273.0
83.0,262.0
84.0,262.0
85.0,273.0
86.0,330.0
87.0,370.0
88.0,350.0
89.0,307.0
90.0,294.0
91.0,274.0
92.0,252.0
93.0,208.0
94.0,224.0
95.0,304.0
96.0,357.0
97.0,400.0
98.0,355.0
99.0,358.0
100.0,375.0
101.0,321.0
102.0,298.0
103.0,281.0
104.0,291.0
105.0,407.0
106.0,448.0
107.0,403.0
108.0,330.0
109.0,339.0
110.0,349.0
111.0,367.0
112.0,420.0
113.0,419.0
114.0,397.0
115.0,447.0
116.0,454.0
117.0,433.0
118.0,487.0
119.0,475.0
120.0,399.0
121.0,401.0
122.0,377.0
123.0,407.0
124.0,454.0
125.0,460.0
126.0,452.0
127.0,450.0
128.0,479.0
129.0,507.0
130.0,499.0
131.0,492.0
132.0,432.0
133.0,427.0
134.0,417.0
135.0,447.0
136.0,468.0
137.0,438.0
138.0,448.0
139.0,413.0
140.0,404.0
141.0,436.0
142.0,442.0
143.0,511.0
144.0,566.0
145.0,659.0
146.0,789.0
147.0,847.0
148.0,884.0
149.0,863.0
150.0,871.0
151.0,877.0
152.0,768.0
153.0,672.0
154.0,681.0
155.0,773.0
156.0,751.0
157.0,675.0
158.0,601.0
159.0,586.0
160.0,651.0
161.0,793.0
162.0,803.0
163.0,771.0
164.0,721.0
165.0,721.0
166.0,711.0
167.0,690.0
168.0,589.0
169.0,570.0
170.0,612.0
171.0,617.0
172.0,615.0
173.0,688.0
174.0,698.0
175.0,719.0
176.0,698.0
177.0,735.0
178.0,711.0
179.0,771.0
180.0,985.0
181.0,1116.0
182.0,1140.0
183.0,1001.0
184.0,908.0
185.0,886.0
186.0,938.0
187.0,880.0
188.0,830.0
189.0,851.0
190.0,870.0
191.0,1033.0
192.0,1275.0
193.0,1467.0
194.0,1388.0
195.0,1233.0
196.0,1064.0
197.0,1007.0
198.0,1157.0
199.0,1186.0
200.0,1108.0
201.0,1006.0
202.0,963.0
203.0,898.0
204.0,928.0
205.0,1059.0
206.0,1107.0
207.0,1153.0
208.0,1142.0
209.0,1129.0
210.0,1048.0
211.0,1106.0
212.0,1097.0
213.0,980.0
214.0,899.0
215.0,972.0
216.0,926.0
217.0,808.0
218.0,752.0
219.0,780.0
220.0,877.0
221.0,964.0
222.0,985.0
223.0,1119.0
224.0,1071.0
225.0,915.0
226.0,831.0
227.0,872.0
228.0,965.0
229.0,966.0
230.0,969.0
231.0,959.0
232.0,905.0
233.0,841.0
234.0,948.0
235.0,976.0
236.0,901.0
237.0,908.0
238.0,990.0
239.0,1121.0
240.0,1086.0
241.0,941.0
242.0,937.0
243.0,844.0
244.0,873.0
245.0,910.0
246.0,956.0
247.0,977.0
248.0,1001.0
249.0,1076.0
250.0,1194.0
251.0,1207.0
252.0,1186.0
253.0,1089.0
254.0,889.0
255.0,883.0
256.0,990.0
257.0,997.0
258.0,933.0
259.0,979.0
260.0,1079.0
261.0,1134.0
262.0,1139.0
263.0,1099.0
264.0,1023.0
265.0,1015.0
266.0,1002.0
267.0,1035.0
268.0,951.0
269.0,909.0
270.0,1056.0
271.0,1191.0
272.0,1259.0
273.0,1262.0
274.0,1280.0
275.0,1196.0
276.0,1027.0
277.0,913.0
278.0,916.0
279.0,973.0
280.0,1031.0
281.0,1087.0
282.0,1243.0
283.0,1393.0
284.0,1309.0
285.0,1131.0
286.0,1171.0
287.0,1139.0
288.0,951.0
289.0,970.0
290.0,1065.0
291.0,1081.0
292.0,1186.0
293.0,1441.0
294.0,1606.0
295.0,1440.0
296.0,1234.0
297.0,1074.0
298.0,1032.0
299.0,1142.0
300.0,1269.0
301.0,1253.0
302.0,1223.0
303.0,1266.0
304.0,1353.0
305.0,1411.0
306.0,1412.0
307.0,1465.0
308.0,1421.0
309.0,1431.0
310.0,1703.0
311.0,2702.0
312.0,3609.0
313.0,3187.0
314.0,2745.0
315.0,2389.0
316.0,1959.0
317.0,2478.0
318.0,2676.0
319.0,1946.0
320.0,1366.0
321.0,1494.0
322.0,2482.0
323.0,3005.0
324.0,2337.0
325.0,1870.0
326.0,1993.0
327.0,2038.0
328.0,2777.0
329.0,3497.0
330.0,3095.0
331.0,1973.0
332.0,1382.0
333.0,1393.0
334.0,2040.0
335.0,3865.0
336.0,7684.0
337.0,26055.0
338.0,60672.0
339.0,58187.0
340.0,21951.0
341.0,4127.0
342.0,3217.0
343.0,2970.0
344.0,2931.0
345.0,3061.0
346.0,2287.0
347.0,1552.0
348.0,1428.0
349.0,1899.0
350.0,2820.0
351.0,2750.0
352.0,1990.0
353.0,2169.0
354.0,2870.0
355.0,3044.0
356.0,2065.0
357.0,1453.0
358.0,1786.0
359.0,2896.0
360.0,3030.0
361.0,1916.0
362.0,1332.0
363.0,1428.0
364.0,1832.0
365.0,2853.0
366.0,3479.0
367.0,2716.0
368.0,1610.0
369.0,2005.0
370.0,3290.0
371.0,3077.0
372.0,1786.0
373.0,1242.0
374.0,1259.0
375.0,1259.0
376.0,1353.0
377.0,1796.0
378.0,2947.0
379.0,3301.0
380.0,2484.0
381.0,2454.0
382.0,3532.0
383.0,3120.0
384.0,1674.0
385.0,1059.0
386.0,964.0
387.0,1217.0
388.0,1724.0
389.0,1805.0
390.0,1657.0
391.0,2047.0
392.0,2961.0
393.0,3048.0
394.0,2453.0
395.0,3085.0
396.0,3377.0
397.0,2163.0
398.0,1677.0
399.0,2184.0
400.0,2961.0
401.0,2717.0
402.0,1776.0
403.0,1403.0
404.0,1427.0
405.0,1500.0
406.0,1887.0
407.0,2883.0
408.0,3469.0
409.0,3644.0
410.0,4139.0
411.0,3361.0
412.0,1882.0
413.0,1423.0
414.0,1283.0
415.0,1232.0
416.0,1333.0
417.0,1372.0
418.0,1307.0
419.0,1286.0
420.0,1299.0
421.0,1253.0
422.0,1458.0
423.0,2478.0
424.0,3633.0
425.0,4371.0
426.0,4263.0
427.0,2811.0
428.0,1510.0
429.0,1193.0
430.0,1071.0
431.0,976.0
432.0,1030.0
433.0,1172.0
434.0,1211.0
435.0,991.0
436.0,907.0
437.0,1118.0
438.0,1348.0
439.0,1444.0
440.0,1857.0
441.0,2932.0
442.0,4795.0
443.0,5192.0
444.0,3189.0
445.0,1530.0
446.0,1197.0
447.0,1277.0
448.0,1455.0
449.0,1522.0
450.0,1552.0
451.0,1764.0
452.0,2030.0
453.0,1667.0
454.0,1274.0
455.0,1404.0
456.0,1568.0
457.0,1601.0
458.0,1501.0
459.0,1703.0
460.0,3187.0
461.0,5387.0
462.0,4747.0
463.0,2281.0
464.0,1186.0
465.0,1015.0
466.0,1041.0
467.0,1057.0
468.0,1117.0
469.0,1210.0
470.0,1256.0
471.0,1135.0
472.0,1161.0
473.0,1135.0
474.0,1125.0
475.0,1139.0
476.0,1185.0
477.0,1314.0
478.0,1488.0
479.0,1892.0
480.0,3523.0
481.0,5681.0
482.0,5206.0
483.0,5694.0
484.0,7822.0
485.0,5607.0
486.0,2116.0
487.0,1327.0
488.0,1237.0
489.0,1196.0
490.0,1170.0
491.0,1185.0
492.0,1120.0
493.0,957.0
494.0,1009.0
495.0,1256.0
496.0,1486.0
497.0,1701.0
498.0,1524.0
499.0,1268.0
500.0,1396.0
501.0,2883.0
502.0,4717.0
503.0,4065.0
504.0,2246.0
505.0,1309.0
506.0,1038.0
507.0,1123.0
508.0,1275.0
509.0,1355.0
510.0,1288.0
511.0,1014.0
512.0,996.0
513.0,1184.0
514.0,1275.0
515.0,1165.0
516.0,1098.0
517.0,1172.0
518.0,1208.0
519.0,1221.0
520.0,1191.0
521.0,1168.0
522.0,1275.0
523.0,2198.0
524.0,3745.0
525.0,3890.0
526.0,2968.0
527.0,2128.0
528.0,1449.0
529.0,1271.0
530.0,1149.0
531.0,1108.0
532.0,984.0
533.0,920.0
534.0,932.0
535.0,1038.0
536.0,1238.0
537.0,1277.0
538.0,1325.0
539.0,1210.0
540.0,1138.0
541.0,1186.0
542.0,1140.0
543.0,1050.0
544.0,1250.0
545.0,1768.0
546.0,2490.0
547.0,3383.0
548.0,3562.0
549.0,3019.0
550.0,2507.0
551.0,1845.0
552.0,1227.0
553.0,972.0
554.0,1033.0
555.0,1099.0
556.0,1014.0
557.0,1066.0
558.0,1366.0
559.0,1522.0
560.0,1417.0
561.0,1084.0
562.0,829.0
563.0,844.0
564.0,872.0
565.0,1017.0
566.0,1095.0
567.0,1168.0
568.0,1039.0
569.0,1028.0
570.0,1128.0
571.0,1790.0
572.0,2695.0
573.0,2669.0
574.0,2567.0
575.0,2359.0
576.0,1757.0
577.0,1333.0
578.0,1179.0
579.0,1104.0
580.0,1114.0
581.0,1061.0
582.0,980.0
583.0,906.0
584.0,940.0
585.0,1051.0
586.0,1289.0
587.0,1365.0
588.0,1286.0
589.0,1356.0
590.0,1476.0
591.0,1405.0
592.0,1288.0
593.0,1268.0
594.0,1104.0
595.0,993.0
596.0,1178.0
597.0,2098.0
598.0,2645.0
599.0,2070.0
600.0,1909.0
601.0,2073.0
602.0,1935.0
603.0,1688.0
604.0,1274.0
605.0,958.0
606.0,857.0
607.0,904.0
608.0,1157.0
609.0,1528.0
610.0,1760.0
611.0,1569.0
612.0,1297.0
613.0,1055.0
614.0,1016.0
615.0,1056.0
616.0,1044.0
617.0,1029.0
618.0,1023.0
619.0,1057.0
620.0,1129.0
621.0,1058.0
622.0,1023.0
623.0,1232.0
624.0,1789.0
625.0,2032.0
626.0,1528.0
627.0,1628.0
628.0,2017.0
629.0,1618.0
630.0,1401.0
631.0,1283.0
632.0,1068.0
633.0,1044.0
634.0,1007.0
635.0,872.0
636.0,835.0
637.0,1074.0
638.0,1403.0
639.0,1314.0
640.0,1044.0
641.0,1071.0
642.0,1157.0
643.0,1225.0
644.0,1284.0
645.0,1338.0
646.0,1210.0
647.0,1183.0
648.0,1312.0
649.0,1492.0
650.0,1357.0
651.0,1162.0
652.0,1536.0
653.0,2051.0
654.0,1495.0
655.0,1129.0
656.0,1523.0
657.0,1693.0
658.0,1417.0
659.0,1396.0
660.0,1320.0
661.0,1135.0
662.0,955.0
663.0,1070.0
664.0,1300.0
665.0,1704.0
666.0,1770.0
667.0,1520.0
668.0,1343.0
669.0,1263.0
670.0,1243.0
671.0,1401.0
672.0,1587.0
673.0,1639.0
674.0,3073.0
675.0,20104.0
676.0,61973.0
677.0,64280.0
678.0,34839.0
679.0,3362.0
680.0,1648.0
681.0,1648.0
682.0,1576.0
683.0,1362.0
684.0,1172.0
685.0,1066.0
686.0,1304.0
687.0,1439.0
688.0,1259.0
689.0,1233.0
690.0,1085.0
691.0,966.0
692.0,1091.0
693.0,1073.0
694.0,1012.0
695.0,922.0
696.0,909.0
697.0,1027.0
698.0,1110.0
699.0,1048.0
700.0,906.0
701.0,1023.0
702.0,1065.0
703.0,1001.0
704.0,959.0
705.0,965.0
706.0,980.0
707.0,1015.0
708.0,874.0
709.0,901.0
710.0,1054.0
711.0,1007.0
712.0,1122.0
713.0,1310.0
714.0,1132.0
715.0,956.0
716.0,1099.0
717.0,1265.0
718.0,1248.0
719.0,916.0
720.0,929.0
721.0,916.0
722.0,816.0
723.0,829.0
724.0,852.0
725.0,852.0
726.0,894.0
727.0,928.0
728.0,829.0
729.0,739.0
730.0,662.0
731.0,689.0
732.0,767.0
733.0,817.0
734.0,738.0
735.0,714.0
736.0,726.0
737.0,758.0
738.0,830.0
739.0,897.0
740.0,937.0
741.0,1056.0
742.0,1085.0
743.0,996.0
744.0,1121.0
745.0,1002.0
746.0,750.0
747.0,623.0
748.0,712.0
749.0,1365.0
750.0,4171.0
751.0,6937.0
752.0,4673.0
753.0,1374.0
754.0,706.0
755.0,633.0
756.0,753.0
757.0,793.0
758.0,710.0
759.0,666.0
760.0,610.0
761.0,626.0
762.0,774.0
763.0,908.0
764.0,957.0
765.0,748.0
766.0,540.0
767.0,549.0
768.0,834.0
769.0,1186.0
770.0,1217.0
771.0,1008.0
772.0,849.0
773.0,780.0
774.0,691.0
775.0,685.0
776.0,692.0
777.0,834.0
778.0,807.0
779.0,600.0
780.0,519.0
781.0,480.0
782.0,541.0
783.0,697.0
784.0,839.0
785.0,826.0
786.0,641.0
787.0,567.0
788.0,531.0
789.0,445.0
790.0,423.0
791.0,554.0
792.0,722.0
793.0,744.0
794.0,604.0
795.0,597.0
796.0,596.0
797.0,609.0
798.0,596.0
799.0,618.0
800.0,573.0
801.0,471.0
802.0,514.0
803.0,738.0
804.0,1099.0
805.0,1146.0
806.0,871.0
807.0,615.0
808.0,598.0
809.0,750.0
810.0,2915.0
811.0,13365.0
812.0,20928.0
813.0,10831.0
814.0,1659.0
815.0,531.0
816.0,528.0
817.0,608.0
818.0,576.0
819.0,485.0
820.0,513.0
821.0,615.0
822.0,622.0
823.0,619.0
824.0,608.0
825.0,627.0
826.0,651.0
827.0,578.0
828.0,451.0
829.0,432.0
830.0,557.0
831.0,585.0
832.0,477.0
833.0,379.0
834.0,348.0
835.0,386.0
836.0,446.0
837.0,437.0
838.0,377.0
839.0,327.0
840.0,403.0
841.0,502.0
842.0,442.0
843.0,360.0
844.0,287.0
845.0,345.0
846.0,511.0
847.0,552.0
848.0,504.0
849.0,380.0
850.0,316.0
851.0,351.0
852.0,394.0
853.0,421.0
854.0,364.0
855.0,375.0
856.0,421.0
857.0,452.0
858.0,349.0
859.0,280.0
860.0,264.0
861.0,304.0
862.0,342.0
863.0,354.0
864.0,315.0
865.0,326.0
866.0,334.0
867.0,317.0
868.0,278.0
869.0,313.0
870.0,304.0
871.0,326.0
872.0,360.0
873.0,335.0
874.0,353.0
875.0,347.0
876.0,333.0
877.0,391.0
878.0,354.0
879.0,277.0
880.0,279.0
881.0,366.0
882.0,1075.0
883.0,4847.0
884.0,7936.0
885.0,4485.0
886.0,882.0
887.0,377.0
888.0,284.0
889.0,296.0
890.0,317.0
891.0,310.0
892.0,260.0
893.0,218.0
894.0,212.0
895.0,217.0
896.0,216.0
897.0,254.0
898.0,306.0
899.0,287.0
900.0,317.0
901.0,267.0
902.0,243.0
903.0,216.0
904.0,228.0
905.0,172.0
906.0,176.0
907.0,205.0
908.0,249.0
909.0,248.0
910.0,210.0
911.0,167.0
912.0,175.0
913.0,199.0
914.0,200.0
915.0,188.0
916.0,190.0
917.0,169.0
918.0,202.0
919.0,228.0
920.0,235.0
921.0,208.0
922.0,237.0
923.0,240.0
924.0,190.0
925.0,175.0
926.0,166.0
927.0,201.0
928.0,215.0
929.0,183.0
930.0,191.0
931.0,166.0
932.0,173.0
933.0,148.0
934.0,179.0
935.0,183.0
936.0,154.0
937.0,144.0
938.0,149.0
939.0,154.0
940.0,138.0
941.0,155.0
942.0,173.0
943.0,168.0
944.0,165.0
945.0,145.0
946.0,138.0
947.0,148.0
948.0,139.0
949.0,123.0
950.0,120.0
951.0,136.0
952.0,120.0
953.0,159.0
954.0,126.0
955.0,128.0
956.0,107.0
957.0,108.0
958.0,115.0
959.0,108.0
960.0,125.0
961.0,100.0
962.0,113.0
963.0,121.0
964.0,122.0
965.0,116.0
966.0,117.0
967.0,115.0
968.0,93.0
969.0,83.0
970.0,90.0
971.0,82.0
972.0,98.0
973.0,100.0
974.0,130.0
975.0,103.0
976.0,83.0
977.0,90.0
978.0,83.0
979.0,99.0
980.0,83.0
981.0,81.0
982.0,101.0
983.0,94.0
984.0,92.0
985.0,98.0
986.0,101.0
987.0,97.0
988.0,72.0
989.0,91.0
990.0,93.0
991.0,92.0
992.0,83.0
993.0,93.0
994.0,68.0
995.0,75.0
996.0,76.0
997.0,73.0
998.0,68.0
999.0,74.0
1000.0,67.0
1001.0,77.0
1002.0,71.0
1003.0,71.0
1004.0,80.0
1005.0,65.0
1006.0,62.0
1007.0,73.0
1008.0,59.0
1009.0,76.0
1010.0,61.0
1011.0,54.0
1012.0,66.0
1013.0,57.0
1014.0,72.0
1015.0,71.0
1016.0,67.0
1017.0,76.0
1018.0,69.0
1019.0,66.0
1020.0,58.0
1021.0,60.0
1022.0,53.0
1023.0,53.0
