0.0,36.0
1.0,89.0
2.0,146.0
3.0,195.0
4.0,132.0
5.0,106.0
6.0,103.0
7.0,113.0
8.0,107.0
9.0,118.0
10.0,107.0
11.0,114.0
12.0,114.0
13.0,120.0
14.0,130.0
15.0,120.0
16.0,140.0
17.0,291.0
18.0,445.0
19.0,391.0
20.0,179.0
21.0,128.0
22.0,144.0
23.0,210.0
24.0,520.0
25.0,660.0
26.0,359.0
27.0,151.0
28.0,115.0
29.0,118.0
30.0,157.0
31.0,232.0
32.0,245.0
33.0,164.0
34.0,131.0
35.0,125.0
36.0,110.0
37.0,100.0
38.0,116.0
39.0,128.0
40.0,135.0
41.0,178.0
42.0,184.0
43.0,155.0
44.0,129.0
45.0,154.0
46.0,310.0
47.0,589.0
48.0,562.0
49.0,276.0
50.0,183.0
51.0,328.0
52.0,735.0
53.0,771.0
54.0,387.0
55.0,195.0
56.0,200.0
57.0,220.0
58.0,219.0
59.0,206.0
60.0,219.0
61.0,274.0
62.0,311.0
63.0,238.0
64.0,225.0
65.0,209.0
66.0,198.0
67.0,171.0
68.0,229.0
69.0,245.0
70.0,214.0
71.0,179.0
72.0,178.0
73.0,209.0
74.0,207.0
75.0,183.0
76.0,302.0
77.0,706.0
78.0,903.0
79.0,611.0
80.0,344.0
81.0,327.0
82.0,567.0
83.0,971.0
84.0,827.0
85.0,408.0
86.0,262.0
87.0,235.0
88.0,252.0
89.0,228.0
90.0,266.0
91.0,314.0
92.0,460.0
93.0,492.0
94.0,384.0
95.0,272.0
96.0,257.0
97.0,270.0
98.0,279.0
99.0,302.0
100.0,292.0
101.0,272.0
102.0,266.0
103.0,330.0
104.0,349.0
105.0,334.0
106.0,327.0
107.0,438.0
108.0,751.0
109.0,1167.0
110.0,888.0
111.0,513.0
112.0,749.0
113.0,1184.0
114.0,986.0
115.0,550.0
116.0,485.0
117.0,430.0
118.0,339.0
119.0,303.0
120.0,376.0
121.0,407.0
122.0,491.0
123.0,641.0
124.0,681.0
125.0,567.0
126.0,401.0
127.0,376.0
128.0,427.0
129.0,462.0
130.0,474.0
131.0,487.0
132.0,464.0
133.0,444.0
134.0,448.0
135.0,508.0
136.0,489.0
137.0,455.0
138.0,414.0
139.0,450.0
140.0,723.0
141.0,1374.0
142.0,1433.0
143.0,895.0
144.0,893.0
145.0,1442.0
146.0,1581.0
147.0,1049.0
148.0,559.0
149.0,492.0
150.0,467.0
151.0,483.0
152.0,476.0
153.0,493.0
154.0,574.0
155.0,652.0
156.0,630.0
157.0,659.0
158.0,733.0
159.0,685.0
160.0,648.0
161.0,665.0
162.0,694.0
163.0,744.0
164.0,736.0
165.0,759.0
166.0,790.0
167.0,893.0
168.0,1177.0
169.0,2922.0
170.0,14245.0
171.0,43700.0
172.0,53588.0
173.0,25962.0
174.0,4505.0
175.0,2230.0
176.0,1520.0
177.0,1020.0
178.0,1405.0
179.0,1875.0
180.0,1493.0
181.0,805.0
182.0,649.0
183.0,642.0
184.0,646.0
185.0,641.0
186.0,736.0
187.0,786.0
188.0,806.0
189.0,841.0
190.0,916.0
191.0,909.0
192.0,865.0
193.0,741.0
194.0,673.0
195.0,674.0
196.0,621.0
197.0,556.0
198.0,531.0
199.0,569.0
200.0,630.0
201.0,646.0
202.0,581.0
203.0,636.0
204.0,615.0
205.0,622.0
206.0,707.0
207.0,859.0
208.0,1412.0
209.0,2293.0
210.0,2175.0
211.0,1290.0
212.0,906.0
213.0,813.0
214.0,1020.0
215.0,1487.0
216.0,1445.0
217.0,966.0
218.0,797.0
219.0,730.0
220.0,719.0
221.0,767.0
222.0,726.0
223.0,696.0
224.0,763.0
225.0,889.0
226.0,1064.0
227.0,1085.0
228.0,931.0
229.0,837.0
230.0,792.0
231.0,837.0
232.0,832.0
233.0,704.0
234.0,648.0
235.0,715.0
236.0,834.0
237.0,895.0
238.0,829.0
239.0,704.0
240.0,679.0
241.0,733.0
242.0,793.0
243.0,805.0
244.0,1059.0
245.0,1736.0
246.0,2101.0
247.0,2104.0
248.0,2096.0
249.0,1637.0
250.0,1029.0
251.0,893.0
252.0,923.0
253.0,1076.0
254.0,1102.0
255.0,1133.0
256.0,1186.0
257.0,1106.0
258.0,1041.0
259.0,956.0
260.0,827.0
261.0,884.0
262.0,1053.0
263.0,1123.0
264.0,1190.0
265.0,1184.0
266.0,1057.0
267.0,948.0
268.0,1085.0
269.0,1166.0
270.0,1043.0
271.0,843.0
272.0,791.0
273.0,853.0
274.0,1036.0
275.0,1527.0
276.0,1890.0
277.0,1496.0
278.0,1000.0
279.0,936.0
280.0,1036.0
281.0,1052.0
282.0,1110.0
283.0,1756.0
284.0,2692.0
285.0,2476.0
286.0,1513.0
287.0,1136.0
288.0,1094.0
289.0,1164.0
290.0,1469.0
291.0,1621.0
292.0,1325.0
293.0,1059.0
294.0,982.0
295.0,972.0
296.0,1032.0
297.0,1031.0
298.0,1068.0
299.0,1175.0
300.0,1246.0
301.0,1218.0
302.0,1097.0
303.0,1153.0
304.0,1167.0
305.0,1090.0
306.0,1036.0
307.0,993.0
308.0,1038.0
309.0,1090.0
310.0,1092.0
311.0,1068.0
312.0,1099.0
313.0,1196.0
314.0,1375.0
315.0,1527.0
316.0,1991.0
317.0,2509.0
318.0,2321.0
319.0,1490.0
320.0,1449.0
321.0,2061.0
322.0,2148.0
323.0,1685.0
324.0,1536.0
325.0,1557.0
326.0,1442.0
327.0,1337.0
328.0,1161.0
329.0,1108.0
330.0,1268.0
331.0,1309.0
332.0,1237.0
333.0,1163.0
334.0,1258.0
335.0,1267.0
336.0,1246.0
337.0,1477.0
338.0,1806.0
339.0,1686.0
340.0,1393.0
341.0,1159.0
342.0,1044.0
343.0,1075.0
344.0,1208.0
345.0,1340.0
346.0,1466.0
347.0,1673.0
348.0,1660.0
349.0,1467.0
350.0,1247.0
351.0,1261.0
352.0,1365.0
353.0,1656.0
354.0,1747.0
355.0,2016.0
356.0,2353.0
357.0,2017.0
358.0,1668.0
359.0,2074.0
360.0,2306.0
361.0,1957.0
362.0,1633.0
363.0,1624.0
364.0,1402.0
365.0,1332.0
366.0,1520.0
367.0,1980.0
368.0,2195.0
369.0,2058.0
370.0,1864.0
371.0,1934.0
372.0,3687.0
373.0,13246.0
374.0,27283.0
375.0,22757.0
376.0,7446.0
377.0,2152.0
378.0,1921.0
379.0,1871.0
380.0,1703.0
381.0,1613.0
382.0,1815.0
383.0,1943.0
384.0,1876.0
385.0,1895.0
386.0,1871.0
387.0,2097.0
388.0,2179.0
389.0,1981.0
390.0,1747.0
391.0,1733.0
392.0,1747.0
393.0,1644.0
394.0,1722.0
395.0,2429.0
396.0,2369.0
397.0,1975.0
398.0,2271.0
399.0,4077.0
400.0,10430.0
401.0,15174.0
402.0,9966.0
403.0,3184.0
404.0,1717.0
405.0,1709.0
406.0,1822.0
407.0,1753.0
408.0,1660.0
409.0,1820.0
410.0,2159.0
411.0,2391.0
412.0,2226.0
413.0,1928.0
414.0,1670.0
415.0,1837.0
416.0,1933.0
417.0,1782.0
418.0,1703.0
419.0,1897.0
420.0,1969.0
421.0,1939.0
422.0,1993.0
423.0,1968.0
424.0,1696.0
425.0,1454.0
426.0,1433.0
427.0,1498.0
428.0,1574.0
429.0,1604.0
430.0,1719.0
431.0,2027.0
432.0,2394.0
433.0,2434.0
434.0,3711.0
435.0,14331.0
436.0,49333.0
437.0,64177.0
438.0,42178.0
439.0,7369.0
440.0,2363.0
441.0,1963.0
442.0,1609.0
443.0,1411.0
444.0,1371.0
445.0,1613.0
446.0,2067.0
447.0,2241.0
448.0,1809.0
449.0,1580.0
450.0,1665.0
451.0,1729.0
452.0,1868.0
453.0,1951.0
454.0,1896.0
455.0,1852.0
456.0,1654.0
457.0,1482.0
458.0,1457.0
459.0,1735.0
460.0,1994.0
461.0,2216.0
462.0,2479.0
463.0,2355.0
464.0,2001.0
465.0,2171.0
466.0,2092.0
467.0,1791.0
468.0,1688.0
469.0,1578.0
470.0,1371.0
471.0,1613.0
472.0,2472.0
473.0,3374.0
474.0,2918.0
475.0,2293.0
476.0,2574.0
477.0,2692.0
478.0,2531.0
479.0,2110.0
480.0,1657.0
481.0,1536.0
482.0,1667.0
483.0,1877.0
484.0,1852.0
485.0,1935.0
486.0,2382.0
487.0,2537.0
488.0,2190.0
489.0,1828.0
490.0,1648.0
491.0,1688.0
492.0,1837.0
493.0,1865.0
494.0,1860.0
495.0,1863.0
496.0,1835.0
497.0,1667.0
498.0,1508.0
499.0,1884.0
500.0,2203.0
501.0,2078.0
502.0,1970.0
503.0,2144.0
504.0,2010.0
505.0,1821.0
506.0,1845.0
507.0,1921.0
508.0,2095.0
509.0,2433.0
510.0,2286.0
511.0,1801.0
512.0,1818.0
513.0,2017.0
514.0,1962.0
515.0,1809.0
516.0,2147.0
517.0,3011.0
518.0,3862.0
519.0,3903.0
520.0,3564.0
521.0,3131.0
522.0,2626.0
523.0,2348.0
524.0,2341.0
525.0,2430.0
526.0,2410.0
527.0,2221.0
528.0,2161.0
529.0,2384.0
530.0,2744.0
531.0,2839.0
532.0,2649.0
533.0,2288.0
534.0,1975.0
535.0,1872.0
536.0,1831.0
537.0,1691.0
538.0,1748.0
539.0,1916.0
540.0,1950.0
541.0,2169.0
542.0,2429.0
543.0,2289.0
544.0,1876.0
545.0,1623.0
546.0,1602.0
547.0,1832.0
548.0,1795.0
549.0,1667.0
550.0,2030.0
551.0,2314.0
552.0,2186.0
553.0,1928.0
554.0,1759.0
555.0,1613.0
556.0,1372.0
557.0,1364.0
558.0,1710.0
559.0,1847.0
560.0,1823.0
561.0,1946.0
562.0,1948.0
563.0,2090.0
564.0,2031.0
565.0,1656.0
566.0,1264.0
567.0,1270.0
568.0,1437.0
569.0,1885.0
570.0,2121.0
571.0,1817.0
572.0,1604.0
573.0,1616.0
574.0,1595.0
575.0,1473.0
576.0,1473.0
577.0,1436.0
578.0,1434.0
579.0,1534.0
580.0,1682.0
581.0,1754.0
582.0,1666.0
583.0,1496.0
584.0,1647.0
585.0,1987.0
586.0,2166.0
587.0,2372.0
588.0,2201.0
589.0,1595.0
590.0,1228.0
591.0,1253.0
592.0,1335.0
593.0,1490.0
594.0,1614.0
595.0,1703.0
596.0,1693.0
597.0,1731.0
598.0,2063.0
599.0,1939.0
600.0,1697.0
601.0,1575.0
602.0,1504.0
603.0,1775.0
604.0,2404.0
605.0,2998.0
606.0,2557.0
607.0,1765.0
608.0,1478.0
609.0,1471.0
610.0,1468.0
611.0,1630.0
612.0,1711.0
613.0,1561.0
614.0,1663.0
615.0,1816.0
616.0,1689.0
617.0,1407.0
618.0,1467.0
619.0,1829.0
620.0,1673.0
621.0,1353.0
622.0,1325.0
623.0,1377.0
624.0,1295.0
625.0,1375.0
626.0,1649.0
627.0,1740.0
628.0,1644.0
629.0,1421.0
630.0,1334.0
631.0,1422.0
632.0,1525.0
633.0,1844.0
634.0,1910.0
635.0,1574.0
636.0,1383.0
637.0,1646.0
638.0,2352.0
639.0,2837.0
640.0,2692.0
641.0,2289.0
642.0,2078.0
643.0,1913.0
644.0,1939.0
645.0,2214.0
646.0,2657.0
647.0,2495.0
648.0,1959.0
649.0,1820.0
650.0,1861.0
651.0,1715.0
652.0,1607.0
653.0,1633.0
654.0,1719.0
655.0,1759.0
656.0,1673.0
657.0,1921.0
658.0,2154.0
659.0,1930.0
660.0,1717.0
661.0,1698.0
662.0,1736.0
663.0,1624.0
664.0,1530.0
665.0,1465.0
666.0,1405.0
667.0,1549.0
668.0,1901.0
669.0,1975.0
670.0,1717.0
671.0,1495.0
672.0,1385.0
673.0,1219.0
674.0,1056.0
675.0,1083.0
676.0,1432.0
677.0,1813.0
678.0,1881.0
679.0,1712.0
680.0,1707.0
681.0,1581.0
682.0,1371.0
683.0,1175.0
684.0,1158.0
685.0,1493.0
686.0,1896.0
687.0,1789.0
688.0,1450.0
689.0,1363.0
690.0,1408.0
691.0,1426.0
692.0,1515.0
693.0,1552.0
694.0,1531.0
695.0,1649.0
696.0,1663.0
697.0,1636.0
698.0,1694.0
699.0,1571.0
700.0,1363.0
701.0,1275.0
702.0,1329.0
703.0,1427.0
704.0,1469.0
705.0,1517.0
706.0,1511.0
707.0,1459.0
708.0,1570.0
709.0,1565.0
710.0,1506.0
711.0,1327.0
712.0,1200.0
713.0,1211.0
714.0,1252.0
715.0,1311.0
716.0,1232.0
717.0,1149.0
718.0,1118.0
719.0,1086.0
720.0,1184.0
721.0,1291.0
722.0,1397.0
723.0,1628.0
724.0,1946.0
725.0,2142.0
726.0,2118.0
727.0,2105.0
728.0,2069.0
729.0,2021.0
730.0,1756.0
731.0,1490.0
732.0,1586.0
733.0,1686.0
734.0,1538.0
735.0,1318.0
736.0,1193.0
737.0,1289.0
738.0,1564.0
739.0,1698.0
740.0,1542.0
741.0,1500.0
742.0,1474.0
743.0,1431.0
744.0,1270.0
745.0,1043.0
746.0,1022.0
747.0,1093.0
748.0,1098.0
749.0,1173.0
750.0,1220.0
751.0,1207.0
752.0,1230.0
753.0,1218.0
754.0,1203.0
755.0,1260.0
756.0,1564.0
757.0,1841.0
758.0,1773.0
759.0,1528.0
760.0,1368.0
761.0,1374.0
762.0,1396.0
763.0,1223.0
764.0,1187.0
765.0,1211.0
766.0,1336.0
767.0,1622.0
768.0,1967.0
769.0,1968.0
770.0,1702.0
771.0,1413.0
772.0,1311.0
773.0,1422.0
774.0,1527.0
775.0,1370.0
776.0,1199.0
777.0,1188.0
778.0,1075.0
779.0,1143.0
780.0,1269.0
781.0,1265.0
782.0,1286.0
783.0,1296.0
784.0,1165.0
785.0,1183.0
786.0,1208.0
787.0,1080.0
788.0,941.0
789.0,1056.0
790.0,962.0
791.0,797.0
792.0,741.0
793.0,804.0
794.0,887.0
795.0,917.0
796.0,974.0
797.0,1047.0
798.0,952.0
799.0,770.0
800.0,745.0
801.0,800.0
802.0,867.0
803.0,870.0
804.0,830.0
805.0,781.0
806.0,736.0
807.0,803.0
808.0,775.0
809.0,700.0
810.0,710.0
811.0,799.0
812.0,883.0
813.0,766.0
814.0,690.0
815.0,633.0
816.0,658.0
817.0,648.0
818.0,654.0
819.0,688.0
820.0,697.0
821.0,746.0
822.0,833.0
823.0,790.0
824.0,780.0
825.0,672.0
826.0,558.0
827.0,558.0
828.0,628.0
829.0,606.0
830.0,542.0
831.0,610.0
832.0,675.0
833.0,664.0
834.0,656.0
835.0,598.0
836.0,563.0
837.0,579.0
838.0,566.0
839.0,499.0
840.0,482.0
841.0,549.0
842.0,635.0
843.0,639.0
844.0,629.0
845.0,636.0
846.0,544.0
847.0,479.0
848.0,459.0
849.0,432.0
850.0,499.0
851.0,511.0
852.0,544.0
853.0,601.0
854.0,576.0
855.0,494.0
856.0,499.0
857.0,437.0
858.0,389.0
859.0,418.0
860.0,425.0
861.0,433.0
862.0,495.0
863.0,619.0
864.0,600.0
865.0,495.0
866.0,424.0
867.0,380.0
868.0,404.0
869.0,425.0
870.0,447.0
871.0,421.0
872.0,441.0
873.0,431.0
874.0,439.0
875.0,470.0
876.0,436.0
877.0,446.0
878.0,441.0
879.0,606.0
880.0,944.0
881.0,976.0
882.0,792.0
883.0,689.0
884.0,568.0
885.0,613.0
886.0,682.0
887.0,505.0
888.0,342.0
889.0,392.0
890.0,660.0
891.0,735.0
892.0,509.0
893.0,475.0
894.0,473.0
895.0,513.0
896.0,758.0
897.0,765.0
898.0,527.0
899.0,330.0
900.0,285.0
901.0,367.0
902.0,714.0
903.0,1199.0
904.0,4356.0
905.0,11042.0
906.0,9663.0
907.0,2672.0
908.0,643.0
909.0,599.0
910.0,535.0
911.0,538.0
912.0,487.0
913.0,351.0
914.0,288.0
915.0,311.0
916.0,432.0
917.0,450.0
918.0,350.0
919.0,329.0
920.0,454.0
921.0,485.0
922.0,324.0
923.0,237.0
924.0,291.0
925.0,437.0
926.0,389.0
927.0,272.0
928.0,210.0
929.0,239.0
930.0,324.0
931.0,433.0
932.0,401.0
933.0,248.0
934.0,228.0
935.0,375.0
936.0,379.0
937.0,237.0
938.0,179.0
939.0,186.0
940.0,175.0
941.0,183.0
942.0,222.0
943.0,338.0
944.0,315.0
945.0,237.0
946.0,301.0
947.0,355.0
948.0,236.0
949.0,159.0
950.0,128.0
951.0,134.0
952.0,156.0
953.0,192.0
954.0,154.0
955.0,198.0
956.0,233.0
957.0,246.0
958.0,198.0
959.0,243.0
960.0,264.0
961.0,158.0
962.0,153.0
963.0,180.0
964.0,211.0
965.0,179.0
966.0,138.0
967.0,121.0
968.0,126.0
969.0,136.0
970.0,178.0
971.0,208.0
972.0,202.0
973.0,224.0
974.0,181.0
975.0,117.0
976.0,105.0
977.0,120.0
978.0,113.0
979.0,108.0
980.0,108.0
981.0,101.0
982.0,85.0
983.0,109.0
984.0,91.0
985.0,116.0
986.0,161.0
987.0,158.0
988.0,177.0
989.0,134.0
990.0,103.0
991.0,85.0
992.0,83.0
993.0,79.0
994.0,79.0
995.0,75.0
996.0,82.0
997.0,74.0
998.0,77.0
999.0,78.0
1000.0,76.0
1001.0,85.0
1002.0,85.0
1003.0,118.0
1004.0,124.0
1005.0,111.0
1006.0,90.0
1007.0,87.0
1008.0,67.0
1009.0,83.0
1010.0,51.0
1011.0,82.0
1012.0,76.0
1013.0,77.0
1014.0,69.0
1015.0,62.0
1016.0,72.0
1017.0,58.0
1018.0,57.0
1019.0,72.0
1020.0,70.0
1021.0,86.0
1022.0,93.0
1023.0,72.0
