0.0,92.0
1.0,182.0
2.0,182.0
3.0,123.0
4.0,145.0
5.0,140.0
6.0,170.0
7.0,166.0
8.0,129.0
9.0,121.0
10.0,169.0
11.0,161.0
12.0,136.0
13.0,147.0
14.0,174.0
15.0,206.0
16.0,182.0
17.0,245.0
18.0,320.0
19.0,310.0
20.0,251.0
21.0,202.0
22.0,156.0
23.0,138.0
24.0,126.0
25.0,156.0
26.0,220.0
27.0,301.0
28.0,314.0
29.0,264.0
30.0,236.0
31.0,229.0
32.0,223.0
33.0,267.0
34.0,470.0
35.0,567.0
36.0,452.0
37.0,250.0
38.0,160.0
39.0,170.0
40.0,250.0
41.0,298.0
42.0,260.0
43.0,208.0
44.0,242.0
45.0,282.0
46.0,314.0
47.0,466.0
48.0,477.0
49.0,386.0
50.0,338.0
51.0,285.0
52.0,269.0
53.0,278.0
54.0,240.0
55.0,251.0
56.0,323.0
57.0,343.0
58.0,376.0
59.0,405.0
60.0,370.0
61.0,280.0
62.0,260.0
63.0,214.0
64.0,216.0
65.0,233.0
66.0,333.0
67.0,441.0
68.0,459.0
69.0,406.0
70.0,340.0
71.0,300.0
72.0,340.0
73.0,475.0
74.0,507.0
75.0,451.0
76.0,446.0
77.0,516.0
78.0,537.0
79.0,489.0
80.0,395.0
81.0,423.0
82.0,374.0
83.0,328.0
84.0,343.0
85.0,323.0
86.0,329.0
87.0,323.0
88.0,341.0
89.0,382.0
90.0,330.0
91.0,346.0
92.0,336.0
93.0,387.0
94.0,489.0
95.0,511.0
96.0,481.0
97.0,520.0
98.0,597.0
99.0,682.0
100.0,585.0
101.0,527.0
102.0,478.0
103.0,416.0
104.0,451.0
105.0,536.0
106.0,582.0
107.0,632.0
108.0,501.0
109.0,376.0
110.0,396.0
111.0,367.0
112.0,388.0
113.0,508.0
114.0,670.0
115.0,557.0
116.0,512.0
117.0,509.0
118.0,542.0
119.0,586.0
120.0,555.0
121.0,510.0
122.0,574.0
123.0,650.0
124.0,616.0
125.0,586.0
126.0,558.0
127.0,571.0
128.0,616.0
129.0,639.0
130.0,571.0
131.0,570.0
132.0,555.0
133.0,575.0
134.0,518.0
135.0,541.0
136.0,658.0
137.0,644.0
138.0,567.0
139.0,621.0
140.0,750.0
141.0,749.0
142.0,710.0
143.0,675.0
144.0,585.0
145.0,595.0
146.0,620.0
147.0,697.0
148.0,768.0
149.0,639.0
150.0,496.0
151.0,505.0
152.0,643.0
153.0,706.0
154.0,690.0
155.0,820.0
156.0,930.0
157.0,881.0
158.0,734.0
159.0,694.0
160.0,624.0
161.0,518.0
162.0,511.0
163.0,591.0
164.0,666.0
165.0,753.0
166.0,810.0
167.0,825.0
168.0,859.0
169.0,745.0
170.0,615.0
171.0,580.0
172.0,653.0
173.0,789.0
174.0,768.0
175.0,791.0
176.0,967.0
177.0,1102.0
178.0,1112.0
179.0,1021.0
180.0,795.0
181.0,753.0
182.0,736.0
183.0,609.0
184.0,644.0
185.0,762.0
186.0,826.0
187.0,810.0
188.0,777.0
189.0,865.0
190.0,967.0
191.0,934.0
192.0,982.0
193.0,1114.0
194.0,1147.0
195.0,910.0
196.0,739.0
197.0,798.0
198.0,1022.0
199.0,989.0
200.0,770.0
201.0,771.0
202.0,866.0
203.0,823.0
204.0,878.0
205.0,845.0
206.0,924.0
207.0,1286.0
208.0,1660.0
209.0,1793.0
210.0,1817.0
211.0,1393.0
212.0,959.0
213.0,910.0
214.0,1014.0
215.0,1275.0
216.0,1497.0
217.0,1401.0
218.0,1259.0
219.0,1102.0
220.0,938.0
221.0,880.0
222.0,837.0
223.0,951.0
224.0,1013.0
225.0,827.0
226.0,785.0
227.0,934.0
228.0,1108.0
229.0,1180.0
230.0,1262.0
231.0,1299.0
232.0,1305.0
233.0,1156.0
234.0,914.0
235.0,829.0
236.0,947.0
237.0,916.0
238.0,870.0
239.0,923.0
240.0,1029.0
241.0,1111.0
242.0,1134.0
243.0,1317.0
244.0,1253.0
245.0,1256.0
246.0,1288.0
247.0,1171.0
248.0,1112.0
249.0,1098.0
250.0,951.0
251.0,913.0
252.0,986.0
253.0,1036.0
254.0,963.0
255.0,936.0
256.0,1013.0
257.0,1104.0
258.0,1035.0
259.0,996.0
260.0,1137.0
261.0,1361.0
262.0,1322.0
263.0,1163.0
264.0,999.0
265.0,797.0
266.0,819.0
267.0,1114.0
268.0,1389.0
269.0,1394.0
270.0,1149.0
271.0,1112.0
272.0,1135.0
273.0,1082.0
274.0,1235.0
275.0,1288.0
276.0,1219.0
277.0,1183.0
278.0,1158.0
279.0,1020.0
280.0,956.0
281.0,1107.0
282.0,1246.0
283.0,1246.0
284.0,1337.0
285.0,1921.0
286.0,2333.0
287.0,2400.0
288.0,2150.0
289.0,1864.0
290.0,2104.0
291.0,1952.0
292.0,1319.0
293.0,890.0
294.0,979.0
295.0,1238.0
296.0,1734.0
297.0,2150.0
298.0,1895.0
299.0,1331.0
300.0,1601.0
301.0,1960.0
302.0,1613.0
303.0,1198.0
304.0,1158.0
305.0,1385.0
306.0,1655.0
307.0,1612.0
308.0,1374.0
309.0,1574.0
310.0,2140.0
311.0,2229.0
312.0,2000.0
313.0,2123.0
314.0,1701.0
315.0,1350.0
316.0,1463.0
317.0,1588.0
318.0,1689.0
319.0,1445.0
320.0,1716.0
321.0,2750.0
322.0,2611.0
323.0,1551.0
324.0,1371.0
325.0,1610.0
326.0,1974.0
327.0,1926.0
328.0,1628.0
329.0,1301.0
330.0,1118.0
331.0,1724.0
332.0,2528.0
333.0,2527.0
334.0,2168.0
335.0,1782.0
336.0,1657.0
337.0,1778.0
338.0,1810.0
339.0,1600.0
340.0,1789.0
341.0,2131.0
342.0,2106.0
343.0,1918.0
344.0,2360.0
345.0,2532.0
346.0,1969.0
347.0,1707.0
348.0,1819.0
349.0,2001.0
350.0,1910.0
351.0,1691.0
352.0,1447.0
353.0,1292.0
354.0,1732.0
355.0,2606.0
356.0,2756.0
357.0,1936.0
358.0,1573.0
359.0,1572.0
360.0,1429.0
361.0,1243.0
362.0,1524.0
363.0,1837.0
364.0,2084.0
365.0,2754.0
366.0,3071.0
367.0,2463.0
368.0,1860.0
369.0,1681.0
370.0,1665.0
371.0,2255.0
372.0,2629.0
373.0,1846.0
374.0,1213.0
375.0,1082.0
376.0,1189.0
377.0,1199.0
378.0,1309.0
379.0,1522.0
380.0,1484.0
381.0,1278.0
382.0,1228.0
383.0,1261.0
384.0,1241.0
385.0,1344.0
386.0,1470.0
387.0,1446.0
388.0,1774.0
389.0,3043.0
390.0,3453.0
391.0,2552.0
392.0,1892.0
393.0,1616.0
394.0,1582.0
395.0,1667.0
396.0,1778.0
397.0,1508.0
398.0,1527.0
399.0,1892.0
400.0,1802.0
401.0,1653.0
402.0,1934.0
403.0,1921.0
404.0,1591.0
405.0,1641.0
406.0,1929.0
407.0,2051.0
408.0,1892.0
409.0,1813.0
410.0,2135.0
411.0,2305.0
412.0,2246.0
413.0,2109.0
414.0,1859.0
415.0,1727.0
416.0,1902.0
417.0,1882.0
418.0,1766.0
419.0,1539.0
420.0,1410.0
421.0,1368.0
422.0,1329.0
423.0,1606.0
424.0,2082.0
425.0,2150.0
426.0,2307.0
427.0,2782.0
428.0,2402.0
429.0,1614.0
430.0,1507.0
431.0,1534.0
432.0,1873.0
433.0,2255.0
434.0,2023.0
435.0,1571.0
436.0,1670.0
437.0,1709.0
438.0,1971.0
439.0,2244.0
440.0,1954.0
441.0,1530.0
442.0,1609.0
443.0,1817.0
444.0,1815.0
445.0,1852.0
446.0,1663.0
447.0,1292.0
448.0,1218.0
449.0,1200.0
450.0,1190.0
451.0,1831.0
452.0,2590.0
453.0,2234.0
454.0,1762.0
455.0,1707.0
456.0,2120.0
457.0,2440.0
458.0,1947.0
459.0,1588.0
460.0,1831.0
461.0,2237.0
462.0,2806.0
463.0,2800.0
464.0,1933.0
465.0,1349.0
466.0,1373.0
467.0,1627.0
468.0,1656.0
469.0,1591.0
470.0,1952.0
471.0,2143.0
472.0,1853.0
473.0,1577.0
474.0,1511.0
475.0,1383.0
476.0,1306.0
477.0,1543.0
478.0,1922.0
479.0,1764.0
480.0,1569.0
481.0,2611.0
482.0,3588.0
483.0,2794.0
484.0,1739.0
485.0,1614.0
486.0,1803.0
487.0,1924.0
488.0,2030.0
489.0,2065.0
490.0,2202.0
491.0,2888.0
492.0,2842.0
493.0,2375.0
494.0,2408.0
495.0,2225.0
496.0,1884.0
497.0,2021.0
498.0,2259.0
499.0,1880.0
500.0,1436.0
501.0,1380.0
502.0,1510.0
503.0,1686.0
504.0,1768.0
505.0,1630.0
506.0,1382.0
507.0,1550.0
508.0,2041.0
509.0,2290.0
510.0,1917.0
511.0,1581.0
512.0,1397.0
513.0,1773.0
514.0,3005.0
515.0,3283.0
516.0,2623.0
517.0,2241.0
518.0,1990.0
519.0,1985.0
520.0,2005.0
521.0,1933.0
522.0,2254.0
523.0,2297.0
524.0,1940.0
525.0,1632.0
526.0,1927.0
527.0,1990.0
528.0,1551.0
529.0,1390.0
530.0,1519.0
531.0,1492.0
532.0,1263.0
533.0,1159.0
534.0,1197.0
535.0,1345.0
536.0,1857.0
537.0,2036.0
538.0,1701.0
539.0,1653.0
540.0,1892.0
541.0,2226.0
542.0,2194.0
543.0,2139.0
544.0,2081.0
545.0,2572.0
546.0,2863.0
547.0,2139.0
548.0,1897.0
549.0,2078.0
550.0,1930.0
551.0,1657.0
552.0,1639.0
553.0,1526.0
554.0,1297.0
555.0,1342.0
556.0,1722.0
557.0,1857.0
558.0,2089.0
559.0,2117.0
560.0,2092.0
561.0,2018.0
562.0,1629.0
563.0,1478.0
564.0,1602.0
565.0,1786.0
566.0,2091.0
567.0,2022.0
568.0,1757.0
569.0,1899.0
570.0,2006.0
571.0,2134.0
572.0,2207.0
573.0,1990.0
574.0,1742.0
575.0,1795.0
576.0,2385.0
577.0,2278.0
578.0,1547.0
579.0,1276.0
580.0,1243.0
581.0,1347.0
582.0,1636.0
583.0,1689.0
584.0,1853.0
585.0,2084.0
586.0,2222.0
587.0,2314.0
588.0,1857.0
589.0,1557.0
590.0,1665.0
591.0,1584.0
592.0,1377.0
593.0,1410.0
594.0,1734.0
595.0,2096.0
596.0,2336.0
597.0,2213.0
598.0,1994.0
599.0,2017.0
600.0,2102.0
601.0,1890.0
602.0,1654.0
603.0,1597.0
604.0,1621.0
605.0,1418.0
606.0,1455.0
607.0,2143.0
608.0,2317.0
609.0,1457.0
610.0,1175.0
611.0,1433.0
612.0,1672.0
613.0,1916.0
614.0,2453.0
615.0,2832.0
616.0,2778.0
617.0,2695.0
618.0,2203.0
619.0,1652.0
620.0,1652.0
621.0,1362.0
622.0,1006.0
623.0,1057.0
624.0,1583.0
625.0,1973.0
626.0,2098.0
627.0,1941.0
628.0,1709.0
629.0,1707.0
630.0,2095.0
631.0,2093.0
632.0,1734.0
633.0,1458.0
634.0,1458.0
635.0,1535.0
636.0,1580.0
637.0,1738.0
638.0,1912.0
639.0,2164.0
640.0,2592.0
641.0,2449.0
642.0,2202.0
643.0,2023.0
644.0,1610.0
645.0,1410.0
646.0,1454.0
647.0,1449.0
648.0,1578.0
649.0,1443.0
650.0,1178.0
651.0,1404.0
652.0,1567.0
653.0,1275.0
654.0,1385.0
655.0,1788.0
656.0,1898.0
657.0,1559.0
658.0,1415.0
659.0,1423.0
660.0,1491.0
661.0,1401.0
662.0,1485.0
663.0,1858.0
664.0,2193.0
665.0,2109.0
666.0,1780.0
667.0,1821.0
668.0,1596.0
669.0,1517.0
670.0,1663.0
671.0,1557.0
672.0,1362.0
673.0,1454.0
674.0,1907.0
675.0,1940.0
676.0,1472.0
677.0,1274.0
678.0,1120.0
679.0,1431.0
680.0,1634.0
681.0,1479.0
682.0,1341.0
683.0,1422.0
684.0,1436.0
685.0,1439.0
686.0,1621.0
687.0,1811.0
688.0,1878.0
689.0,2211.0
690.0,2433.0
691.0,1733.0
692.0,1279.0
693.0,1148.0
694.0,1075.0
695.0,1102.0
696.0,1223.0
697.0,1355.0
698.0,1320.0
699.0,1322.0
700.0,1711.0
701.0,1547.0
702.0,1191.0
703.0,1181.0
704.0,1152.0
705.0,1071.0
706.0,1202.0
707.0,1201.0
708.0,1375.0
709.0,1924.0
710.0,2157.0
711.0,1751.0
712.0,1536.0
713.0,1278.0
714.0,1132.0
715.0,1139.0
716.0,1145.0
717.0,1159.0
718.0,1138.0
719.0,1172.0
720.0,1175.0
721.0,1079.0
722.0,1093.0
723.0,1147.0
724.0,1240.0
725.0,1260.0
726.0,1168.0
727.0,1199.0
728.0,1364.0
729.0,1187.0
730.0,970.0
731.0,982.0
732.0,1036.0
733.0,974.0
734.0,1085.0
735.0,1104.0
736.0,1150.0
737.0,1307.0
738.0,1282.0
739.0,1169.0
740.0,1161.0
741.0,1109.0
742.0,1106.0
743.0,1043.0
744.0,901.0
745.0,1056.0
746.0,1374.0
747.0,1553.0
748.0,1367.0
749.0,1201.0
750.0,1189.0
751.0,1027.0
752.0,909.0
753.0,873.0
754.0,854.0
755.0,921.0
756.0,1128.0
757.0,1079.0
758.0,901.0
759.0,871.0
760.0,929.0
761.0,1083.0
762.0,1092.0
763.0,1028.0
764.0,933.0
765.0,859.0
766.0,920.0
767.0,943.0
768.0,925.0
769.0,957.0
770.0,1056.0
771.0,1064.0
772.0,1000.0
773.0,844.0
774.0,811.0
775.0,1081.0
776.0,1132.0
777.0,1123.0
778.0,1206.0
779.0,1017.0
780.0,840.0
781.0,924.0
782.0,836.0
783.0,736.0
784.0,1011.0
785.0,1333.0
786.0,1262.0
787.0,904.0
788.0,697.0
789.0,700.0
790.0,828.0
791.0,901.0
792.0,1073.0
793.0,978.0
794.0,781.0
795.0,684.0
796.0,654.0
797.0,695.0
798.0,716.0
799.0,742.0
800.0,644.0
801.0,686.0
802.0,792.0
803.0,797.0
804.0,849.0
805.0,944.0
806.0,834.0
807.0,691.0
808.0,726.0
809.0,607.0
810.0,430.0
811.0,479.0
812.0,572.0
813.0,662.0
814.0,738.0
815.0,917.0
816.0,906.0
817.0,815.0
818.0,826.0
819.0,662.0
820.0,594.0
821.0,655.0
822.0,779.0
823.0,891.0
824.0,880.0
825.0,870.0
826.0,658.0
827.0,539.0
828.0,585.0
829.0,666.0
830.0,799.0
831.0,910.0
832.0,712.0
833.0,506.0
834.0,475.0
835.0,561.0
836.0,648.0
837.0,674.0
838.0,554.0
839.0,473.0
840.0,422.0
841.0,451.0
842.0,573.0
843.0,613.0
844.0,532.0
845.0,387.0
846.0,447.0
847.0,501.0
848.0,553.0
849.0,749.0
850.0,738.0
851.0,662.0
852.0,705.0
853.0,603.0
854.0,424.0
855.0,360.0
856.0,494.0
857.0,663.0
858.0,581.0
859.0,471.0
860.0,459.0
861.0,423.0
862.0,396.0
863.0,454.0
864.0,446.0
865.0,511.0
866.0,599.0
867.0,624.0
868.0,584.0
869.0,450.0
870.0,422.0
871.0,471.0
872.0,444.0
873.0,426.0
874.0,461.0
875.0,469.0
876.0,534.0
877.0,576.0
878.0,749.0
879.0,1137.0
880.0,1128.0
881.0,630.0
882.0,417.0
883.0,427.0
884.0,433.0
885.0,514.0
886.0,526.0
887.0,501.0
888.0,457.0
889.0,450.0
890.0,481.0
891.0,613.0
892.0,544.0
893.0,495.0
894.0,471.0
895.0,379.0
896.0,379.0
897.0,405.0
898.0,393.0
899.0,432.0
900.0,475.0
901.0,436.0
902.0,388.0
903.0,385.0
904.0,364.0
905.0,498.0
906.0,690.0
907.0,609.0
908.0,476.0
909.0,478.0
910.0,414.0
911.0,314.0
912.0,332.0
913.0,395.0
914.0,374.0
915.0,353.0
916.0,459.0
917.0,484.0
918.0,431.0
919.0,375.0
920.0,327.0
921.0,366.0
922.0,385.0
923.0,308.0
924.0,271.0
925.0,235.0
926.0,217.0
927.0,273.0
928.0,309.0
929.0,318.0
930.0,287.0
931.0,318.0
932.0,343.0
933.0,338.0
934.0,282.0
935.0,224.0
936.0,246.0
937.0,244.0
938.0,230.0
939.0,246.0
940.0,260.0
941.0,228.0
942.0,269.0
943.0,298.0
944.0,324.0
945.0,295.0
946.0,278.0
947.0,326.0
948.0,342.0
949.0,285.0
950.0,235.0
951.0,308.0
952.0,494.0
953.0,475.0
954.0,297.0
955.0,305.0
956.0,284.0
957.0,282.0
958.0,273.0
959.0,220.0
960.0,169.0
961.0,180.0
962.0,207.0
963.0,215.0
964.0,208.0
965.0,188.0
966.0,196.0
967.0,203.0
968.0,200.0
969.0,188.0
970.0,209.0
971.0,238.0
972.0,257.0
973.0,223.0
974.0,194.0
975.0,183.0
976.0,208.0
977.0,207.0
978.0,239.0
979.0,217.0
980.0,244.0
981.0,205.0
982.0,187.0
983.0,156.0
984.0,174.0
985.0,209.0
986.0,180.0
987.0,180.0
988.0,170.0
989.0,178.0
990.0,161.0
991.0,138.0
992.0,145.0
993.0,162.0
994.0,198.0
995.0,203.0
996.0,200.0
997.0,176.0
998.0,171.0
999.0,187.0
1000.0,166.0
1001.0,171.0
1002.0,168.0
1003.0,158.0
1004.0,146.0
1005.0,137.0
1006.0,139.0
1007.0,144.0
1008.0,151.0
1009.0,155.0
1010.0,146.0
1011.0,123.0
1012.0,153.0
1013.0,142.0
1014.0,151.0
1015.0,168.0
1016.0,305.0
1017.0,1079.0
1018.0,1949.0
1019.0,1648.0
1020.0,1026.0
1021.0,1113.0
1022.0,1098.0
1023.0,446.0
