0.0,30.0
1.0,65.0
2.0,81.0
3.0,232.0
4.0,952.0
5.0,2031.0
6.0,1786.0
7.0,442.0
8.0,109.0
9.0,91.0
10.0,80.0
11.0,68.0
12.0,62.0
13.0,67.0
14.0,94.0
15.0,79.0
16.0,76.0
17.0,62.0
18.0,73.0
19.0,84.0
20.0,79.0
21.0,73.0
22.0,77.0
23.0,66.0
24.0,76.0
25.0,78.0
26.0,84.0
27.0,96.0
28.0,72.0
29.0,96.0
30.0,58.0
31.0,85.0
32.0,77.0
33.0,91.0
34.0,91.0
35.0,88.0
36.0,78.0
37.0,96.0
38.0,103.0
39.0,101.0
40.0,62.0
41.0,85.0
42.0,88.0
43.0,98.0
44.0,108.0
45.0,116.0
46.0,109.0
47.0,104.0
48.0,103.0
49.0,110.0
50.0,111.0
51.0,115.0
52.0,91.0
53.0,104.0
54.0,112.0
55.0,125.0
56.0,113.0
57.0,117.0
58.0,126.0
59.0,130.0
60.0,142.0
61.0,185.0
62.0,146.0
63.0,117.0
64.0,140.0
65.0,152.0
66.0,172.0
67.0,138.0
68.0,129.0
69.0,144.0
70.0,140.0
71.0,138.0
72.0,129.0
73.0,137.0
74.0,136.0
75.0,131.0
76.0,180.0
77.0,252.0
78.0,238.0
79.0,174.0
80.0,178.0
81.0,172.0
82.0,151.0
83.0,156.0
84.0,156.0
85.0,155.0
86.0,165.0
87.0,159.0
88.0,158.0
89.0,152.0
90.0,165.0
91.0,176.0
92.0,205.0
93.0,178.0
94.0,181.0
95.0,174.0
96.0,162.0
97.0,177.0
98.0,204.0
99.0,221.0
100.0,206.0
101.0,195.0
102.0,188.0
103.0,186.0
104.0,186.0
105.0,186.0
106.0,197.0
107.0,181.0
108.0,171.0
109.0,194.0
110.0,179.0
111.0,189.0
112.0,277.0
113.0,612.0
114.0,902.0
115.0,672.0
116.0,327.0
117.0,258.0
118.0,271.0
119.0,224.0
120.0,203.0
121.0,225.0
122.0,239.0
123.0,254.0
124.0,258.0
125.0,245.0
126.0,241.0
127.0,241.0
128.0,244.0
129.0,290.0
130.0,310.0
131.0,278.0
132.0,234.0
133.0,239.0
134.0,266.0
135.0,298.0
136.0,268.0
137.0,280.0
138.0,273.0
139.0,292.0
140.0,306.0
141.0,306.0
142.0,299.0
143.0,291.0
144.0,344.0
145.0,379.0
146.0,382.0
147.0,328.0
148.0,334.0
149.0,307.0
150.0,312.0
151.0,281.0
152.0,287.0
153.0,349.0
154.0,378.0
155.0,376.0
156.0,396.0
157.0,459.0
158.0,462.0
159.0,429.0
160.0,390.0
161.0,371.0
162.0,327.0
163.0,297.0
164.0,323.0
165.0,326.0
166.0,358.0
167.0,475.0
168.0,456.0
169.0,442.0
170.0,447.0
171.0,397.0
172.0,376.0
173.0,361.0
174.0,456.0
175.0,604.0
176.0,604.0
177.0,423.0
178.0,373.0
179.0,431.0
180.0,440.0
181.0,440.0
182.0,485.0
183.0,486.0
184.0,463.0
185.0,473.0
186.0,471.0
187.0,430.0
188.0,373.0
189.0,383.0
190.0,418.0
191.0,460.0
192.0,508.0
193.0,552.0
194.0,568.0
195.0,577.0
196.0,558.0
197.0,614.0
198.0,683.0
199.0,675.0
200.0,617.0
201.0,588.0
202.0,606.0
203.0,575.0
204.0,427.0
205.0,438.0
206.0,505.0
207.0,539.0
208.0,541.0
209.0,577.0
210.0,665.0
211.0,676.0
212.0,583.0
213.0,453.0
214.0,484.0
215.0,625.0
216.0,684.0
217.0,674.0
218.0,568.0
219.0,503.0
220.0,569.0
221.0,662.0
222.0,678.0
223.0,557.0
224.0,568.0
225.0,493.0
226.0,505.0
227.0,634.0
228.0,782.0
229.0,938.0
230.0,918.0
231.0,759.0
232.0,618.0
233.0,603.0
234.0,672.0
235.0,731.0
236.0,670.0
237.0,535.0
238.0,549.0
239.0,656.0
240.0,651.0
241.0,707.0
242.0,1100.0
243.0,1501.0
244.0,1130.0
245.0,691.0
246.0,610.0
247.0,661.0
248.0,704.0
249.0,706.0
250.0,799.0
251.0,952.0
252.0,994.0
253.0,930.0
254.0,986.0
255.0,1530.0
256.0,1873.0
257.0,1293.0
258.0,1018.0
259.0,2297.0
260.0,7627.0
261.0,13012.0
262.0,10108.0
263.0,5403.0
264.0,3913.0
265.0,3901.0
266.0,4794.0
267.0,4740.0
268.0,3566.0
269.0,2107.0
270.0,1260.0
271.0,962.0
272.0,1101.0
273.0,2870.0
274.0,5972.0
275.0,5541.0
276.0,3630.0
277.0,3352.0
278.0,2529.0
279.0,2877.0
280.0,4021.0
281.0,4573.0
282.0,4544.0
283.0,3998.0
284.0,4350.0
285.0,3311.0
286.0,2034.0
287.0,2121.0
288.0,3059.0
289.0,6030.0
290.0,7444.0
291.0,4575.0
292.0,1876.0
293.0,1649.0
294.0,2498.0
295.0,4643.0
296.0,6094.0
297.0,4375.0
298.0,2162.0
299.0,2827.0
300.0,3800.0
301.0,2663.0
302.0,3225.0
303.0,7100.0
304.0,6710.0
305.0,2964.0
306.0,2475.0
307.0,2492.0
308.0,1497.0
309.0,1168.0
310.0,2502.0
311.0,6267.0
312.0,8783.0
313.0,6538.0
314.0,2950.0
315.0,1560.0
316.0,1822.0
317.0,3274.0
318.0,4101.0
319.0,3089.0
320.0,1997.0
321.0,3791.0
322.0,6818.0
323.0,6027.0
324.0,6175.0
325.0,6783.0
326.0,3616.0
327.0,1403.0
328.0,1212.0
329.0,1212.0
330.0,1246.0
331.0,1354.0
332.0,2373.0
333.0,5914.0
334.0,6609.0
335.0,3067.0
336.0,2759.0
337.0,5566.0
338.0,5931.0
339.0,4677.0
340.0,3785.0
341.0,2502.0
342.0,2065.0
343.0,1693.0
344.0,1653.0
345.0,2036.0
346.0,3931.0
347.0,6448.0
348.0,4636.0
349.0,2300.0
350.0,3822.0
351.0,4739.0
352.0,2954.0
353.0,2228.0
354.0,3717.0
355.0,4563.0
356.0,6180.0
357.0,6075.0
358.0,2997.0
359.0,1204.0
360.0,1059.0
361.0,1162.0
362.0,1760.0
363.0,4000.0
364.0,5302.0
365.0,4679.0
366.0,5192.0
367.0,3844.0
368.0,1868.0
369.0,3007.0
370.0,3910.0
371.0,2508.0
372.0,1805.0
373.0,4673.0
374.0,7462.0
375.0,5022.0
376.0,1761.0
377.0,1259.0
378.0,1219.0
379.0,1190.0
380.0,1131.0
381.0,1275.0
382.0,1467.0
383.0,1825.0
384.0,4278.0
385.0,6671.0
386.0,5892.0
387.0,4857.0
388.0,4320.0
389.0,3177.0
390.0,5727.0
391.0,7977.0
392.0,4703.0
393.0,1652.0
394.0,1194.0
395.0,1004.0
396.0,977.0
397.0,1115.0
398.0,1351.0
399.0,1357.0
400.0,1155.0
401.0,1226.0
402.0,2458.0
403.0,3875.0
404.0,3234.0
405.0,2902.0
406.0,5449.0
407.0,8891.0
408.0,10406.0
409.0,7205.0
410.0,3739.0
411.0,2369.0
412.0,1315.0
413.0,1056.0
414.0,1028.0
415.0,1035.0
416.0,1151.0
417.0,1253.0
418.0,1200.0
419.0,1260.0
420.0,2349.0
421.0,3277.0
422.0,2429.0
423.0,1619.0
424.0,2091.0
425.0,6381.0
426.0,11012.0
427.0,7104.0
428.0,1889.0
429.0,1042.0
430.0,1046.0
431.0,1154.0
432.0,1315.0
433.0,1517.0
434.0,1437.0
435.0,1330.0
436.0,1337.0
437.0,1520.0
438.0,2090.0
439.0,3127.0
440.0,3272.0
441.0,2125.0
442.0,1305.0
443.0,2226.0
444.0,6198.0
445.0,8888.0
446.0,6566.0
447.0,3035.0
448.0,1319.0
449.0,1028.0
450.0,1127.0
451.0,1293.0
452.0,1459.0
453.0,1500.0
454.0,1237.0
455.0,1066.0
456.0,1096.0
457.0,1057.0
458.0,1082.0
459.0,1908.0
460.0,2419.0
461.0,1847.0
462.0,1553.0
463.0,3723.0
464.0,7012.0
465.0,6075.0
466.0,4934.0
467.0,4550.0
468.0,2231.0
469.0,1253.0
470.0,1642.0
471.0,4546.0
472.0,20006.0
473.0,31087.0
474.0,17437.0
475.0,3336.0
476.0,1390.0
477.0,1143.0
478.0,1056.0
479.0,1072.0
480.0,1652.0
481.0,2325.0
482.0,1905.0
483.0,2226.0
484.0,5205.0
485.0,5717.0
486.0,2560.0
487.0,1519.0
488.0,3010.0
489.0,3870.0
490.0,2388.0
491.0,1253.0
492.0,1230.0
493.0,1408.0
494.0,1717.0
495.0,2283.0
496.0,2692.0
497.0,2414.0
498.0,1927.0
499.0,1406.0
500.0,1395.0
501.0,1211.0
502.0,987.0
503.0,1169.0
504.0,1766.0
505.0,4077.0
506.0,5733.0
507.0,3849.0
508.0,1832.0
509.0,1344.0
510.0,1158.0
511.0,1171.0
512.0,1364.0
513.0,2348.0
514.0,3071.0
515.0,1915.0
516.0,979.0
517.0,1063.0
518.0,1269.0
519.0,1466.0
520.0,1256.0
521.0,1076.0
522.0,2270.0
523.0,11928.0
524.0,22594.0
525.0,15621.0
526.0,4028.0
527.0,3146.0
528.0,4750.0
529.0,3370.0
530.0,1246.0
531.0,931.0
532.0,914.0
533.0,949.0
534.0,1127.0
535.0,1229.0
536.0,1171.0
537.0,884.0
538.0,839.0
539.0,947.0
540.0,1091.0
541.0,1235.0
542.0,1302.0
543.0,1501.0
544.0,1700.0
545.0,1453.0
546.0,964.0
547.0,897.0
548.0,1156.0
549.0,2384.0
550.0,4822.0
551.0,5967.0
552.0,3779.0
553.0,1613.0
554.0,1078.0
555.0,969.0
556.0,1057.0
557.0,1102.0
558.0,1098.0
559.0,1109.0
560.0,1091.0
561.0,1033.0
562.0,942.0
563.0,967.0
564.0,1045.0
565.0,1045.0
566.0,926.0
567.0,812.0
568.0,832.0
569.0,813.0
570.0,734.0
571.0,744.0
572.0,849.0
573.0,1034.0
574.0,1833.0
575.0,4460.0
576.0,5329.0
577.0,2953.0
578.0,1556.0
579.0,1154.0
580.0,1056.0
581.0,1026.0
582.0,1141.0
583.0,1245.0
584.0,1232.0
585.0,1158.0
586.0,949.0
587.0,789.0
588.0,776.0
589.0,798.0
590.0,965.0
591.0,1184.0
592.0,1159.0
593.0,996.0
594.0,924.0
595.0,797.0
596.0,717.0
597.0,691.0
598.0,762.0
599.0,1208.0
600.0,2776.0
601.0,3929.0
602.0,3377.0
603.0,2060.0
604.0,1276.0
605.0,993.0
606.0,892.0
607.0,873.0
608.0,761.0
609.0,787.0
610.0,927.0
611.0,1008.0
612.0,1028.0
613.0,926.0
614.0,814.0
615.0,735.0
616.0,658.0
617.0,712.0
618.0,866.0
619.0,946.0
620.0,1005.0
621.0,1023.0
622.0,1178.0
623.0,1231.0
624.0,1090.0
625.0,1222.0
626.0,2414.0
627.0,2911.0
628.0,2494.0
629.0,2034.0
630.0,1050.0
631.0,853.0
632.0,869.0
633.0,686.0
634.0,737.0
635.0,829.0
636.0,740.0
637.0,734.0
638.0,986.0
639.0,1037.0
640.0,922.0
641.0,875.0
642.0,808.0
643.0,779.0
644.0,789.0
645.0,743.0
646.0,817.0
647.0,1027.0
648.0,1369.0
649.0,1378.0
650.0,965.0
651.0,862.0
652.0,811.0
653.0,802.0
654.0,803.0
655.0,1232.0
656.0,2016.0
657.0,1975.0
658.0,1399.0
659.0,936.0
660.0,836.0
661.0,648.0
662.0,507.0
663.0,603.0
664.0,672.0
665.0,688.0
666.0,676.0
667.0,699.0
668.0,756.0
669.0,834.0
670.0,910.0
671.0,941.0
672.0,909.0
673.0,791.0
674.0,692.0
675.0,628.0
676.0,629.0
677.0,577.0
678.0,614.0
679.0,887.0
680.0,1466.0
681.0,1479.0
682.0,902.0
683.0,954.0
684.0,1622.0
685.0,1640.0
686.0,1004.0
687.0,756.0
688.0,728.0
689.0,762.0
690.0,687.0
691.0,544.0
692.0,500.0
693.0,570.0
694.0,671.0
695.0,715.0
696.0,672.0
697.0,663.0
698.0,705.0
699.0,752.0
700.0,774.0
701.0,734.0
702.0,613.0
703.0,600.0
704.0,786.0
705.0,887.0
706.0,863.0
707.0,801.0
708.0,1032.0
709.0,3399.0
710.0,6186.0
711.0,4131.0
712.0,1441.0
713.0,1696.0
714.0,1601.0
715.0,906.0
716.0,651.0
717.0,576.0
718.0,557.0
719.0,533.0
720.0,505.0
721.0,576.0
722.0,599.0
723.0,535.0
724.0,510.0
725.0,480.0
726.0,435.0
727.0,462.0
728.0,462.0
729.0,542.0
730.0,589.0
731.0,652.0
732.0,699.0
733.0,728.0
734.0,646.0
735.0,513.0
736.0,473.0
737.0,469.0
738.0,472.0
739.0,521.0
740.0,526.0
741.0,545.0
742.0,773.0
743.0,1148.0
744.0,1034.0
745.0,623.0
746.0,463.0
747.0,467.0
748.0,484.0
749.0,406.0
750.0,399.0
751.0,439.0
752.0,422.0
753.0,433.0
754.0,497.0
755.0,471.0
756.0,390.0
757.0,391.0
758.0,391.0
759.0,415.0
760.0,452.0
761.0,531.0
762.0,589.0
763.0,506.0
764.0,527.0
765.0,555.0
766.0,464.0
767.0,355.0
768.0,327.0
769.0,319.0
770.0,342.0
771.0,380.0
772.0,559.0
773.0,797.0
774.0,1053.0
775.0,1001.0
776.0,1402.0
777.0,2342.0
778.0,1694.0
779.0,521.0
780.0,353.0
781.0,362.0
782.0,355.0
783.0,361.0
784.0,449.0
785.0,429.0
786.0,483.0
787.0,519.0
788.0,464.0
789.0,354.0
790.0,348.0
791.0,300.0
792.0,288.0
793.0,319.0
794.0,364.0
795.0,351.0
796.0,426.0
797.0,505.0
798.0,418.0
799.0,313.0
800.0,320.0
801.0,386.0
802.0,370.0
803.0,302.0
804.0,285.0
805.0,313.0
806.0,323.0
807.0,278.0
808.0,257.0
809.0,308.0
810.0,343.0
811.0,283.0
812.0,243.0
813.0,265.0
814.0,271.0
815.0,356.0
816.0,1014.0
817.0,1688.0
818.0,1089.0
819.0,361.0
820.0,288.0
821.0,257.0
822.0,270.0
823.0,242.0
824.0,247.0
825.0,235.0
826.0,253.0
827.0,267.0
828.0,256.0
829.0,247.0
830.0,300.0
831.0,361.0
832.0,311.0
833.0,267.0
834.0,238.0
835.0,273.0
836.0,686.0
837.0,1373.0
838.0,1047.0
839.0,407.0
840.0,283.0
841.0,551.0
842.0,2511.0
843.0,3928.0
844.0,2004.0
845.0,429.0
846.0,285.0
847.0,266.0
848.0,222.0
849.0,209.0
850.0,212.0
851.0,191.0
852.0,177.0
853.0,205.0
854.0,198.0
855.0,190.0
856.0,174.0
857.0,155.0
858.0,168.0
859.0,171.0
860.0,180.0
861.0,171.0
862.0,202.0
863.0,197.0
864.0,166.0
865.0,183.0
866.0,193.0
867.0,230.0
868.0,228.0
869.0,254.0
870.0,335.0
871.0,1456.0
872.0,4820.0
873.0,4703.0
874.0,1310.0
875.0,233.0
876.0,154.0
877.0,161.0
878.0,162.0
879.0,199.0
880.0,172.0
881.0,158.0
882.0,146.0
883.0,145.0
884.0,171.0
885.0,180.0
886.0,175.0
887.0,174.0
888.0,153.0
889.0,157.0
890.0,147.0
891.0,151.0
892.0,148.0
893.0,129.0
894.0,123.0
895.0,128.0
896.0,133.0
897.0,151.0
898.0,153.0
899.0,134.0
900.0,118.0
901.0,114.0
902.0,131.0
903.0,107.0
904.0,122.0
905.0,128.0
906.0,130.0
907.0,151.0
908.0,187.0
909.0,185.0
910.0,155.0
911.0,132.0
912.0,112.0
913.0,109.0
914.0,121.0
915.0,98.0
916.0,115.0
917.0,95.0
918.0,104.0
919.0,124.0
920.0,117.0
921.0,107.0
922.0,97.0
923.0,103.0
924.0,93.0
925.0,96.0
926.0,115.0
927.0,115.0
928.0,98.0
929.0,93.0
930.0,94.0
931.0,85.0
932.0,96.0
933.0,102.0
934.0,111.0
935.0,129.0
936.0,132.0
937.0,90.0
938.0,90.0
939.0,98.0
940.0,88.0
941.0,95.0
942.0,79.0
943.0,80.0
944.0,63.0
945.0,83.0
946.0,92.0
947.0,87.0
948.0,84.0
949.0,80.0
950.0,105.0
951.0,119.0
952.0,98.0
953.0,86.0
954.0,70.0
955.0,76.0
956.0,70.0
957.0,64.0
958.0,71.0
959.0,76.0
960.0,67.0
961.0,76.0
962.0,70.0
963.0,77.0
964.0,56.0
965.0,70.0
966.0,53.0
967.0,57.0
968.0,65.0
969.0,68.0
970.0,57.0
971.0,65.0
972.0,49.0
973.0,68.0
974.0,58.0
975.0,60.0
976.0,70.0
977.0,65.0
978.0,55.0
979.0,62.0
980.0,63.0
981.0,59.0
982.0,59.0
983.0,51.0
984.0,56.0
985.0,53.0
986.0,64.0
987.0,62.0
988.0,49.0
989.0,44.0
990.0,55.0
991.0,40.0
992.0,40.0
993.0,42.0
994.0,51.0
995.0,53.0
996.0,51.0
997.0,39.0
998.0,49.0
999.0,57.0
1000.0,56.0
1001.0,49.0
1002.0,59.0
1003.0,54.0
1004.0,46.0
1005.0,50.0
1006.0,51.0
1007.0,55.0
1008.0,45.0
1009.0,50.0
1010.0,46.0
1011.0,42.0
1012.0,59.0
1013.0,40.0
1014.0,46.0
1015.0,54.0
1016.0,40.0
1017.0,44.0
1018.0,54.0
1019.0,40.0
1020.0,57.0
1021.0,35.0
1022.0,39.0
1023.0,59.0
