0.0,78.0
1.0,142.0
2.0,128.0
3.0,140.0
4.0,121.0
5.0,132.0
6.0,122.0
7.0,134.0
8.0,177.0
9.0,203.0
10.0,197.0
11.0,157.0
12.0,164.0
13.0,169.0
14.0,176.0
15.0,163.0
16.0,168.0
17.0,145.0
18.0,154.0
19.0,167.0
20.0,222.0
21.0,196.0
22.0,176.0
23.0,156.0
24.0,148.0
25.0,161.0
26.0,203.0
27.0,212.0
28.0,175.0
29.0,187.0
30.0,190.0
31.0,192.0
32.0,202.0
33.0,219.0
34.0,281.0
35.0,279.0
36.0,320.0
37.0,341.0
38.0,255.0
39.0,196.0
40.0,194.0
41.0,189.0
42.0,176.0
43.0,219.0
44.0,214.0
45.0,240.0
46.0,233.0
47.0,266.0
48.0,277.0
49.0,240.0
50.0,227.0
51.0,221.0
52.0,208.0
53.0,222.0
54.0,221.0
55.0,233.0
56.0,251.0
57.0,352.0
58.0,400.0
59.0,392.0
60.0,314.0
61.0,287.0
62.0,259.0
63.0,240.0
64.0,256.0
65.0,282.0
66.0,256.0
67.0,275.0
68.0,261.0
69.0,260.0
70.0,266.0
71.0,264.0
72.0,275.0
73.0,286.0
74.0,317.0
75.0,300.0
76.0,305.0
77.0,344.0
78.0,363.0
79.0,278.0
80.0,279.0
81.0,290.0
82.0,306.0
83.0,272.0
84.0,310.0
85.0,310.0
86.0,333.0
87.0,360.0
88.0,402.0
89.0,388.0
90.0,376.0
91.0,361.0
92.0,363.0
93.0,364.0
94.0,330.0
95.0,318.0
96.0,379.0
97.0,473.0
98.0,506.0
99.0,473.0
100.0,461.0
101.0,450.0
102.0,418.0
103.0,362.0
104.0,326.0
105.0,350.0
106.0,343.0
107.0,405.0
108.0,448.0
109.0,375.0
110.0,366.0
111.0,353.0
112.0,404.0
113.0,452.0
114.0,431.0
115.0,438.0
116.0,414.0
117.0,361.0
118.0,407.0
119.0,437.0
120.0,452.0
121.0,453.0
122.0,497.0
123.0,509.0
124.0,500.0
125.0,480.0
126.0,432.0
127.0,433.0
128.0,522.0
129.0,584.0
130.0,572.0
131.0,618.0
132.0,597.0
133.0,495.0
134.0,501.0
135.0,487.0
136.0,448.0
137.0,471.0
138.0,646.0
139.0,801.0
140.0,669.0
141.0,506.0
142.0,428.0
143.0,427.0
144.0,501.0
145.0,579.0
146.0,683.0
147.0,644.0
148.0,559.0
149.0,463.0
150.0,459.0
151.0,499.0
152.0,484.0
153.0,502.0
154.0,516.0
155.0,464.0
156.0,482.0
157.0,578.0
158.0,616.0
159.0,674.0
160.0,705.0
161.0,635.0
162.0,561.0
163.0,559.0
164.0,522.0
165.0,391.0
166.0,343.0
167.0,434.0
168.0,507.0
169.0,588.0
170.0,697.0
171.0,815.0
172.0,790.0
173.0,738.0
174.0,755.0
175.0,612.0
176.0,516.0
177.0,598.0
178.0,721.0
179.0,806.0
180.0,861.0
181.0,891.0
182.0,767.0
183.0,593.0
184.0,547.0
185.0,621.0
186.0,736.0
187.0,853.0
188.0,963.0
189.0,751.0
190.0,554.0
191.0,533.0
192.0,584.0
193.0,709.0
194.0,795.0
195.0,682.0
196.0,542.0
197.0,517.0
198.0,528.0
199.0,610.0
200.0,732.0
201.0,740.0
202.0,594.0
203.0,506.0
204.0,570.0
205.0,638.0
206.0,737.0
207.0,977.0
208.0,1001.0
209.0,887.0
210.0,946.0
211.0,899.0
212.0,650.0
213.0,536.0
214.0,576.0
215.0,820.0
216.0,983.0
217.0,814.0
218.0,714.0
219.0,683.0
220.0,638.0
221.0,622.0
222.0,696.0
223.0,728.0
224.0,799.0
225.0,911.0
226.0,1040.0
227.0,1055.0
228.0,887.0
229.0,748.0
230.0,720.0
231.0,792.0
232.0,764.0
233.0,780.0
234.0,808.0
235.0,878.0
236.0,982.0
237.0,1141.0
238.0,1441.0
239.0,2127.0
240.0,2390.0
241.0,1621.0
242.0,913.0
243.0,842.0
244.0,890.0
245.0,931.0
246.0,1073.0
247.0,1117.0
248.0,1007.0
249.0,934.0
250.0,915.0
251.0,1103.0
252.0,1292.0
253.0,1198.0
254.0,1185.0
255.0,1077.0
256.0,941.0
257.0,885.0
258.0,908.0
259.0,975.0
260.0,1014.0
261.0,1156.0
262.0,1164.0
263.0,1051.0
264.0,947.0
265.0,986.0
266.0,1024.0
267.0,1365.0
268.0,1921.0
269.0,1787.0
270.0,1393.0
271.0,1262.0
272.0,1205.0
273.0,991.0
274.0,885.0
275.0,1040.0
276.0,1097.0
277.0,1032.0
278.0,1108.0
279.0,1416.0
280.0,1563.0
281.0,1352.0
282.0,1108.0
283.0,1007.0
284.0,1180.0
285.0,1284.0
286.0,1083.0
287.0,924.0
288.0,807.0
289.0,727.0
290.0,770.0
291.0,1004.0
292.0,1094.0
293.0,1086.0
294.0,1065.0
295.0,1253.0
296.0,1284.0
297.0,1196.0
298.0,936.0
299.0,825.0
300.0,861.0
301.0,930.0
302.0,864.0
303.0,859.0
304.0,964.0
305.0,957.0
306.0,971.0
307.0,1173.0
308.0,1376.0
309.0,1374.0
310.0,1226.0
311.0,1266.0
312.0,1598.0
313.0,1634.0
314.0,1263.0
315.0,1077.0
316.0,1642.0
317.0,2582.0
318.0,2553.0
319.0,1749.0
320.0,1511.0
321.0,1496.0
322.0,1420.0
323.0,1420.0
324.0,1250.0
325.0,950.0
326.0,822.0
327.0,917.0
328.0,1001.0
329.0,1108.0
330.0,1032.0
331.0,1049.0
332.0,1075.0
333.0,1052.0
334.0,989.0
335.0,999.0
336.0,1078.0
337.0,1435.0
338.0,1721.0
339.0,1540.0
340.0,1364.0
341.0,1242.0
342.0,1267.0
343.0,1410.0
344.0,1528.0
345.0,1605.0
346.0,1727.0
347.0,1718.0
348.0,1540.0
349.0,1263.0
350.0,1102.0
351.0,1362.0
352.0,1582.0
353.0,1474.0
354.0,1285.0
355.0,1338.0
356.0,1405.0
357.0,1289.0
358.0,1021.0
359.0,915.0
360.0,1177.0
361.0,1558.0
362.0,1814.0
363.0,1904.0
364.0,1832.0
365.0,1718.0
366.0,1614.0
367.0,1704.0
368.0,1761.0
369.0,1522.0
370.0,1387.0
371.0,1480.0
372.0,1412.0
373.0,1442.0
374.0,1393.0
375.0,1381.0
376.0,1643.0
377.0,1870.0
378.0,1738.0
379.0,1501.0
380.0,1404.0
381.0,1733.0
382.0,1887.0
383.0,1838.0
384.0,2033.0
385.0,3757.0
386.0,13279.0
387.0,29425.0
388.0,36707.0
389.0,27161.0
390.0,18943.0
391.0,23391.0
392.0,18846.0
393.0,8449.0
394.0,11260.0
395.0,21632.0
396.0,18066.0
397.0,6388.0
398.0,2919.0
399.0,6809.0
400.0,17514.0
401.0,22922.0
402.0,15651.0
403.0,9396.0
404.0,12404.0
405.0,12535.0
406.0,13271.0
407.0,24835.0
408.0,30152.0
409.0,19182.0
410.0,6461.0
411.0,2889.0
412.0,6462.0
413.0,18632.0
414.0,29296.0
415.0,30578.0
416.0,19512.0
417.0,6985.0
418.0,3767.0
419.0,9813.0
420.0,22268.0
421.0,20508.0
422.0,8439.0
423.0,8696.0
424.0,21295.0
425.0,23324.0
426.0,11231.0
427.0,10901.0
428.0,24902.0
429.0,24877.0
430.0,9904.0
431.0,2756.0
432.0,2232.0
433.0,4839.0
434.0,16932.0
435.0,30226.0
436.0,24001.0
437.0,19810.0
438.0,27143.0
439.0,19064.0
440.0,5550.0
441.0,2679.0
442.0,2572.0
443.0,2647.0
444.0,3096.0
445.0,5786.0
446.0,20477.0
447.0,46652.0
448.0,50649.0
449.0,24141.0
450.0,5478.0
451.0,4968.0
452.0,7939.0
453.0,6547.0
454.0,4020.0
455.0,3607.0
456.0,3532.0
457.0,3011.0
458.0,7885.0
459.0,33468.0
460.0,60202.0
461.0,44222.0
462.0,11853.0
463.0,2909.0
464.0,2300.0
465.0,2433.0
466.0,2282.0
467.0,1956.0
468.0,1984.0
469.0,2214.0
470.0,2609.0
471.0,4840.0
472.0,18771.0
473.0,40838.0
474.0,45421.0
475.0,34544.0
476.0,16934.0
477.0,4747.0
478.0,2830.0
479.0,2868.0
480.0,2515.0
481.0,2505.0
482.0,2563.0
483.0,2455.0
484.0,2415.0
485.0,3175.0
486.0,10117.0
487.0,30399.0
488.0,36013.0
489.0,23421.0
490.0,25565.0
491.0,28207.0
492.0,13514.0
493.0,3497.0
494.0,2236.0
495.0,2550.0
496.0,2811.0
497.0,2574.0
498.0,2357.0
499.0,2285.0
500.0,2278.0
501.0,3650.0
502.0,13470.0
503.0,32981.0
504.0,31880.0
505.0,12008.0
506.0,10106.0
507.0,23188.0
508.0,27486.0
509.0,14757.0
510.0,4343.0
511.0,2336.0
512.0,2476.0
513.0,3054.0
514.0,2846.0
515.0,2390.0
516.0,2374.0
517.0,2459.0
518.0,3624.0
519.0,12202.0
520.0,31181.0
521.0,31796.0
522.0,12102.0
523.0,4176.0
524.0,7976.0
525.0,18865.0
526.0,26294.0
527.0,18679.0
528.0,6782.0
529.0,2739.0
530.0,2647.0
531.0,2575.0
532.0,2390.0
533.0,2300.0
534.0,2102.0
535.0,2019.0
536.0,2601.0
537.0,7619.0
538.0,24398.0
539.0,33294.0
540.0,17576.0
541.0,4241.0
542.0,2825.0
543.0,3580.0
544.0,9522.0
545.0,20406.0
546.0,22625.0
547.0,13086.0
548.0,4617.0
549.0,2427.0
550.0,2455.0
551.0,2373.0
552.0,2182.0
553.0,1981.0
554.0,1815.0
555.0,1907.0
556.0,3203.0
557.0,11911.0
558.0,29112.0
559.0,25994.0
560.0,9412.0
561.0,3032.0
562.0,2068.0
563.0,1817.0
564.0,3506.0
565.0,11480.0
566.0,19770.0
567.0,19441.0
568.0,11201.0
569.0,4273.0
570.0,2667.0
571.0,2574.0
572.0,2076.0
573.0,1572.0
574.0,1284.0
575.0,1439.0
576.0,2068.0
577.0,4302.0
578.0,14183.0
579.0,27993.0
580.0,21350.0
581.0,6283.0
582.0,2602.0
583.0,2391.0
584.0,2245.0
585.0,1969.0
586.0,3388.0
587.0,10227.0
588.0,18224.0
589.0,19114.0
590.0,13841.0
591.0,6375.0
592.0,3009.0
593.0,4096.0
594.0,4819.0
595.0,4466.0
596.0,3896.0
597.0,3388.0
598.0,3007.0
599.0,3942.0
600.0,12261.0
601.0,25535.0
602.0,21096.0
603.0,6774.0
604.0,2538.0
605.0,2693.0
606.0,3149.0
607.0,3150.0
608.0,3430.0
609.0,4349.0
610.0,9855.0
611.0,18927.0
612.0,17052.0
613.0,11325.0
614.0,8978.0
615.0,4952.0
616.0,2754.0
617.0,2384.0
618.0,2291.0
619.0,2194.0
620.0,2019.0
621.0,1887.0
622.0,2182.0
623.0,6521.0
624.0,18809.0
625.0,21163.0
626.0,9018.0
627.0,2547.0
628.0,2005.0
629.0,2105.0
630.0,2068.0
631.0,2054.0
632.0,2007.0
633.0,2304.0
634.0,4324.0
635.0,10489.0
636.0,13355.0
637.0,7649.0
638.0,5492.0
639.0,7230.0
640.0,5225.0
641.0,2590.0
642.0,1876.0
643.0,1635.0
644.0,1533.0
645.0,1777.0
646.0,2181.0
647.0,3523.0
648.0,10453.0
649.0,19789.0
650.0,15031.0
651.0,4385.0
652.0,1978.0
653.0,2208.0
654.0,2354.0
655.0,2249.0
656.0,2203.0
657.0,2026.0
658.0,1859.0
659.0,2281.0
660.0,5158.0
661.0,10951.0
662.0,10640.0
663.0,5062.0
664.0,2550.0
665.0,1808.0
666.0,1475.0
667.0,2227.0
668.0,4077.0
669.0,4465.0
670.0,2713.0
671.0,1756.0
672.0,1752.0
673.0,3336.0
674.0,10985.0
675.0,16679.0
676.0,9820.0
677.0,2913.0
678.0,2547.0
679.0,3100.0
680.0,2628.0
681.0,2047.0
682.0,2264.0
683.0,2630.0
684.0,2682.0
685.0,2420.0
686.0,3052.0
687.0,7233.0
688.0,12439.0
689.0,9534.0
690.0,3403.0
691.0,1393.0
692.0,1318.0
693.0,1340.0
694.0,1475.0
695.0,1543.0
696.0,1445.0
697.0,1404.0
698.0,1704.0
699.0,2218.0
700.0,3892.0
701.0,9977.0
702.0,14104.0
703.0,7840.0
704.0,2217.0
705.0,1606.0
706.0,1787.0
707.0,1890.0
708.0,1836.0
709.0,1746.0
710.0,1621.0
711.0,1484.0
712.0,1389.0
713.0,1279.0
714.0,1800.0
715.0,6171.0
716.0,14871.0
717.0,16568.0
718.0,8518.0
719.0,3383.0
720.0,2071.0
721.0,1810.0
722.0,1677.0
723.0,1729.0
724.0,1976.0
725.0,2016.0
726.0,1913.0
727.0,1912.0
728.0,2670.0
729.0,6948.0
730.0,11075.0
731.0,7572.0
732.0,2338.0
733.0,1194.0
734.0,1301.0
735.0,1408.0
736.0,2300.0
737.0,7043.0
738.0,11500.0
739.0,7534.0
740.0,2402.0
741.0,1687.0
742.0,1593.0
743.0,1498.0
744.0,2234.0
745.0,5760.0
746.0,7758.0
747.0,5858.0
748.0,3312.0
749.0,2097.0
750.0,1922.0
751.0,1906.0
752.0,1757.0
753.0,1562.0
754.0,1411.0
755.0,1407.0
756.0,1434.0
757.0,1740.0
758.0,3834.0
759.0,7860.0
760.0,7198.0
761.0,2873.0
762.0,1247.0
763.0,1136.0
764.0,1286.0
765.0,1386.0
766.0,1243.0
767.0,1287.0
768.0,1483.0
769.0,1543.0
770.0,1365.0
771.0,1202.0
772.0,1156.0
773.0,1142.0
774.0,1431.0
775.0,3313.0
776.0,5787.0
777.0,4640.0
778.0,2840.0
779.0,2293.0
780.0,1612.0
781.0,1422.0
782.0,1431.0
783.0,1292.0
784.0,1056.0
785.0,916.0
786.0,957.0
787.0,1145.0
788.0,1800.0
789.0,4459.0
790.0,6683.0
791.0,4351.0
792.0,1724.0
793.0,1234.0
794.0,1307.0
795.0,1258.0
796.0,1063.0
797.0,834.0
798.0,778.0
799.0,1028.0
800.0,1319.0
801.0,1352.0
802.0,1170.0
803.0,990.0
804.0,819.0
805.0,737.0
806.0,1374.0
807.0,3542.0
808.0,4644.0
809.0,2648.0
810.0,1710.0
811.0,1802.0
812.0,1507.0
813.0,1372.0
814.0,1227.0
815.0,1374.0
816.0,1541.0
817.0,1496.0
818.0,1443.0
819.0,1451.0
820.0,1711.0
821.0,3549.0
822.0,4764.0
823.0,2880.0
824.0,1336.0
825.0,1276.0
826.0,1221.0
827.0,1085.0
828.0,1051.0
829.0,1104.0
830.0,1026.0
831.0,838.0
832.0,784.0
833.0,902.0
834.0,1069.0
835.0,1443.0
836.0,2080.0
837.0,1919.0
838.0,1299.0
839.0,1708.0
840.0,3249.0
841.0,3348.0
842.0,2039.0
843.0,1219.0
844.0,1203.0
845.0,1156.0
846.0,886.0
847.0,824.0
848.0,863.0
849.0,731.0
850.0,644.0
851.0,703.0
852.0,795.0
853.0,979.0
854.0,1970.0
855.0,3117.0
856.0,2042.0
857.0,880.0
858.0,739.0
859.0,774.0
860.0,835.0
861.0,841.0
862.0,898.0
863.0,821.0
864.0,622.0
865.0,494.0
866.0,604.0
867.0,870.0
868.0,964.0
869.0,942.0
870.0,820.0
871.0,630.0
872.0,586.0
873.0,1058.0
874.0,2174.0
875.0,2097.0
876.0,1107.0
877.0,665.0
878.0,600.0
879.0,577.0
880.0,520.0
881.0,564.0
882.0,724.0
883.0,806.0
884.0,762.0
885.0,676.0
886.0,668.0
887.0,623.0
888.0,709.0
889.0,1385.0
890.0,1966.0
891.0,1365.0
892.0,666.0
893.0,555.0
894.0,597.0
895.0,608.0
896.0,708.0
897.0,778.0
898.0,620.0
899.0,488.0
900.0,622.0
901.0,755.0
902.0,787.0
903.0,637.0
904.0,490.0
905.0,486.0
906.0,517.0
907.0,519.0
908.0,638.0
909.0,1275.0
910.0,1405.0
911.0,754.0
912.0,501.0
913.0,587.0
914.0,501.0
915.0,363.0
916.0,355.0
917.0,363.0
918.0,381.0
919.0,446.0
920.0,512.0
921.0,473.0
922.0,358.0
923.0,349.0
924.0,430.0
925.0,559.0
926.0,496.0
927.0,452.0
928.0,692.0
929.0,994.0
930.0,730.0
931.0,406.0
932.0,387.0
933.0,335.0
934.0,319.0
935.0,301.0
936.0,330.0
937.0,385.0
938.0,409.0
939.0,311.0
940.0,243.0
941.0,234.0
942.0,290.0
943.0,385.0
944.0,429.0
945.0,563.0
946.0,853.0
947.0,803.0
948.0,477.0
949.0,345.0
950.0,319.0
951.0,457.0
952.0,724.0
953.0,688.0
954.0,445.0
955.0,358.0
956.0,335.0
957.0,293.0
958.0,243.0
959.0,238.0
960.0,245.0
961.0,263.0
962.0,279.0
963.0,251.0
964.0,258.0
965.0,306.0
966.0,297.0
967.0,269.0
968.0,309.0
969.0,398.0
970.0,369.0
971.0,271.0
972.0,232.0
973.0,238.0
974.0,251.0
975.0,240.0
976.0,241.0
977.0,223.0
978.0,217.0
979.0,172.0
980.0,152.0
981.0,194.0
982.0,233.0
983.0,304.0
984.0,314.0
985.0,380.0
986.0,444.0
987.0,460.0
988.0,323.0
989.0,250.0
990.0,241.0
991.0,284.0
992.0,337.0
993.0,324.0
994.0,251.0
995.0,190.0
996.0,180.0
997.0,173.0
998.0,171.0
999.0,162.0
1000.0,158.0
1001.0,140.0
1002.0,152.0
1003.0,162.0
1004.0,191.0
1005.0,216.0
1006.0,183.0
1007.0,177.0
1008.0,208.0
1009.0,216.0
1010.0,207.0
1011.0,147.0
1012.0,157.0
1013.0,164.0
1014.0,167.0
1015.0,170.0
1016.0,233.0
1017.0,293.0
1018.0,265.0
1019.0,202.0
1020.0,158.0
1021.0,146.0
1022.0,156.0
1023.0,164.0
