0.0,102.0
1.0,191.0
2.0,187.0
3.0,158.0
4.0,166.0
5.0,121.0
6.0,151.0
7.0,148.0
8.0,179.0
9.0,174.0
10.0,161.0
11.0,172.0
12.0,203.0
13.0,222.0
14.0,188.0
15.0,181.0
16.0,211.0
17.0,222.0
18.0,208.0
19.0,191.0
20.0,236.0
21.0,198.0
22.0,185.0
23.0,151.0
24.0,151.0
25.0,170.0
26.0,180.0
27.0,248.0
28.0,287.0
29.0,284.0
30.0,239.0
31.0,286.0
32.0,345.0
33.0,329.0
34.0,269.0
35.0,250.0
36.0,250.0
37.0,234.0
38.0,228.0
39.0,258.0
40.0,242.0
41.0,284.0
42.0,297.0
43.0,250.0
44.0,242.0
45.0,304.0
46.0,386.0
47.0,349.0
48.0,309.0
49.0,336.0
50.0,331.0
51.0,410.0
52.0,490.0
53.0,451.0
54.0,685.0
55.0,947.0
56.0,671.0
57.0,405.0
58.0,420.0
59.0,419.0
60.0,285.0
61.0,238.0
62.0,279.0
63.0,327.0
64.0,292.0
65.0,336.0
66.0,363.0
67.0,352.0
68.0,354.0
69.0,386.0
70.0,417.0
71.0,367.0
72.0,308.0
73.0,319.0
74.0,286.0
75.0,283.0
76.0,347.0
77.0,481.0
78.0,454.0
79.0,441.0
80.0,581.0
81.0,504.0
82.0,424.0
83.0,350.0
84.0,325.0
85.0,388.0
86.0,440.0
87.0,496.0
88.0,527.0
89.0,509.0
90.0,545.0
91.0,623.0
92.0,542.0
93.0,391.0
94.0,382.0
95.0,417.0
96.0,462.0
97.0,422.0
98.0,417.0
99.0,514.0
100.0,612.0
101.0,673.0
102.0,602.0
103.0,514.0
104.0,450.0
105.0,460.0
106.0,461.0
107.0,463.0
108.0,406.0
109.0,424.0
110.0,543.0
111.0,597.0
112.0,597.0
113.0,642.0
114.0,512.0
115.0,399.0
116.0,335.0
117.0,405.0
118.0,511.0
119.0,543.0
120.0,499.0
121.0,449.0
122.0,412.0
123.0,473.0
124.0,530.0
125.0,625.0
126.0,683.0
127.0,649.0
128.0,569.0
129.0,466.0
130.0,478.0
131.0,556.0
132.0,585.0
133.0,530.0
134.0,511.0
135.0,569.0
136.0,595.0
137.0,617.0
138.0,589.0
139.0,576.0
140.0,601.0
141.0,687.0
142.0,749.0
143.0,804.0
144.0,781.0
145.0,630.0
146.0,544.0
147.0,536.0
148.0,490.0
149.0,435.0
150.0,406.0
151.0,478.0
152.0,581.0
153.0,584.0
154.0,630.0
155.0,705.0
156.0,667.0
157.0,569.0
158.0,484.0
159.0,440.0
160.0,533.0
161.0,584.0
162.0,623.0
163.0,672.0
164.0,568.0
165.0,644.0
166.0,766.0
167.0,642.0
168.0,496.0
169.0,641.0
170.0,725.0
171.0,652.0
172.0,563.0
173.0,567.0
174.0,760.0
175.0,869.0
176.0,808.0
177.0,775.0
178.0,823.0
179.0,860.0
180.0,800.0
181.0,654.0
182.0,607.0
183.0,666.0
184.0,678.0
185.0,611.0
186.0,574.0
187.0,637.0
188.0,790.0
189.0,907.0
190.0,907.0
191.0,734.0
192.0,922.0
193.0,1007.0
194.0,956.0
195.0,889.0
196.0,849.0
197.0,825.0
198.0,783.0
199.0,758.0
200.0,762.0
201.0,658.0
202.0,618.0
203.0,797.0
204.0,817.0
205.0,656.0
206.0,554.0
207.0,649.0
208.0,775.0
209.0,687.0
210.0,581.0
211.0,563.0
212.0,604.0
213.0,671.0
214.0,721.0
215.0,613.0
216.0,606.0
217.0,613.0
218.0,727.0
219.0,815.0
220.0,870.0
221.0,757.0
222.0,672.0
223.0,624.0
224.0,653.0
225.0,718.0
226.0,846.0
227.0,934.0
228.0,914.0
229.0,722.0
230.0,658.0
231.0,852.0
232.0,1061.0
233.0,966.0
234.0,895.0
235.0,880.0
236.0,842.0
237.0,772.0
238.0,675.0
239.0,685.0
240.0,872.0
241.0,1077.0
242.0,1146.0
243.0,1096.0
244.0,992.0
245.0,857.0
246.0,672.0
247.0,584.0
248.0,578.0
249.0,803.0
250.0,1120.0
251.0,1201.0
252.0,939.0
253.0,784.0
254.0,784.0
255.0,913.0
256.0,993.0
257.0,975.0
258.0,908.0
259.0,924.0
260.0,983.0
261.0,1014.0
262.0,982.0
263.0,949.0
264.0,970.0
265.0,1084.0
266.0,965.0
267.0,754.0
268.0,794.0
269.0,901.0
270.0,979.0
271.0,1064.0
272.0,1048.0
273.0,997.0
274.0,1054.0
275.0,1095.0
276.0,1074.0
277.0,1042.0
278.0,1102.0
279.0,1213.0
280.0,1053.0
281.0,943.0
282.0,1024.0
283.0,1265.0
284.0,1623.0
285.0,1880.0
286.0,2109.0
287.0,7046.0
288.0,21294.0
289.0,22815.0
290.0,9287.0
291.0,2150.0
292.0,1284.0
293.0,1049.0
294.0,937.0
295.0,873.0
296.0,976.0
297.0,1058.0
298.0,1018.0
299.0,1056.0
300.0,1013.0
301.0,907.0
302.0,988.0
303.0,1311.0
304.0,1535.0
305.0,1399.0
306.0,1231.0
307.0,1133.0
308.0,1164.0
309.0,1126.0
310.0,1215.0
311.0,1448.0
312.0,1291.0
313.0,1121.0
314.0,1012.0
315.0,945.0
316.0,980.0
317.0,1205.0
318.0,1347.0
319.0,1490.0
320.0,1626.0
321.0,1477.0
322.0,1172.0
323.0,941.0
324.0,978.0
325.0,1097.0
326.0,1124.0
327.0,1095.0
328.0,1249.0
329.0,1370.0
330.0,1415.0
331.0,1654.0
332.0,1864.0
333.0,1587.0
334.0,1143.0
335.0,1106.0
336.0,1268.0
337.0,1372.0
338.0,1952.0
339.0,6536.0
340.0,12701.0
341.0,10035.0
342.0,3401.0
343.0,1664.0
344.0,1493.0
345.0,1289.0
346.0,1272.0
347.0,1641.0
348.0,1763.0
349.0,1554.0
350.0,1692.0
351.0,1790.0
352.0,1398.0
353.0,1022.0
354.0,1040.0
355.0,1252.0
356.0,1410.0
357.0,1299.0
358.0,1343.0
359.0,1293.0
360.0,1244.0
361.0,1270.0
362.0,1319.0
363.0,1310.0
364.0,1465.0
365.0,1678.0
366.0,2020.0
367.0,1974.0
368.0,1469.0
369.0,1202.0
370.0,1227.0
371.0,1413.0
372.0,1468.0
373.0,1387.0
374.0,1371.0
375.0,1516.0
376.0,1659.0
377.0,1411.0
378.0,1243.0
379.0,1478.0
380.0,1617.0
381.0,1716.0
382.0,1524.0
383.0,1316.0
384.0,1443.0
385.0,1461.0
386.0,1421.0
387.0,1366.0
388.0,1199.0
389.0,1264.0
390.0,1370.0
391.0,1515.0
392.0,1904.0
393.0,2115.0
394.0,1988.0
395.0,2073.0
396.0,1987.0
397.0,1790.0
398.0,1616.0
399.0,1478.0
400.0,1472.0
401.0,1712.0
402.0,2012.0
403.0,2009.0
404.0,1591.0
405.0,1496.0
406.0,1847.0
407.0,2046.0
408.0,1746.0
409.0,1417.0
410.0,1596.0
411.0,1828.0
412.0,1567.0
413.0,1148.0
414.0,1082.0
415.0,1210.0
416.0,1484.0
417.0,1828.0
418.0,1693.0
419.0,1822.0
420.0,2304.0
421.0,2711.0
422.0,2544.0
423.0,1955.0
424.0,1650.0
425.0,1736.0
426.0,1766.0
427.0,1515.0
428.0,1346.0
429.0,1133.0
430.0,893.0
431.0,870.0
432.0,1040.0
433.0,1554.0
434.0,2085.0
435.0,1918.0
436.0,1541.0
437.0,1445.0
438.0,1446.0
439.0,1616.0
440.0,1785.0
441.0,1887.0
442.0,1910.0
443.0,1764.0
444.0,1561.0
445.0,1558.0
446.0,1529.0
447.0,1516.0
448.0,1674.0
449.0,2036.0
450.0,2149.0
451.0,1784.0
452.0,1576.0
453.0,1505.0
454.0,1452.0
455.0,1474.0
456.0,1439.0
457.0,1376.0
458.0,1478.0
459.0,1581.0
460.0,1471.0
461.0,1399.0
462.0,1603.0
463.0,1795.0
464.0,1830.0
465.0,1933.0
466.0,2020.0
467.0,2008.0
468.0,1799.0
469.0,1745.0
470.0,1734.0
471.0,1634.0
472.0,1566.0
473.0,1459.0
474.0,1415.0
475.0,1364.0
476.0,1387.0
477.0,1551.0
478.0,1525.0
479.0,1505.0
480.0,1288.0
481.0,1321.0
482.0,1593.0
483.0,1701.0
484.0,1747.0
485.0,1475.0
486.0,1352.0
487.0,1651.0
488.0,2044.0
489.0,2014.0
490.0,1887.0
491.0,1658.0
492.0,1443.0
493.0,1330.0
494.0,1312.0
495.0,1249.0
496.0,1186.0
497.0,1274.0
498.0,1350.0
499.0,1301.0
500.0,1462.0
501.0,1895.0
502.0,2162.0
503.0,2025.0
504.0,1820.0
505.0,1703.0
506.0,1619.0
507.0,1553.0
508.0,1563.0
509.0,1704.0
510.0,1797.0
511.0,1908.0
512.0,1806.0
513.0,1529.0
514.0,1266.0
515.0,1243.0
516.0,1443.0
517.0,1582.0
518.0,1721.0
519.0,1939.0
520.0,1941.0
521.0,1853.0
522.0,1626.0
523.0,1411.0
524.0,1390.0
525.0,1547.0
526.0,1656.0
527.0,1597.0
528.0,1569.0
529.0,1345.0
530.0,1274.0
531.0,1325.0
532.0,1439.0
533.0,1738.0
534.0,1924.0
535.0,2199.0
536.0,2344.0
537.0,2685.0
538.0,2400.0
539.0,1880.0
540.0,2059.0
541.0,2035.0
542.0,1420.0
543.0,1176.0
544.0,1200.0
545.0,1302.0
546.0,1289.0
547.0,1278.0
548.0,1511.0
549.0,1712.0
550.0,1887.0
551.0,1850.0
552.0,1525.0
553.0,1132.0
554.0,1085.0
555.0,1215.0
556.0,1210.0
557.0,1395.0
558.0,1500.0
559.0,1589.0
560.0,1633.0
561.0,1421.0
562.0,1310.0
563.0,1419.0
564.0,1488.0
565.0,1530.0
566.0,1518.0
567.0,1483.0
568.0,1690.0
569.0,1783.0
570.0,1768.0
571.0,1816.0
572.0,2040.0
573.0,1983.0
574.0,1635.0
575.0,1208.0
576.0,1250.0
577.0,1890.0
578.0,3505.0
579.0,4636.0
580.0,4035.0
581.0,3874.0
582.0,6287.0
583.0,7161.0
584.0,4276.0
585.0,2422.0
586.0,2698.0
587.0,2256.0
588.0,1490.0
589.0,1532.0
590.0,2391.0
591.0,3172.0
592.0,3305.0
593.0,2795.0
594.0,2255.0
595.0,1762.0
596.0,2069.0
597.0,3156.0
598.0,3856.0
599.0,2904.0
600.0,1624.0
601.0,1417.0
602.0,2164.0
603.0,3203.0
604.0,2955.0
605.0,2133.0
606.0,2736.0
607.0,3097.0
608.0,2147.0
609.0,2118.0
610.0,3321.0
611.0,3379.0
612.0,2257.0
613.0,1782.0
614.0,1594.0
615.0,1614.0
616.0,2637.0
617.0,2975.0
618.0,2610.0
619.0,3154.0
620.0,2629.0
621.0,1682.0
622.0,1966.0
623.0,2028.0
624.0,1809.0
625.0,1767.0
626.0,3167.0
627.0,17073.0
628.0,53837.0
629.0,57361.0
630.0,20719.0
631.0,3178.0
632.0,1528.0
633.0,1860.0
634.0,2321.0
635.0,1915.0
636.0,1466.0
637.0,1459.0
638.0,1676.0
639.0,2379.0
640.0,4242.0
641.0,5319.0
642.0,3472.0
643.0,1756.0
644.0,1254.0
645.0,1161.0
646.0,1214.0
647.0,1740.0
648.0,1899.0
649.0,1512.0
650.0,1638.0
651.0,1837.0
652.0,1970.0
653.0,2972.0
654.0,4713.0
655.0,3952.0
656.0,2027.0
657.0,1262.0
658.0,1244.0
659.0,1589.0
660.0,1650.0
661.0,1803.0
662.0,2415.0
663.0,2381.0
664.0,1677.0
665.0,1352.0
666.0,1570.0
667.0,2148.0
668.0,3268.0
669.0,3689.0
670.0,3047.0
671.0,2224.0
672.0,1501.0
673.0,1354.0
674.0,1268.0
675.0,1091.0
676.0,993.0
677.0,1121.0
678.0,1651.0
679.0,1804.0
680.0,1424.0
681.0,1415.0
682.0,1743.0
683.0,2055.0
684.0,2892.0
685.0,2585.0
686.0,2026.0
687.0,2480.0
688.0,1952.0
689.0,1408.0
690.0,1515.0
691.0,1263.0
692.0,1255.0
693.0,1461.0
694.0,1192.0
695.0,1195.0
696.0,1734.0
697.0,1597.0
698.0,1072.0
699.0,1078.0
700.0,1394.0
701.0,2695.0
702.0,2963.0
703.0,1836.0
704.0,1492.0
705.0,1960.0
706.0,1789.0
707.0,1165.0
708.0,959.0
709.0,1071.0
710.0,1194.0
711.0,1204.0
712.0,1193.0
713.0,1036.0
714.0,1182.0
715.0,1869.0
716.0,1968.0
717.0,1330.0
718.0,985.0
719.0,1510.0
720.0,2614.0
721.0,2494.0
722.0,1465.0
723.0,1088.0
724.0,1206.0
725.0,1788.0
726.0,1813.0
727.0,1318.0
728.0,1108.0
729.0,1053.0
730.0,1065.0
731.0,1135.0
732.0,1182.0
733.0,1238.0
734.0,1247.0
735.0,1376.0
736.0,1319.0
737.0,1040.0
738.0,1099.0
739.0,1861.0
740.0,2574.0
741.0,1977.0
742.0,1044.0
743.0,965.0
744.0,945.0
745.0,987.0
746.0,1282.0
747.0,1448.0
748.0,1383.0
749.0,1231.0
750.0,1054.0
751.0,1096.0
752.0,984.0
753.0,902.0
754.0,873.0
755.0,867.0
756.0,1024.0
757.0,1418.0
758.0,1378.0
759.0,1136.0
760.0,1345.0
761.0,2312.0
762.0,2453.0
763.0,1303.0
764.0,710.0
765.0,807.0
766.0,882.0
767.0,935.0
768.0,1083.0
769.0,1545.0
770.0,1864.0
771.0,1791.0
772.0,1219.0
773.0,951.0
774.0,844.0
775.0,886.0
776.0,977.0
777.0,947.0
778.0,937.0
779.0,851.0
780.0,1105.0
781.0,1275.0
782.0,974.0
783.0,1085.0
784.0,1811.0
785.0,1709.0
786.0,933.0
787.0,762.0
788.0,865.0
789.0,844.0
790.0,860.0
791.0,879.0
792.0,1275.0
793.0,1340.0
794.0,870.0
795.0,528.0
796.0,539.0
797.0,699.0
798.0,899.0
799.0,785.0
800.0,644.0
801.0,687.0
802.0,783.0
803.0,891.0
804.0,1258.0
805.0,1488.0
806.0,1165.0
807.0,907.0
808.0,1185.0
809.0,1293.0
810.0,973.0
811.0,915.0
812.0,804.0
813.0,665.0
814.0,683.0
815.0,754.0
816.0,764.0
817.0,776.0
818.0,909.0
819.0,899.0
820.0,726.0
821.0,726.0
822.0,723.0
823.0,726.0
824.0,639.0
825.0,635.0
826.0,596.0
827.0,599.0
828.0,554.0
829.0,588.0
830.0,805.0
831.0,1758.0
832.0,3941.0
833.0,4418.0
834.0,2376.0
835.0,1076.0
836.0,605.0
837.0,480.0
838.0,584.0
839.0,924.0
840.0,1202.0
841.0,976.0
842.0,704.0
843.0,710.0
844.0,836.0
845.0,921.0
846.0,711.0
847.0,614.0
848.0,559.0
849.0,503.0
850.0,474.0
851.0,540.0
852.0,620.0
853.0,654.0
854.0,556.0
855.0,452.0
856.0,485.0
857.0,708.0
858.0,842.0
859.0,694.0
860.0,726.0
861.0,926.0
862.0,719.0
863.0,513.0
864.0,421.0
865.0,436.0
866.0,493.0
867.0,537.0
868.0,453.0
869.0,432.0
870.0,411.0
871.0,450.0
872.0,617.0
873.0,737.0
874.0,546.0
875.0,504.0
876.0,516.0
877.0,510.0
878.0,405.0
879.0,339.0
880.0,424.0
881.0,476.0
882.0,385.0
883.0,464.0
884.0,533.0
885.0,464.0
886.0,559.0
887.0,564.0
888.0,543.0
889.0,704.0
890.0,621.0
891.0,442.0
892.0,365.0
893.0,309.0
894.0,329.0
895.0,350.0
896.0,324.0
897.0,328.0
898.0,386.0
899.0,489.0
900.0,454.0
901.0,423.0
902.0,435.0
903.0,347.0
904.0,320.0
905.0,338.0
906.0,347.0
907.0,334.0
908.0,336.0
909.0,333.0
910.0,360.0
911.0,352.0
912.0,393.0
913.0,477.0
914.0,441.0
915.0,411.0
916.0,466.0
917.0,430.0
918.0,444.0
919.0,422.0
920.0,333.0
921.0,331.0
922.0,325.0
923.0,270.0
924.0,209.0
925.0,198.0
926.0,222.0
927.0,227.0
928.0,280.0
929.0,340.0
930.0,342.0
931.0,303.0
932.0,296.0
933.0,280.0
934.0,254.0
935.0,281.0
936.0,287.0
937.0,335.0
938.0,270.0
939.0,241.0
940.0,237.0
941.0,257.0
942.0,276.0
943.0,265.0
944.0,260.0
945.0,240.0
946.0,230.0
947.0,256.0
948.0,305.0
949.0,323.0
950.0,300.0
951.0,246.0
952.0,239.0
953.0,204.0
954.0,174.0
955.0,176.0
956.0,182.0
957.0,200.0
958.0,213.0
959.0,219.0
960.0,206.0
961.0,202.0
962.0,188.0
963.0,179.0
964.0,191.0
965.0,187.0
966.0,183.0
967.0,169.0
968.0,164.0
969.0,196.0
970.0,182.0
971.0,196.0
972.0,197.0
973.0,187.0
974.0,161.0
975.0,150.0
976.0,154.0
977.0,141.0
978.0,140.0
979.0,187.0
980.0,178.0
981.0,166.0
982.0,164.0
983.0,146.0
984.0,129.0
985.0,140.0
986.0,141.0
987.0,130.0
988.0,125.0
989.0,118.0
990.0,115.0
991.0,119.0
992.0,118.0
993.0,122.0
994.0,111.0
995.0,96.0
996.0,89.0
997.0,107.0
998.0,120.0
999.0,130.0
1000.0,129.0
1001.0,122.0
1002.0,110.0
1003.0,103.0
1004.0,108.0
1005.0,111.0
1006.0,94.0
1007.0,106.0
1008.0,90.0
1009.0,90.0
1010.0,115.0
1011.0,130.0
1012.0,191.0
1013.0,180.0
1014.0,127.0
1015.0,117.0
1016.0,101.0
1017.0,106.0
1018.0,62.0
1019.0,76.0
1020.0,82.0
1021.0,77.0
1022.0,82.0
1023.0,87.0
