0.0,17.0
1.0,3.0
2.0,11.0
3.0,23.0
4.0,18.0
5.0,33.0
6.0,37.0
7.0,21.0
8.0,21.0
9.0,29.0
10.0,25.0
11.0,26.0
12.0,20.0
13.0,26.0
14.0,27.0
15.0,15.0
16.0,35.0
17.0,29.0
18.0,25.0
19.0,19.0
20.0,25.0
21.0,31.0
22.0,32.0
23.0,38.0
24.0,37.0
25.0,37.0
26.0,32.0
27.0,27.0
28.0,30.0
29.0,40.0
30.0,17.0
31.0,21.0
32.0,34.0
33.0,21.0
34.0,46.0
35.0,40.0
36.0,35.0
37.0,28.0
38.0,40.0
39.0,37.0
40.0,45.0
41.0,47.0
42.0,58.0
43.0,47.0
44.0,58.0
45.0,45.0
46.0,40.0
47.0,38.0
48.0,57.0
49.0,51.0
50.0,53.0
51.0,40.0
52.0,46.0
53.0,40.0
54.0,53.0
55.0,43.0
56.0,67.0
57.0,50.0
58.0,45.0
59.0,44.0
60.0,44.0
61.0,47.0
62.0,51.0
63.0,51.0
64.0,55.0
65.0,46.0
66.0,78.0
67.0,70.0
68.0,80.0
69.0,74.0
70.0,79.0
71.0,74.0
72.0,61.0
73.0,44.0
74.0,71.0
75.0,63.0
76.0,58.0
77.0,60.0
78.0,67.0
79.0,72.0
80.0,66.0
81.0,58.0
82.0,56.0
83.0,67.0
84.0,81.0
85.0,85.0
86.0,96.0
87.0,84.0
88.0,66.0
89.0,78.0
90.0,77.0
91.0,84.0
92.0,88.0
93.0,83.0
94.0,78.0
95.0,67.0
96.0,95.0
97.0,96.0
98.0,103.0
99.0,120.0
100.0,88.0
101.0,89.0
102.0,81.0
103.0,74.0
104.0,90.0
105.0,91.0
106.0,106.0
107.0,89.0
108.0,72.0
109.0,86.0
110.0,116.0
111.0,112.0
112.0,92.0
113.0,102.0
114.0,92.0
115.0,90.0
116.0,92.0
117.0,85.0
118.0,81.0
119.0,94.0
120.0,95.0
121.0,106.0
122.0,107.0
123.0,86.0
124.0,114.0
125.0,121.0
126.0,139.0
127.0,142.0
128.0,355.0
129.0,657.0
130.0,565.0
131.0,287.0
132.0,136.0
133.0,115.0
134.0,120.0
135.0,120.0
136.0,122.0
137.0,101.0
138.0,110.0
139.0,161.0
140.0,186.0
141.0,157.0
142.0,114.0
143.0,107.0
144.0,107.0
145.0,111.0
146.0,136.0
147.0,145.0
148.0,139.0
149.0,121.0
150.0,133.0
151.0,166.0
152.0,161.0
153.0,162.0
154.0,153.0
155.0,143.0
156.0,106.0
157.0,116.0
158.0,123.0
159.0,131.0
160.0,111.0
161.0,134.0
162.0,133.0
163.0,146.0
164.0,156.0
165.0,180.0
166.0,181.0
167.0,183.0
168.0,169.0
169.0,149.0
170.0,140.0
171.0,165.0
172.0,181.0
173.0,186.0
174.0,148.0
175.0,196.0
176.0,204.0
177.0,166.0
178.0,139.0
179.0,141.0
180.0,182.0
181.0,160.0
182.0,142.0
183.0,160.0
184.0,216.0
185.0,187.0
186.0,162.0
187.0,159.0
188.0,154.0
189.0,186.0
190.0,197.0
191.0,183.0
192.0,153.0
193.0,144.0
194.0,200.0
195.0,424.0
196.0,740.0
197.0,615.0
198.0,345.0
199.0,519.0
200.0,889.0
201.0,821.0
202.0,359.0
203.0,225.0
204.0,178.0
205.0,173.0
206.0,178.0
207.0,150.0
208.0,143.0
209.0,154.0
210.0,161.0
211.0,203.0
212.0,296.0
213.0,323.0
214.0,224.0
215.0,194.0
216.0,262.0
217.0,309.0
218.0,279.0
219.0,197.0
220.0,235.0
221.0,299.0
222.0,331.0
223.0,271.0
224.0,220.0
225.0,224.0
226.0,241.0
227.0,245.0
228.0,251.0
229.0,261.0
230.0,236.0
231.0,263.0
232.0,256.0
233.0,268.0
234.0,276.0
235.0,234.0
236.0,176.0
237.0,193.0
238.0,197.0
239.0,226.0
240.0,249.0
241.0,315.0
242.0,403.0
243.0,360.0
244.0,234.0
245.0,209.0
246.0,189.0
247.0,192.0
248.0,236.0
249.0,269.0
250.0,235.0
251.0,190.0
252.0,213.0
253.0,308.0
254.0,328.0
255.0,257.0
256.0,235.0
257.0,227.0
258.0,258.0
259.0,328.0
260.0,344.0
261.0,374.0
262.0,399.0
263.0,294.0
264.0,230.0
265.0,266.0
266.0,271.0
267.0,257.0
268.0,263.0
269.0,287.0
270.0,304.0
271.0,314.0
272.0,379.0
273.0,342.0
274.0,299.0
275.0,256.0
276.0,238.0
277.0,251.0
278.0,313.0
279.0,374.0
280.0,444.0
281.0,413.0
282.0,352.0
283.0,308.0
284.0,279.0
285.0,289.0
286.0,397.0
287.0,431.0
288.0,416.0
289.0,425.0
290.0,483.0
291.0,391.0
292.0,275.0
293.0,263.0
294.0,271.0
295.0,270.0
296.0,370.0
297.0,441.0
298.0,421.0
299.0,310.0
300.0,257.0
301.0,235.0
302.0,254.0
303.0,253.0
304.0,282.0
305.0,445.0
306.0,576.0
307.0,549.0
308.0,369.0
309.0,282.0
310.0,272.0
311.0,422.0
312.0,683.0
313.0,696.0
314.0,437.0
315.0,295.0
316.0,279.0
317.0,264.0
318.0,298.0
319.0,380.0
320.0,490.0
321.0,535.0
322.0,471.0
323.0,395.0
324.0,384.0
325.0,379.0
326.0,474.0
327.0,527.0
328.0,443.0
329.0,400.0
330.0,456.0
331.0,492.0
332.0,585.0
333.0,1017.0
334.0,1287.0
335.0,921.0
336.0,591.0
337.0,578.0
338.0,538.0
339.0,569.0
340.0,522.0
341.0,431.0
342.0,362.0
343.0,342.0
344.0,354.0
345.0,381.0
346.0,499.0
347.0,528.0
348.0,455.0
349.0,401.0
350.0,535.0
351.0,746.0
352.0,745.0
353.0,553.0
354.0,528.0
355.0,545.0
356.0,497.0
357.0,551.0
358.0,586.0
359.0,606.0
360.0,603.0
361.0,692.0
362.0,749.0
363.0,652.0
364.0,505.0
365.0,455.0
366.0,494.0
367.0,601.0
368.0,657.0
369.0,698.0
370.0,865.0
371.0,1013.0
372.0,1059.0
373.0,3556.0
374.0,19836.0
375.0,41846.0
376.0,32294.0
377.0,7306.0
378.0,1230.0
379.0,899.0
380.0,719.0
381.0,733.0
382.0,670.0
383.0,637.0
384.0,772.0
385.0,858.0
386.0,720.0
387.0,471.0
388.0,469.0
389.0,557.0
390.0,681.0
391.0,794.0
392.0,924.0
393.0,1229.0
394.0,1160.0
395.0,831.0
396.0,611.0
397.0,734.0
398.0,856.0
399.0,743.0
400.0,699.0
401.0,682.0
402.0,611.0
403.0,473.0
404.0,444.0
405.0,567.0
406.0,715.0
407.0,635.0
408.0,527.0
409.0,470.0
410.0,552.0
411.0,650.0
412.0,608.0
413.0,500.0
414.0,620.0
415.0,1206.0
416.0,2248.0
417.0,2266.0
418.0,1206.0
419.0,754.0
420.0,788.0
421.0,738.0
422.0,572.0
423.0,415.0
424.0,398.0
425.0,417.0
426.0,516.0
427.0,574.0
428.0,492.0
429.0,497.0
430.0,507.0
431.0,433.0
432.0,446.0
433.0,466.0
434.0,510.0
435.0,616.0
436.0,633.0
437.0,533.0
438.0,568.0
439.0,690.0
440.0,704.0
441.0,524.0
442.0,417.0
443.0,408.0
444.0,387.0
445.0,510.0
446.0,575.0
447.0,538.0
448.0,465.0
449.0,449.0
450.0,541.0
451.0,683.0
452.0,1083.0
453.0,1709.0
454.0,2259.0
455.0,2416.0
456.0,2013.0
457.0,1369.0
458.0,1587.0
459.0,3562.0
460.0,4054.0
461.0,2521.0
462.0,1491.0
463.0,690.0
464.0,493.0
465.0,461.0
466.0,494.0
467.0,567.0
468.0,589.0
469.0,616.0
470.0,598.0
471.0,649.0
472.0,677.0
473.0,553.0
474.0,467.0
475.0,466.0
476.0,482.0
477.0,449.0
478.0,465.0
479.0,487.0
480.0,470.0
481.0,465.0
482.0,437.0
483.0,486.0
484.0,572.0
485.0,544.0
486.0,635.0
487.0,668.0
488.0,507.0
489.0,456.0
490.0,438.0
491.0,472.0
492.0,491.0
493.0,443.0
494.0,363.0
495.0,409.0
496.0,443.0
497.0,516.0
498.0,612.0
499.0,614.0
500.0,679.0
501.0,609.0
502.0,511.0
503.0,518.0
504.0,486.0
505.0,432.0
506.0,392.0
507.0,399.0
508.0,392.0
509.0,532.0
510.0,748.0
511.0,813.0
512.0,1373.0
513.0,5108.0
514.0,10352.0
515.0,7775.0
516.0,1772.0
517.0,472.0
518.0,434.0
519.0,438.0
520.0,476.0
521.0,597.0
522.0,700.0
523.0,726.0
524.0,640.0
525.0,455.0
526.0,400.0
527.0,446.0
528.0,434.0
529.0,407.0
530.0,398.0
531.0,468.0
532.0,577.0
533.0,599.0
534.0,616.0
535.0,492.0
536.0,422.0
537.0,402.0
538.0,395.0
539.0,441.0
540.0,577.0
541.0,696.0
542.0,739.0
543.0,594.0
544.0,468.0
545.0,424.0
546.0,400.0
547.0,380.0
548.0,473.0
549.0,630.0
550.0,656.0
551.0,514.0
552.0,393.0
553.0,402.0
554.0,456.0
555.0,578.0
556.0,664.0
557.0,574.0
558.0,437.0
559.0,423.0
560.0,455.0
561.0,567.0
562.0,578.0
563.0,449.0
564.0,352.0
565.0,390.0
566.0,468.0
567.0,515.0
568.0,471.0
569.0,466.0
570.0,451.0
571.0,446.0
572.0,496.0
573.0,488.0
574.0,430.0
575.0,476.0
576.0,616.0
577.0,555.0
578.0,401.0
579.0,353.0
580.0,396.0
581.0,402.0
582.0,370.0
583.0,363.0
584.0,389.0
585.0,395.0
586.0,387.0
587.0,349.0
588.0,381.0
589.0,402.0
590.0,390.0
591.0,359.0
592.0,417.0
593.0,459.0
594.0,414.0
595.0,358.0
596.0,317.0
597.0,298.0
598.0,304.0
599.0,352.0
600.0,353.0
601.0,323.0
602.0,314.0
603.0,299.0
604.0,278.0
605.0,311.0
606.0,284.0
607.0,311.0
608.0,320.0
609.0,320.0
610.0,328.0
611.0,288.0
612.0,278.0
613.0,286.0
614.0,254.0
615.0,263.0
616.0,340.0
617.0,386.0
618.0,371.0
619.0,346.0
620.0,275.0
621.0,268.0
622.0,295.0
623.0,277.0
624.0,261.0
625.0,281.0
626.0,305.0
627.0,350.0
628.0,347.0
629.0,324.0
630.0,277.0
631.0,287.0
632.0,278.0
633.0,273.0
634.0,275.0
635.0,290.0
636.0,336.0
637.0,293.0
638.0,257.0
639.0,263.0
640.0,295.0
641.0,326.0
642.0,278.0
643.0,255.0
644.0,322.0
645.0,334.0
646.0,312.0
647.0,269.0
648.0,276.0
649.0,269.0
650.0,302.0
651.0,288.0
652.0,296.0
653.0,306.0
654.0,288.0
655.0,260.0
656.0,292.0
657.0,290.0
658.0,274.0
659.0,259.0
660.0,238.0
661.0,266.0
662.0,280.0
663.0,265.0
664.0,277.0
665.0,281.0
666.0,305.0
667.0,284.0
668.0,264.0
669.0,233.0
670.0,255.0
671.0,273.0
672.0,257.0
673.0,279.0
674.0,248.0
675.0,252.0
676.0,294.0
677.0,296.0
678.0,313.0
679.0,353.0
680.0,926.0
681.0,3319.0
682.0,4204.0
683.0,1748.0
684.0,401.0
685.0,323.0
686.0,300.0
687.0,257.0
688.0,318.0
689.0,375.0
690.0,355.0
691.0,321.0
692.0,306.0
693.0,320.0
694.0,303.0
695.0,327.0
696.0,316.0
697.0,302.0
698.0,301.0
699.0,298.0
700.0,293.0
701.0,239.0
702.0,228.0
703.0,249.0
704.0,225.0
705.0,271.0
706.0,296.0
707.0,301.0
708.0,259.0
709.0,245.0
710.0,258.0
711.0,284.0
712.0,265.0
713.0,203.0
714.0,200.0
715.0,215.0
716.0,253.0
717.0,300.0
718.0,255.0
719.0,228.0
720.0,215.0
721.0,224.0
722.0,233.0
723.0,257.0
724.0,285.0
725.0,424.0
726.0,495.0
727.0,395.0
728.0,303.0
729.0,307.0
730.0,284.0
731.0,273.0
732.0,272.0
733.0,291.0
734.0,303.0
735.0,319.0
736.0,508.0
737.0,697.0
738.0,505.0
739.0,314.0
740.0,293.0
741.0,324.0
742.0,297.0
743.0,239.0
744.0,299.0
745.0,349.0
746.0,359.0
747.0,290.0
748.0,550.0
749.0,1608.0
750.0,2011.0
751.0,914.0
752.0,253.0
753.0,201.0
754.0,238.0
755.0,275.0
756.0,327.0
757.0,501.0
758.0,952.0
759.0,935.0
760.0,477.0
761.0,446.0
762.0,380.0
763.0,292.0
764.0,193.0
765.0,141.0
766.0,166.0
767.0,214.0
768.0,248.0
769.0,254.0
770.0,225.0
771.0,224.0
772.0,210.0
773.0,210.0
774.0,239.0
775.0,226.0
776.0,243.0
777.0,210.0
778.0,180.0
779.0,163.0
780.0,180.0
781.0,181.0
782.0,229.0
783.0,211.0
784.0,220.0
785.0,218.0
786.0,182.0
787.0,172.0
788.0,168.0
789.0,213.0
790.0,515.0
791.0,701.0
792.0,457.0
793.0,190.0
794.0,130.0
795.0,132.0
796.0,133.0
797.0,139.0
798.0,172.0
799.0,200.0
800.0,168.0
801.0,187.0
802.0,159.0
803.0,133.0
804.0,150.0
805.0,136.0
806.0,154.0
807.0,175.0
808.0,176.0
809.0,157.0
810.0,151.0
811.0,147.0
812.0,154.0
813.0,139.0
814.0,156.0
815.0,136.0
816.0,114.0
817.0,149.0
818.0,168.0
819.0,183.0
820.0,303.0
821.0,355.0
822.0,201.0
823.0,124.0
824.0,131.0
825.0,110.0
826.0,118.0
827.0,128.0
828.0,164.0
829.0,193.0
830.0,234.0
831.0,172.0
832.0,137.0
833.0,127.0
834.0,116.0
835.0,125.0
836.0,117.0
837.0,113.0
838.0,123.0
839.0,125.0
840.0,119.0
841.0,117.0
842.0,106.0
843.0,97.0
844.0,96.0
845.0,110.0
846.0,110.0
847.0,115.0
848.0,104.0
849.0,111.0
850.0,119.0
851.0,98.0
852.0,104.0
853.0,79.0
854.0,100.0
855.0,115.0
856.0,90.0
857.0,89.0
858.0,82.0
859.0,96.0
860.0,91.0
861.0,106.0
862.0,143.0
863.0,153.0
864.0,142.0
865.0,120.0
866.0,90.0
867.0,116.0
868.0,109.0
869.0,103.0
870.0,91.0
871.0,110.0
872.0,70.0
873.0,103.0
874.0,114.0
875.0,111.0
876.0,78.0
877.0,82.0
878.0,112.0
879.0,93.0
880.0,76.0
881.0,81.0
882.0,95.0
883.0,78.0
884.0,74.0
885.0,100.0
886.0,88.0
887.0,95.0
888.0,82.0
889.0,80.0
890.0,74.0
891.0,73.0
892.0,94.0
893.0,87.0
894.0,110.0
895.0,101.0
896.0,79.0
897.0,68.0
898.0,81.0
899.0,76.0
900.0,70.0
901.0,77.0
902.0,88.0
903.0,83.0
904.0,80.0
905.0,74.0
906.0,74.0
907.0,73.0
908.0,63.0
909.0,79.0
910.0,72.0
911.0,78.0
912.0,56.0
913.0,65.0
914.0,75.0
915.0,70.0
916.0,82.0
917.0,68.0
918.0,71.0
919.0,67.0
920.0,61.0
921.0,80.0
922.0,67.0
923.0,64.0
924.0,59.0
925.0,65.0
926.0,62.0
927.0,63.0
928.0,70.0
929.0,58.0
930.0,50.0
931.0,58.0
932.0,56.0
933.0,66.0
934.0,70.0
935.0,60.0
936.0,59.0
937.0,55.0
938.0,50.0
939.0,53.0
940.0,56.0
941.0,39.0
942.0,45.0
943.0,47.0
944.0,57.0
945.0,72.0
946.0,36.0
947.0,39.0
948.0,45.0
949.0,56.0
950.0,55.0
951.0,53.0
952.0,53.0
953.0,72.0
954.0,89.0
955.0,77.0
956.0,47.0
957.0,50.0
958.0,52.0
959.0,43.0
960.0,41.0
961.0,54.0
962.0,38.0
963.0,48.0
964.0,47.0
965.0,36.0
966.0,37.0
967.0,48.0
968.0,41.0
969.0,43.0
970.0,50.0
971.0,62.0
972.0,62.0
973.0,65.0
974.0,41.0
975.0,39.0
976.0,40.0
977.0,43.0
978.0,38.0
979.0,31.0
980.0,30.0
981.0,40.0
982.0,43.0
983.0,53.0
984.0,44.0
985.0,38.0
986.0,42.0
987.0,35.0
988.0,29.0
989.0,39.0
990.0,46.0
991.0,37.0
992.0,39.0
993.0,37.0
994.0,39.0
995.0,38.0
996.0,38.0
997.0,38.0
998.0,37.0
999.0,44.0
1000.0,50.0
1001.0,44.0
1002.0,29.0
1003.0,33.0
1004.0,31.0
1005.0,45.0
1006.0,40.0
1007.0,38.0
1008.0,34.0
1009.0,31.0
1010.0,40.0
1011.0,30.0
1012.0,50.0
1013.0,35.0
1014.0,30.0
1015.0,35.0
1016.0,42.0
1017.0,34.0
1018.0,43.0
1019.0,35.0
1020.0,21.0
1021.0,33.0
1022.0,40.0
1023.0,36.0
