0.0,19.0
1.0,17.0
2.0,17.0
3.0,35.0
4.0,24.0
5.0,15.0
6.0,29.0
7.0,16.0
8.0,27.0
9.0,21.0
10.0,20.0
11.0,9.0
12.0,23.0
13.0,27.0
14.0,20.0
15.0,30.0
16.0,24.0
17.0,29.0
18.0,21.0
19.0,23.0
20.0,24.0
21.0,31.0
22.0,21.0
23.0,23.0
24.0,17.0
25.0,40.0
26.0,28.0
27.0,21.0
28.0,16.0
29.0,38.0
30.0,35.0
31.0,27.0
32.0,34.0
33.0,37.0
34.0,36.0
35.0,37.0
36.0,40.0
37.0,26.0
38.0,42.0
39.0,36.0
40.0,44.0
41.0,41.0
42.0,41.0
43.0,45.0
44.0,45.0
45.0,47.0
46.0,42.0
47.0,40.0
48.0,37.0
49.0,51.0
50.0,61.0
51.0,47.0
52.0,39.0
53.0,48.0
54.0,54.0
55.0,51.0
56.0,52.0
57.0,79.0
58.0,51.0
59.0,55.0
60.0,44.0
61.0,43.0
62.0,49.0
63.0,53.0
64.0,73.0
65.0,52.0
66.0,52.0
67.0,57.0
68.0,57.0
69.0,70.0
70.0,81.0
71.0,70.0
72.0,72.0
73.0,77.0
74.0,61.0
75.0,62.0
76.0,49.0
77.0,55.0
78.0,61.0
79.0,77.0
80.0,77.0
81.0,78.0
82.0,69.0
83.0,42.0
84.0,62.0
85.0,67.0
86.0,66.0
87.0,83.0
88.0,89.0
89.0,74.0
90.0,67.0
91.0,74.0
92.0,92.0
93.0,63.0
94.0,72.0
95.0,85.0
96.0,79.0
97.0,77.0
98.0,104.0
99.0,124.0
100.0,97.0
101.0,90.0
102.0,91.0
103.0,95.0
104.0,74.0
105.0,72.0
106.0,86.0
107.0,114.0
108.0,97.0
109.0,88.0
110.0,84.0
111.0,99.0
112.0,130.0
113.0,103.0
114.0,105.0
115.0,98.0
116.0,96.0
117.0,88.0
118.0,97.0
119.0,97.0
120.0,100.0
121.0,104.0
122.0,110.0
123.0,102.0
124.0,100.0
125.0,98.0
126.0,126.0
127.0,139.0
128.0,139.0
129.0,241.0
130.0,621.0
131.0,760.0
132.0,438.0
133.0,199.0
134.0,112.0
135.0,127.0
136.0,117.0
137.0,115.0
138.0,112.0
139.0,86.0
140.0,129.0
141.0,171.0
142.0,170.0
143.0,144.0
144.0,112.0
145.0,115.0
146.0,99.0
147.0,137.0
148.0,165.0
149.0,159.0
150.0,134.0
151.0,137.0
152.0,157.0
153.0,166.0
154.0,195.0
155.0,166.0
156.0,156.0
157.0,124.0
158.0,117.0
159.0,102.0
160.0,117.0
161.0,121.0
162.0,135.0
163.0,142.0
164.0,146.0
165.0,153.0
166.0,157.0
167.0,199.0
168.0,199.0
169.0,184.0
170.0,160.0
171.0,152.0
172.0,164.0
173.0,209.0
174.0,181.0
175.0,162.0
176.0,145.0
177.0,210.0
178.0,204.0
179.0,166.0
180.0,157.0
181.0,174.0
182.0,182.0
183.0,164.0
184.0,173.0
185.0,191.0
186.0,232.0
187.0,194.0
188.0,166.0
189.0,164.0
190.0,184.0
191.0,225.0
192.0,217.0
193.0,149.0
194.0,154.0
195.0,150.0
196.0,254.0
197.0,673.0
198.0,823.0
199.0,472.0
200.0,384.0
201.0,828.0
202.0,1079.0
203.0,653.0
204.0,275.0
205.0,200.0
206.0,204.0
207.0,195.0
208.0,169.0
209.0,139.0
210.0,143.0
211.0,140.0
212.0,167.0
213.0,260.0
214.0,355.0
215.0,271.0
216.0,216.0
217.0,207.0
218.0,309.0
219.0,326.0
220.0,248.0
221.0,211.0
222.0,271.0
223.0,368.0
224.0,331.0
225.0,214.0
226.0,234.0
227.0,251.0
228.0,248.0
229.0,264.0
230.0,269.0
231.0,232.0
232.0,247.0
233.0,261.0
234.0,276.0
235.0,305.0
236.0,281.0
237.0,200.0
238.0,201.0
239.0,175.0
240.0,194.0
241.0,231.0
242.0,274.0
243.0,381.0
244.0,424.0
245.0,318.0
246.0,221.0
247.0,194.0
248.0,186.0
249.0,239.0
250.0,291.0
251.0,254.0
252.0,228.0
253.0,203.0
254.0,248.0
255.0,355.0
256.0,332.0
257.0,261.0
258.0,239.0
259.0,237.0
260.0,295.0
261.0,367.0
262.0,382.0
263.0,403.0
264.0,379.0
265.0,254.0
266.0,239.0
267.0,287.0
268.0,301.0
269.0,291.0
270.0,285.0
271.0,302.0
272.0,314.0
273.0,359.0
274.0,394.0
275.0,333.0
276.0,255.0
277.0,237.0
278.0,237.0
279.0,284.0
280.0,336.0
281.0,465.0
282.0,501.0
283.0,390.0
284.0,344.0
285.0,319.0
286.0,284.0
287.0,357.0
288.0,499.0
289.0,466.0
290.0,445.0
291.0,504.0
292.0,471.0
293.0,339.0
294.0,264.0
295.0,265.0
296.0,304.0
297.0,330.0
298.0,453.0
299.0,444.0
300.0,343.0
301.0,296.0
302.0,261.0
303.0,265.0
304.0,283.0
305.0,267.0
306.0,345.0
307.0,574.0
308.0,668.0
309.0,483.0
310.0,333.0
311.0,294.0
312.0,307.0
313.0,582.0
314.0,829.0
315.0,613.0
316.0,377.0
317.0,279.0
318.0,285.0
319.0,298.0
320.0,329.0
321.0,422.0
322.0,539.0
323.0,556.0
324.0,438.0
325.0,426.0
326.0,388.0
327.0,458.0
328.0,559.0
329.0,496.0
330.0,384.0
331.0,440.0
332.0,521.0
333.0,518.0
334.0,759.0
335.0,1388.0
336.0,1285.0
337.0,730.0
338.0,582.0
339.0,598.0
340.0,613.0
341.0,610.0
342.0,482.0
343.0,416.0
344.0,356.0
345.0,347.0
346.0,343.0
347.0,456.0
348.0,574.0
349.0,537.0
350.0,440.0
351.0,409.0
352.0,662.0
353.0,879.0
354.0,642.0
355.0,498.0
356.0,557.0
357.0,544.0
358.0,536.0
359.0,574.0
360.0,639.0
361.0,645.0
362.0,667.0
363.0,746.0
364.0,741.0
365.0,597.0
366.0,476.0
367.0,472.0
368.0,552.0
369.0,684.0
370.0,715.0
371.0,806.0
372.0,1005.0
373.0,1065.0
374.0,1282.0
375.0,8091.0
376.0,36386.0
377.0,47441.0
378.0,20579.0
379.0,2475.0
380.0,1027.0
381.0,834.0
382.0,756.0
383.0,760.0
384.0,650.0
385.0,709.0
386.0,911.0
387.0,897.0
388.0,597.0
389.0,453.0
390.0,526.0
391.0,601.0
392.0,781.0
393.0,846.0
394.0,1128.0
395.0,1387.0
396.0,1087.0
397.0,693.0
398.0,673.0
399.0,895.0
400.0,839.0
401.0,749.0
402.0,756.0
403.0,719.0
404.0,580.0
405.0,433.0
406.0,485.0
407.0,650.0
408.0,724.0
409.0,636.0
410.0,497.0
411.0,513.0
412.0,675.0
413.0,690.0
414.0,569.0
415.0,533.0
416.0,824.0
417.0,1925.0
418.0,2782.0
419.0,1912.0
420.0,903.0
421.0,794.0
422.0,799.0
423.0,732.0
424.0,524.0
425.0,408.0
426.0,414.0
427.0,521.0
428.0,595.0
429.0,539.0
430.0,514.0
431.0,537.0
432.0,478.0
433.0,482.0
434.0,448.0
435.0,507.0
436.0,563.0
437.0,718.0
438.0,657.0
439.0,533.0
440.0,678.0
441.0,769.0
442.0,641.0
443.0,484.0
444.0,426.0
445.0,394.0
446.0,464.0
447.0,604.0
448.0,555.0
449.0,496.0
450.0,499.0
451.0,511.0
452.0,589.0
453.0,856.0
454.0,1456.0
455.0,2168.0
456.0,2638.0
457.0,2477.0
458.0,1862.0
459.0,1311.0
460.0,2630.0
461.0,4509.0
462.0,3754.0
463.0,2083.0
464.0,1156.0
465.0,535.0
466.0,469.0
467.0,500.0
468.0,534.0
469.0,586.0
470.0,651.0
471.0,651.0
472.0,615.0
473.0,691.0
474.0,660.0
475.0,484.0
476.0,481.0
477.0,471.0
478.0,461.0
479.0,447.0
480.0,492.0
481.0,521.0
482.0,498.0
483.0,459.0
484.0,468.0
485.0,533.0
486.0,575.0
487.0,581.0
488.0,703.0
489.0,621.0
490.0,486.0
491.0,450.0
492.0,466.0
493.0,487.0
494.0,482.0
495.0,399.0
496.0,369.0
497.0,439.0
498.0,483.0
499.0,570.0
500.0,603.0
501.0,684.0
502.0,655.0
503.0,505.0
504.0,539.0
505.0,546.0
506.0,457.0
507.0,437.0
508.0,411.0
509.0,384.0
510.0,435.0
511.0,645.0
512.0,802.0
513.0,881.0
514.0,2362.0
515.0,8885.0
516.0,11303.0
517.0,4736.0
518.0,772.0
519.0,466.0
520.0,429.0
521.0,485.0
522.0,520.0
523.0,668.0
524.0,725.0
525.0,716.0
526.0,552.0
527.0,402.0
528.0,414.0
529.0,460.0
530.0,453.0
531.0,382.0
532.0,412.0
533.0,541.0
534.0,637.0
535.0,641.0
536.0,565.0
537.0,458.0
538.0,410.0
539.0,389.0
540.0,407.0
541.0,502.0
542.0,680.0
543.0,735.0
544.0,688.0
545.0,566.0
546.0,435.0
547.0,428.0
548.0,389.0
549.0,402.0
550.0,556.0
551.0,699.0
552.0,626.0
553.0,451.0
554.0,377.0
555.0,436.0
556.0,544.0
557.0,631.0
558.0,651.0
559.0,518.0
560.0,431.0
561.0,461.0
562.0,505.0
563.0,633.0
564.0,540.0
565.0,387.0
566.0,356.0
567.0,452.0
568.0,529.0
569.0,475.0
570.0,488.0
571.0,509.0
572.0,469.0
573.0,475.0
574.0,496.0
575.0,461.0
576.0,415.0
577.0,549.0
578.0,644.0
579.0,477.0
580.0,370.0
581.0,367.0
582.0,388.0
583.0,392.0
584.0,380.0
585.0,370.0
586.0,396.0
587.0,421.0
588.0,371.0
589.0,353.0
590.0,378.0
591.0,411.0
592.0,378.0
593.0,407.0
594.0,451.0
595.0,461.0
596.0,406.0
597.0,340.0
598.0,333.0
599.0,299.0
600.0,345.0
601.0,366.0
602.0,350.0
603.0,327.0
604.0,304.0
605.0,311.0
606.0,283.0
607.0,304.0
608.0,308.0
609.0,314.0
610.0,324.0
611.0,323.0
612.0,317.0
613.0,269.0
614.0,257.0
615.0,248.0
616.0,242.0
617.0,283.0
618.0,366.0
619.0,372.0
620.0,385.0
621.0,317.0
622.0,262.0
623.0,262.0
624.0,302.0
625.0,270.0
626.0,233.0
627.0,275.0
628.0,323.0
629.0,338.0
630.0,316.0
631.0,294.0
632.0,239.0
633.0,283.0
634.0,285.0
635.0,286.0
636.0,277.0
637.0,331.0
638.0,315.0
639.0,263.0
640.0,243.0
641.0,285.0
642.0,303.0
643.0,303.0
644.0,263.0
645.0,274.0
646.0,329.0
647.0,324.0
648.0,274.0
649.0,276.0
650.0,273.0
651.0,271.0
652.0,271.0
653.0,281.0
654.0,325.0
655.0,305.0
656.0,263.0
657.0,279.0
658.0,296.0
659.0,293.0
660.0,258.0
661.0,243.0
662.0,239.0
663.0,264.0
664.0,281.0
665.0,246.0
666.0,285.0
667.0,279.0
668.0,272.0
669.0,279.0
670.0,251.0
671.0,230.0
672.0,227.0
673.0,255.0
674.0,265.0
675.0,251.0
676.0,227.0
677.0,247.0
678.0,280.0
679.0,314.0
680.0,304.0
681.0,401.0
682.0,1857.0
683.0,4415.0
684.0,3396.0
685.0,789.0
686.0,331.0
687.0,293.0
688.0,274.0
689.0,280.0
690.0,347.0
691.0,359.0
692.0,336.0
693.0,300.0
694.0,281.0
695.0,322.0
696.0,318.0
697.0,310.0
698.0,313.0
699.0,306.0
700.0,323.0
701.0,301.0
702.0,240.0
703.0,220.0
704.0,252.0
705.0,227.0
706.0,231.0
707.0,257.0
708.0,305.0
709.0,279.0
710.0,242.0
711.0,232.0
712.0,258.0
713.0,270.0
714.0,230.0
715.0,170.0
716.0,179.0
717.0,229.0
718.0,286.0
719.0,271.0
720.0,221.0
721.0,225.0
722.0,193.0
723.0,221.0
724.0,243.0
725.0,265.0
726.0,339.0
727.0,468.0
728.0,488.0
729.0,355.0
730.0,310.0
731.0,284.0
732.0,269.0
733.0,279.0
734.0,263.0
735.0,285.0
736.0,279.0
737.0,344.0
738.0,647.0
739.0,657.0
740.0,378.0
741.0,287.0
742.0,312.0
743.0,315.0
744.0,261.0
745.0,255.0
746.0,329.0
747.0,343.0
748.0,313.0
749.0,309.0
750.0,932.0
751.0,2028.0
752.0,1581.0
753.0,473.0
754.0,200.0
755.0,204.0
756.0,227.0
757.0,298.0
758.0,354.0
759.0,685.0
760.0,1051.0
761.0,713.0
762.0,401.0
763.0,448.0
764.0,345.0
765.0,215.0
766.0,163.0
767.0,148.0
768.0,176.0
769.0,231.0
770.0,245.0
771.0,240.0
772.0,219.0
773.0,197.0
774.0,187.0
775.0,217.0
776.0,236.0
777.0,199.0
778.0,222.0
779.0,213.0
780.0,188.0
781.0,144.0
782.0,181.0
783.0,172.0
784.0,193.0
785.0,211.0
786.0,219.0
787.0,204.0
788.0,157.0
789.0,148.0
790.0,165.0
791.0,295.0
792.0,644.0
793.0,627.0
794.0,304.0
795.0,153.0
796.0,142.0
797.0,129.0
798.0,113.0
799.0,159.0
800.0,168.0
801.0,172.0
802.0,158.0
803.0,161.0
804.0,150.0
805.0,154.0
806.0,129.0
807.0,141.0
808.0,134.0
809.0,175.0
810.0,167.0
811.0,153.0
812.0,151.0
813.0,168.0
814.0,128.0
815.0,140.0
816.0,126.0
817.0,121.0
818.0,137.0
819.0,153.0
820.0,146.0
821.0,225.0
822.0,355.0
823.0,270.0
824.0,156.0
825.0,119.0
826.0,111.0
827.0,115.0
828.0,118.0
829.0,142.0
830.0,169.0
831.0,200.0
832.0,181.0
833.0,129.0
834.0,114.0
835.0,111.0
836.0,101.0
837.0,105.0
838.0,101.0
839.0,111.0
840.0,119.0
841.0,110.0
842.0,102.0
843.0,110.0
844.0,107.0
845.0,97.0
846.0,97.0
847.0,99.0
848.0,95.0
849.0,104.0
850.0,104.0
851.0,111.0
852.0,109.0
853.0,103.0
854.0,100.0
855.0,75.0
856.0,76.0
857.0,91.0
858.0,80.0
859.0,71.0
860.0,83.0
861.0,95.0
862.0,95.0
863.0,117.0
864.0,127.0
865.0,130.0
866.0,105.0
867.0,115.0
868.0,107.0
869.0,102.0
870.0,97.0
871.0,79.0
872.0,85.0
873.0,77.0
874.0,79.0
875.0,82.0
876.0,101.0
877.0,92.0
878.0,78.0
879.0,99.0
880.0,104.0
881.0,81.0
882.0,87.0
883.0,72.0
884.0,72.0
885.0,69.0
886.0,77.0
887.0,73.0
888.0,70.0
889.0,90.0
890.0,90.0
891.0,77.0
892.0,73.0
893.0,69.0
894.0,84.0
895.0,81.0
896.0,83.0
897.0,85.0
898.0,76.0
899.0,79.0
900.0,75.0
901.0,79.0
902.0,70.0
903.0,90.0
904.0,71.0
905.0,71.0
906.0,61.0
907.0,62.0
908.0,63.0
909.0,61.0
910.0,80.0
911.0,77.0
912.0,61.0
913.0,44.0
914.0,62.0
915.0,55.0
916.0,70.0
917.0,67.0
918.0,48.0
919.0,70.0
920.0,54.0
921.0,48.0
922.0,64.0
923.0,53.0
924.0,40.0
925.0,43.0
926.0,58.0
927.0,56.0
928.0,62.0
929.0,52.0
930.0,50.0
931.0,52.0
932.0,48.0
933.0,55.0
934.0,50.0
935.0,63.0
936.0,52.0
937.0,46.0
938.0,46.0
939.0,47.0
940.0,47.0
941.0,42.0
942.0,33.0
943.0,54.0
944.0,54.0
945.0,41.0
946.0,44.0
947.0,45.0
948.0,42.0
949.0,44.0
950.0,40.0
951.0,52.0
952.0,56.0
953.0,42.0
954.0,61.0
955.0,74.0
956.0,72.0
957.0,47.0
958.0,47.0
959.0,30.0
960.0,36.0
961.0,45.0
962.0,39.0
963.0,40.0
964.0,47.0
965.0,33.0
966.0,31.0
967.0,42.0
968.0,49.0
969.0,40.0
970.0,35.0
971.0,48.0
972.0,33.0
973.0,55.0
974.0,44.0
975.0,46.0
976.0,41.0
977.0,30.0
978.0,35.0
979.0,43.0
980.0,32.0
981.0,38.0
982.0,24.0
983.0,36.0
984.0,39.0
985.0,30.0
986.0,42.0
987.0,44.0
988.0,29.0
989.0,24.0
990.0,28.0
991.0,42.0
992.0,42.0
993.0,31.0
994.0,35.0
995.0,36.0
996.0,33.0
997.0,41.0
998.0,50.0
999.0,26.0
1000.0,28.0
1001.0,40.0
1002.0,34.0
1003.0,34.0
1004.0,30.0
1005.0,42.0
1006.0,35.0
1007.0,37.0
1008.0,41.0
1009.0,43.0
1010.0,45.0
1011.0,39.0
1012.0,31.0
1013.0,43.0
1014.0,34.0
1015.0,35.0
1016.0,37.0
1017.0,37.0
1018.0,14.0
1019.0,37.0
1020.0,35.0
1021.0,39.0
1022.0,37.0
1023.0,47.0
