0.0,211.0
1.0,200.0
2.0,172.0
3.0,148.0
4.0,148.0
5.0,181.0
6.0,212.0
7.0,299.0
8.0,714.0
9.0,1672.0
10.0,1591.0
11.0,556.0
12.0,221.0
13.0,211.0
14.0,245.0
15.0,223.0
16.0,237.0
17.0,250.0
18.0,227.0
19.0,225.0
20.0,252.0
21.0,516.0
22.0,1172.0
23.0,1312.0
24.0,655.0
25.0,361.0
26.0,266.0
27.0,203.0
28.0,197.0
29.0,357.0
30.0,605.0
31.0,510.0
32.0,287.0
33.0,238.0
34.0,265.0
35.0,467.0
36.0,1447.0
37.0,2399.0
38.0,1520.0
39.0,471.0
40.0,343.0
41.0,492.0
42.0,465.0
43.0,373.0
44.0,342.0
45.0,426.0
46.0,462.0
47.0,433.0
48.0,399.0
49.0,536.0
50.0,1260.0
51.0,2153.0
52.0,1767.0
53.0,618.0
54.0,291.0
55.0,266.0
56.0,286.0
57.0,302.0
58.0,312.0
59.0,312.0
60.0,309.0
61.0,321.0
62.0,385.0
63.0,515.0
64.0,858.0
65.0,2247.0
66.0,3008.0
67.0,1686.0
68.0,492.0
69.0,376.0
70.0,413.0
71.0,436.0
72.0,460.0
73.0,439.0
74.0,450.0
75.0,416.0
76.0,401.0
77.0,374.0
78.0,343.0
79.0,529.0
80.0,1713.0
81.0,4248.0
82.0,4528.0
83.0,2300.0
84.0,977.0
85.0,641.0
86.0,544.0
87.0,512.0
88.0,521.0
89.0,527.0
90.0,619.0
91.0,626.0
92.0,574.0
93.0,657.0
94.0,904.0
95.0,2498.0
96.0,3837.0
97.0,2573.0
98.0,830.0
99.0,424.0
100.0,471.0
101.0,496.0
102.0,591.0
103.0,1485.0
104.0,3889.0
105.0,4036.0
106.0,1621.0
107.0,660.0
108.0,654.0
109.0,606.0
110.0,580.0
111.0,893.0
112.0,2324.0
113.0,3286.0
114.0,2589.0
115.0,1554.0
116.0,963.0
117.0,857.0
118.0,830.0
119.0,809.0
120.0,747.0
121.0,672.0
122.0,658.0
123.0,643.0
124.0,680.0
125.0,870.0
126.0,1926.0
127.0,4076.0
128.0,3767.0
129.0,1480.0
130.0,666.0
131.0,589.0
132.0,667.0
133.0,748.0
134.0,730.0
135.0,641.0
136.0,780.0
137.0,877.0
138.0,831.0
139.0,743.0
140.0,689.0
141.0,669.0
142.0,667.0
143.0,820.0
144.0,1778.0
145.0,3680.0
146.0,3210.0
147.0,1886.0
148.0,1644.0
149.0,1214.0
150.0,980.0
151.0,1000.0
152.0,1017.0
153.0,831.0
154.0,650.0
155.0,613.0
156.0,667.0
157.0,880.0
158.0,1245.0
159.0,3028.0
160.0,5142.0
161.0,3762.0
162.0,1480.0
163.0,980.0
164.0,960.0
165.0,1035.0
166.0,970.0
167.0,761.0
168.0,632.0
169.0,695.0
170.0,863.0
171.0,1151.0
172.0,1167.0
173.0,979.0
174.0,866.0
175.0,774.0
176.0,646.0
177.0,953.0
178.0,2696.0
179.0,4539.0
180.0,3356.0
181.0,1662.0
182.0,1816.0
183.0,1705.0
184.0,1424.0
185.0,1315.0
186.0,1283.0
187.0,1516.0
188.0,1689.0
189.0,1582.0
190.0,1511.0
191.0,1600.0
192.0,1666.0
193.0,3290.0
194.0,5644.0
195.0,4350.0
196.0,1878.0
197.0,1426.0
198.0,1484.0
199.0,1360.0
200.0,1220.0
201.0,1288.0
202.0,1364.0
203.0,1262.0
204.0,1063.0
205.0,995.0
206.0,1195.0
207.0,1382.0
208.0,1702.0
209.0,2769.0
210.0,3002.0
211.0,1951.0
212.0,1750.0
213.0,3453.0
214.0,5407.0
215.0,4411.0
216.0,2416.0
217.0,1680.0
218.0,1862.0
219.0,1751.0
220.0,1261.0
221.0,1337.0
222.0,1377.0
223.0,1166.0
224.0,1007.0
225.0,1028.0
226.0,1186.0
227.0,1409.0
228.0,2216.0
229.0,4879.0
230.0,5214.0
231.0,2497.0
232.0,1313.0
233.0,1259.0
234.0,1444.0
235.0,1565.0
236.0,1566.0
237.0,1701.0
238.0,1556.0
239.0,1175.0
240.0,916.0
241.0,1045.0
242.0,1503.0
243.0,1860.0
244.0,1996.0
245.0,1774.0
246.0,1450.0
247.0,1218.0
248.0,1296.0
249.0,2746.0
250.0,5169.0
251.0,4550.0
252.0,2252.0
253.0,1497.0
254.0,1338.0
255.0,1308.0
256.0,1199.0
257.0,1248.0
258.0,1506.0
259.0,1921.0
260.0,1905.0
261.0,1739.0
262.0,1716.0
263.0,1583.0
264.0,1523.0
265.0,1909.0
266.0,4141.0
267.0,5692.0
268.0,3603.0
269.0,1735.0
270.0,1487.0
271.0,1527.0
272.0,1679.0
273.0,1969.0
274.0,2306.0
275.0,2030.0
276.0,1426.0
277.0,1531.0
278.0,1980.0
279.0,2356.0
280.0,2437.0
281.0,1847.0
282.0,1386.0
283.0,1452.0
284.0,1670.0
285.0,1687.0
286.0,1912.0
287.0,4112.0
288.0,5586.0
289.0,3230.0
290.0,1643.0
291.0,1882.0
292.0,1939.0
293.0,1501.0
294.0,1155.0
295.0,1170.0
296.0,1295.0
297.0,1341.0
298.0,1670.0
299.0,2030.0
300.0,1732.0
301.0,1359.0
302.0,1292.0
303.0,1641.0
304.0,2257.0
305.0,2116.0
306.0,1701.0
307.0,2302.0
308.0,4219.0
309.0,4239.0
310.0,2364.0
311.0,1646.0
312.0,1632.0
313.0,1479.0
314.0,1415.0
315.0,1327.0
316.0,1421.0
317.0,1901.0
318.0,2049.0
319.0,1516.0
320.0,1077.0
321.0,991.0
322.0,1281.0
323.0,1857.0
324.0,2113.0
325.0,2430.0
326.0,4107.0
327.0,5251.0
328.0,3966.0
329.0,2381.0
330.0,1727.0
331.0,1740.0
332.0,2877.0
333.0,4773.0
334.0,4600.0
335.0,2869.0
336.0,2113.0
337.0,2008.0
338.0,1910.0
339.0,1516.0
340.0,1316.0
341.0,1351.0
342.0,1545.0
343.0,1752.0
344.0,1786.0
345.0,1572.0
346.0,1757.0
347.0,2123.0
348.0,2009.0
349.0,1769.0
350.0,2434.0
351.0,3184.0
352.0,2965.0
353.0,2056.0
354.0,1643.0
355.0,1791.0
356.0,1901.0
357.0,1830.0
358.0,1899.0
359.0,1819.0
360.0,1731.0
361.0,1509.0
362.0,1179.0
363.0,1202.0
364.0,1584.0
365.0,2155.0
366.0,2814.0
367.0,2971.0
368.0,3548.0
369.0,4933.0
370.0,5262.0
371.0,3804.0
372.0,2402.0
373.0,2401.0
374.0,2589.0
375.0,3492.0
376.0,4550.0
377.0,3547.0
378.0,2162.0
379.0,1861.0
380.0,1878.0
381.0,2024.0
382.0,1874.0
383.0,1707.0
384.0,1642.0
385.0,1402.0
386.0,1518.0
387.0,1663.0
388.0,2072.0
389.0,2854.0
390.0,2917.0
391.0,2605.0
392.0,2671.0
393.0,3082.0
394.0,3198.0
395.0,2517.0
396.0,1991.0
397.0,2146.0
398.0,2461.0
399.0,2477.0
400.0,2370.0
401.0,3280.0
402.0,5362.0
403.0,5266.0
404.0,3766.0
405.0,2845.0
406.0,2313.0
407.0,2191.0
408.0,2834.0
409.0,3353.0
410.0,2854.0
411.0,2189.0
412.0,2020.0
413.0,2027.0
414.0,1913.0
415.0,1897.0
416.0,2537.0
417.0,4371.0
418.0,4854.0
419.0,3091.0
420.0,2333.0
421.0,2448.0
422.0,2261.0
423.0,1998.0
424.0,1794.0
425.0,2367.0
426.0,3564.0
427.0,3952.0
428.0,3342.0
429.0,2878.0
430.0,2756.0
431.0,2685.0
432.0,2518.0
433.0,2545.0
434.0,2577.0
435.0,2648.0
436.0,3965.0
437.0,9330.0
438.0,11605.0
439.0,5697.0
440.0,1840.0
441.0,1687.0
442.0,2269.0
443.0,2666.0
444.0,3126.0
445.0,5109.0
446.0,5761.0
447.0,4090.0
448.0,2778.0
449.0,2210.0
450.0,2137.0
451.0,2663.0
452.0,2540.0
453.0,2257.0
454.0,2508.0
455.0,2437.0
456.0,1989.0
457.0,2587.0
458.0,3565.0
459.0,4360.0
460.0,4981.0
461.0,4128.0
462.0,3185.0
463.0,3021.0
464.0,3263.0
465.0,2579.0
466.0,2099.0
467.0,1879.0
468.0,1674.0
469.0,1742.0
470.0,2341.0
471.0,3305.0
472.0,3266.0
473.0,2567.0
474.0,2837.0
475.0,3297.0
476.0,2923.0
477.0,2332.0
478.0,2054.0
479.0,2174.0
480.0,2595.0
481.0,2744.0
482.0,2308.0
483.0,2362.0
484.0,2903.0
485.0,2738.0
486.0,2900.0
487.0,3355.0
488.0,4510.0
489.0,4972.0
490.0,3781.0
491.0,3033.0
492.0,2878.0
493.0,3044.0
494.0,3502.0
495.0,3448.0
496.0,2624.0
497.0,2055.0
498.0,1986.0
499.0,1949.0
500.0,2091.0
501.0,2451.0
502.0,3629.0
503.0,4500.0
504.0,5073.0
505.0,5306.0
506.0,4034.0
507.0,2269.0
508.0,1762.0
509.0,1661.0
510.0,1802.0
511.0,2486.0
512.0,3082.0
513.0,2876.0
514.0,2581.0
515.0,2712.0
516.0,3045.0
517.0,3194.0
518.0,3357.0
519.0,3850.0
520.0,3696.0
521.0,2905.0
522.0,2374.0
523.0,2085.0
524.0,2298.0
525.0,2585.0
526.0,2652.0
527.0,2502.0
528.0,2909.0
529.0,3379.0
530.0,2996.0
531.0,3352.0
532.0,4527.0
533.0,4624.0
534.0,3916.0
535.0,3346.0
536.0,2755.0
537.0,2538.0
538.0,2314.0
539.0,2105.0
540.0,2160.0
541.0,2700.0
542.0,3205.0
543.0,2838.0
544.0,2227.0
545.0,2558.0
546.0,3851.0
547.0,4342.0
548.0,3208.0
549.0,2920.0
550.0,3644.0
551.0,3573.0
552.0,2960.0
553.0,2529.0
554.0,2365.0
555.0,2929.0
556.0,3348.0
557.0,3302.0
558.0,3127.0
559.0,2946.0
560.0,2484.0
561.0,2075.0
562.0,1924.0
563.0,1931.0
564.0,1987.0
565.0,2351.0
566.0,2755.0
567.0,3030.0
568.0,2896.0
569.0,2396.0
570.0,2170.0
571.0,2444.0
572.0,2429.0
573.0,1865.0
574.0,1615.0
575.0,1809.0
576.0,2647.0
577.0,3639.0
578.0,3426.0
579.0,2457.0
580.0,2124.0
581.0,1901.0
582.0,1663.0
583.0,1609.0
584.0,1754.0
585.0,1968.0
586.0,2109.0
587.0,2156.0
588.0,2290.0
589.0,2801.0
590.0,3473.0
591.0,3836.0
592.0,3559.0
593.0,3039.0
594.0,2218.0
595.0,1982.0
596.0,2207.0
597.0,2025.0
598.0,1862.0
599.0,2014.0
600.0,2203.0
601.0,1990.0
602.0,1865.0
603.0,1879.0
604.0,1664.0
605.0,1457.0
606.0,1651.0
607.0,2030.0
608.0,2461.0
609.0,2620.0
610.0,2572.0
611.0,2534.0
612.0,2490.0
613.0,2612.0
614.0,2545.0
615.0,2077.0
616.0,1858.0
617.0,2690.0
618.0,9530.0
619.0,17506.0
620.0,11528.0
621.0,3568.0
622.0,1930.0
623.0,1581.0
624.0,2258.0
625.0,2771.0
626.0,2469.0
627.0,1863.0
628.0,1864.0
629.0,2385.0
630.0,2861.0
631.0,2920.0
632.0,2475.0
633.0,2055.0
634.0,1857.0
635.0,1640.0
636.0,1665.0
637.0,2129.0
638.0,2180.0
639.0,1879.0
640.0,1894.0
641.0,2310.0
642.0,2381.0
643.0,1877.0
644.0,1714.0
645.0,1983.0
646.0,2342.0
647.0,1992.0
648.0,1878.0
649.0,2048.0
650.0,2012.0
651.0,1705.0
652.0,1326.0
653.0,1183.0
654.0,1437.0
655.0,1882.0
656.0,2402.0
657.0,2369.0
658.0,1833.0
659.0,2205.0
660.0,2810.0
661.0,2655.0
662.0,2172.0
663.0,1842.0
664.0,1742.0
665.0,1663.0
666.0,1736.0
667.0,1746.0
668.0,1812.0
669.0,2008.0
670.0,1767.0
671.0,1547.0
672.0,2055.0
673.0,2535.0
674.0,2277.0
675.0,2093.0
676.0,2034.0
677.0,2005.0
678.0,2675.0
679.0,2700.0
680.0,2833.0
681.0,4816.0
682.0,5032.0
683.0,2780.0
684.0,2317.0
685.0,2380.0
686.0,1615.0
687.0,1183.0
688.0,1397.0
689.0,1533.0
690.0,1638.0
691.0,1581.0
692.0,1778.0
693.0,1801.0
694.0,1614.0
695.0,1849.0
696.0,1690.0
697.0,1382.0
698.0,1361.0
699.0,1198.0
700.0,1118.0
701.0,1408.0
702.0,1992.0
703.0,1939.0
704.0,1916.0
705.0,2260.0
706.0,1946.0
707.0,1547.0
708.0,1225.0
709.0,1240.0
710.0,1523.0
711.0,1699.0
712.0,1844.0
713.0,1795.0
714.0,1810.0
715.0,2136.0
716.0,1841.0
717.0,1279.0
718.0,1109.0
719.0,1333.0
720.0,1461.0
721.0,1288.0
722.0,1320.0
723.0,1754.0
724.0,1936.0
725.0,1931.0
726.0,1621.0
727.0,1333.0
728.0,1295.0
729.0,1291.0
730.0,1264.0
731.0,1146.0
732.0,1109.0
733.0,1415.0
734.0,1451.0
735.0,1506.0
736.0,1518.0
737.0,1254.0
738.0,928.0
739.0,855.0
740.0,1117.0
741.0,1318.0
742.0,1178.0
743.0,1012.0
744.0,910.0
745.0,996.0
746.0,1211.0
747.0,1382.0
748.0,1510.0
749.0,1370.0
750.0,1082.0
751.0,958.0
752.0,1018.0
753.0,1137.0
754.0,1060.0
755.0,1048.0
756.0,1051.0
757.0,1126.0
758.0,1186.0
759.0,1108.0
760.0,1041.0
761.0,1086.0
762.0,1211.0
763.0,1325.0
764.0,1426.0
765.0,1332.0
766.0,955.0
767.0,859.0
768.0,809.0
769.0,729.0
770.0,602.0
771.0,668.0
772.0,829.0
773.0,899.0
774.0,969.0
775.0,1040.0
776.0,1018.0
777.0,855.0
778.0,654.0
779.0,678.0
780.0,776.0
781.0,788.0
782.0,871.0
783.0,870.0
784.0,806.0
785.0,921.0
786.0,881.0
787.0,610.0
788.0,725.0
789.0,888.0
790.0,763.0
791.0,683.0
792.0,707.0
793.0,960.0
794.0,1038.0
795.0,917.0
796.0,876.0
797.0,954.0
798.0,944.0
799.0,773.0
800.0,659.0
801.0,736.0
802.0,682.0
803.0,646.0
804.0,601.0
805.0,648.0
806.0,744.0
807.0,897.0
808.0,794.0
809.0,696.0
810.0,936.0
811.0,955.0
812.0,850.0
813.0,807.0
814.0,749.0
815.0,750.0
816.0,671.0
817.0,673.0
818.0,581.0
819.0,517.0
820.0,662.0
821.0,645.0
822.0,509.0
823.0,466.0
824.0,559.0
825.0,604.0
826.0,481.0
827.0,428.0
828.0,447.0
829.0,492.0
830.0,529.0
831.0,494.0
832.0,421.0
833.0,437.0
834.0,483.0
835.0,592.0
836.0,583.0
837.0,531.0
838.0,430.0
839.0,402.0
840.0,430.0
841.0,456.0
842.0,515.0
843.0,561.0
844.0,478.0
845.0,392.0
846.0,479.0
847.0,627.0
848.0,601.0
849.0,514.0
850.0,526.0
851.0,470.0
852.0,451.0
853.0,377.0
854.0,386.0
855.0,464.0
856.0,600.0
857.0,578.0
858.0,509.0
859.0,454.0
860.0,383.0
861.0,306.0
862.0,292.0
863.0,355.0
864.0,514.0
865.0,549.0
866.0,454.0
867.0,369.0
868.0,371.0
869.0,431.0
870.0,454.0
871.0,446.0
872.0,392.0
873.0,400.0
874.0,417.0
875.0,408.0
876.0,375.0
877.0,385.0
878.0,421.0
879.0,392.0
880.0,288.0
881.0,287.0
882.0,357.0
883.0,388.0
884.0,394.0
885.0,367.0
886.0,357.0
887.0,373.0
888.0,396.0
889.0,383.0
890.0,371.0
891.0,397.0
892.0,362.0
893.0,312.0
894.0,336.0
895.0,392.0
896.0,477.0
897.0,538.0
898.0,600.0
899.0,2283.0
900.0,6316.0
901.0,5492.0
902.0,1529.0
903.0,451.0
904.0,344.0
905.0,295.0
906.0,260.0
907.0,288.0
908.0,304.0
909.0,303.0
910.0,301.0
911.0,272.0
912.0,250.0
913.0,274.0
914.0,319.0
915.0,364.0
916.0,319.0
917.0,286.0
918.0,270.0
919.0,296.0
920.0,282.0
921.0,303.0
922.0,322.0
923.0,263.0
924.0,250.0
925.0,233.0
926.0,224.0
927.0,277.0
928.0,280.0
929.0,293.0
930.0,317.0
931.0,287.0
932.0,244.0
933.0,211.0
934.0,214.0
935.0,230.0
936.0,221.0
937.0,219.0
938.0,235.0
939.0,261.0
940.0,294.0
941.0,323.0
942.0,256.0
943.0,209.0
944.0,191.0
945.0,232.0
946.0,247.0
947.0,356.0
948.0,1169.0
949.0,1585.0
950.0,824.0
951.0,284.0
952.0,222.0
953.0,182.0
954.0,179.0
955.0,238.0
956.0,259.0
957.0,215.0
958.0,230.0
959.0,245.0
960.0,203.0
961.0,158.0
962.0,167.0
963.0,187.0
964.0,180.0
965.0,183.0
966.0,165.0
967.0,157.0
968.0,157.0
969.0,163.0
970.0,149.0
971.0,169.0
972.0,187.0
973.0,221.0
974.0,199.0
975.0,169.0
976.0,144.0
977.0,158.0
978.0,163.0
979.0,157.0
980.0,133.0
981.0,136.0
982.0,162.0
983.0,158.0
984.0,138.0
985.0,150.0
986.0,144.0
987.0,159.0
988.0,138.0
989.0,127.0
990.0,123.0
991.0,133.0
992.0,126.0
993.0,127.0
994.0,106.0
995.0,120.0
996.0,134.0
997.0,126.0
998.0,144.0
999.0,146.0
1000.0,133.0
1001.0,146.0
1002.0,118.0
1003.0,126.0
1004.0,125.0
1005.0,104.0
1006.0,118.0
1007.0,129.0
1008.0,121.0
1009.0,103.0
1010.0,114.0
1011.0,121.0
1012.0,112.0
1013.0,103.0
1014.0,107.0
1015.0,97.0
1016.0,108.0
1017.0,88.0
1018.0,85.0
1019.0,74.0
1020.0,87.0
1021.0,100.0
1022.0,91.0
1023.0,94.0
