0.0,82.0
1.0,128.0
2.0,109.0
3.0,142.0
4.0,165.0
5.0,203.0
6.0,383.0
7.0,1064.0
8.0,1480.0
9.0,882.0
10.0,270.0
11.0,181.0
12.0,216.0
13.0,217.0
14.0,216.0
15.0,218.0
16.0,218.0
17.0,187.0
18.0,202.0
19.0,353.0
20.0,738.0
21.0,1126.0
22.0,852.0
23.0,395.0
24.0,264.0
25.0,200.0
26.0,192.0
27.0,286.0
28.0,441.0
29.0,503.0
30.0,326.0
31.0,217.0
32.0,230.0
33.0,303.0
34.0,768.0
35.0,1742.0
36.0,1717.0
37.0,751.0
38.0,334.0
39.0,371.0
40.0,435.0
41.0,357.0
42.0,306.0
43.0,348.0
44.0,383.0
45.0,389.0
46.0,350.0
47.0,415.0
48.0,769.0
49.0,1573.0
50.0,1745.0
51.0,988.0
52.0,353.0
53.0,241.0
54.0,230.0
55.0,242.0
56.0,287.0
57.0,285.0
58.0,267.0
59.0,277.0
60.0,308.0
61.0,414.0
62.0,627.0
63.0,1319.0
64.0,2467.0
65.0,2191.0
66.0,866.0
67.0,364.0
68.0,357.0
69.0,393.0
70.0,420.0
71.0,413.0
72.0,388.0
73.0,378.0
74.0,359.0
75.0,357.0
76.0,323.0
77.0,399.0
78.0,974.0
79.0,2736.0
80.0,4073.0
81.0,3070.0
82.0,1295.0
83.0,670.0
84.0,519.0
85.0,473.0
86.0,460.0
87.0,451.0
88.0,557.0
89.0,589.0
90.0,542.0
91.0,545.0
92.0,696.0
93.0,1436.0
94.0,3004.0
95.0,2991.0
96.0,1447.0
97.0,515.0
98.0,391.0
99.0,449.0
100.0,510.0
101.0,879.0
102.0,2407.0
103.0,3693.0
104.0,2573.0
105.0,875.0
106.0,612.0
107.0,577.0
108.0,552.0
109.0,665.0
110.0,1410.0
111.0,2675.0
112.0,2754.0
113.0,1758.0
114.0,1112.0
115.0,799.0
116.0,755.0
117.0,751.0
118.0,698.0
119.0,625.0
120.0,597.0
121.0,559.0
122.0,616.0
123.0,704.0
124.0,1218.0
125.0,2870.0
126.0,3690.0
127.0,2353.0
128.0,798.0
129.0,567.0
130.0,559.0
131.0,672.0
132.0,713.0
133.0,628.0
134.0,671.0
135.0,747.0
136.0,793.0
137.0,687.0
138.0,642.0
139.0,609.0
140.0,599.0
141.0,680.0
142.0,1187.0
143.0,2616.0
144.0,3170.0
145.0,2260.0
146.0,1551.0
147.0,1311.0
148.0,953.0
149.0,867.0
150.0,927.0
151.0,844.0
152.0,665.0
153.0,591.0
154.0,617.0
155.0,694.0
156.0,939.0
157.0,1913.0
158.0,3924.0
159.0,4155.0
160.0,2286.0
161.0,1006.0
162.0,923.0
163.0,948.0
164.0,886.0
165.0,827.0
166.0,627.0
167.0,571.0
168.0,737.0
169.0,969.0
170.0,1068.0
171.0,970.0
172.0,813.0
173.0,766.0
174.0,596.0
175.0,738.0
176.0,1611.0
177.0,3418.0
178.0,3794.0
179.0,2157.0
180.0,1541.0
181.0,1630.0
182.0,1431.0
183.0,1260.0
184.0,1179.0
185.0,1212.0
186.0,1460.0
187.0,1522.0
188.0,1413.0
189.0,1410.0
190.0,1535.0
191.0,2133.0
192.0,4218.0
193.0,4750.0
194.0,2741.0
195.0,1396.0
196.0,1360.0
197.0,1316.0
198.0,1206.0
199.0,1158.0
200.0,1203.0
201.0,1194.0
202.0,1070.0
203.0,940.0
204.0,969.0
205.0,1168.0
206.0,1435.0
207.0,2013.0
208.0,2745.0
209.0,2250.0
210.0,1605.0
211.0,2312.0
212.0,4116.0
213.0,4684.0
214.0,3015.0
215.0,1766.0
216.0,1605.0
217.0,1704.0
218.0,1349.0
219.0,1106.0
220.0,1266.0
221.0,1233.0
222.0,975.0
223.0,961.0
224.0,1048.0
225.0,1232.0
226.0,1620.0
227.0,3267.0
228.0,4799.0
229.0,3503.0
230.0,1526.0
231.0,1137.0
232.0,1254.0
233.0,1400.0
234.0,1466.0
235.0,1518.0
236.0,1543.0
237.0,1255.0
238.0,957.0
239.0,877.0
240.0,1177.0
241.0,1568.0
242.0,1768.0
243.0,1743.0
244.0,1522.0
245.0,1219.0
246.0,1177.0
247.0,1806.0
248.0,3846.0
249.0,4715.0
250.0,3088.0
251.0,1587.0
252.0,1320.0
253.0,1183.0
254.0,1100.0
255.0,1126.0
256.0,1219.0
257.0,1668.0
258.0,1840.0
259.0,1667.0
260.0,1564.0
261.0,1497.0
262.0,1467.0
263.0,1587.0
264.0,2688.0
265.0,4752.0
266.0,4354.0
267.0,2312.0
268.0,1403.0
269.0,1422.0
270.0,1496.0
271.0,1650.0
272.0,1992.0
273.0,2016.0
274.0,1549.0
275.0,1311.0
276.0,1649.0
277.0,2025.0
278.0,2282.0
279.0,2012.0
280.0,1477.0
281.0,1337.0
282.0,1466.0
283.0,1606.0
284.0,1619.0
285.0,2703.0
286.0,4641.0
287.0,4128.0
288.0,2037.0
289.0,1563.0
290.0,1880.0
291.0,1633.0
292.0,1198.0
293.0,1051.0
294.0,1162.0
295.0,1216.0
296.0,1402.0
297.0,1753.0
298.0,1789.0
299.0,1380.0
300.0,1210.0
301.0,1308.0
302.0,1886.0
303.0,2055.0
304.0,1766.0
305.0,1810.0
306.0,3099.0
307.0,4104.0
308.0,3068.0
309.0,1708.0
310.0,1524.0
311.0,1451.0
312.0,1326.0
313.0,1316.0
314.0,1238.0
315.0,1493.0
316.0,1920.0
317.0,1647.0
318.0,1149.0
319.0,940.0
320.0,1084.0
321.0,1448.0
322.0,1871.0
323.0,2091.0
324.0,2970.0
325.0,4608.0
326.0,4405.0
327.0,2834.0
328.0,1865.0
329.0,1593.0
330.0,2128.0
331.0,3644.0
332.0,4472.0
333.0,3457.0
334.0,2203.0
335.0,1923.0
336.0,1857.0
337.0,1596.0
338.0,1283.0
339.0,1200.0
340.0,1336.0
341.0,1532.0
342.0,1699.0
343.0,1537.0
344.0,1561.0
345.0,1901.0
346.0,1971.0
347.0,1737.0
348.0,1926.0
349.0,2635.0
350.0,2967.0
351.0,2307.0
352.0,1670.0
353.0,1666.0
354.0,1775.0
355.0,1719.0
356.0,1714.0
357.0,1768.0
358.0,1632.0
359.0,1490.0
360.0,1261.0
361.0,1082.0
362.0,1300.0
363.0,1756.0
364.0,2400.0
365.0,2735.0
366.0,2979.0
367.0,3958.0
368.0,4809.0
369.0,4393.0
370.0,2732.0
371.0,2181.0
372.0,2364.0
373.0,2850.0
374.0,3930.0
375.0,3827.0
376.0,2633.0
377.0,1811.0
378.0,1719.0
379.0,1834.0
380.0,1826.0
381.0,1704.0
382.0,1607.0
383.0,1423.0
384.0,1376.0
385.0,1498.0
386.0,1759.0
387.0,2341.0
388.0,2795.0
389.0,2575.0
390.0,2417.0
391.0,2652.0
392.0,2994.0
393.0,2684.0
394.0,2032.0
395.0,1970.0
396.0,2225.0
397.0,2349.0
398.0,2287.0
399.0,2577.0
400.0,4162.0
401.0,5199.0
402.0,4166.0
403.0,3061.0
404.0,2315.0
405.0,2073.0
406.0,2283.0
407.0,2960.0
408.0,2964.0
409.0,2357.0
410.0,1952.0
411.0,1928.0
412.0,1861.0
413.0,1799.0
414.0,2091.0
415.0,3279.0
416.0,4583.0
417.0,3757.0
418.0,2308.0
419.0,2314.0
420.0,2242.0
421.0,1993.0
422.0,1800.0
423.0,1975.0
424.0,2875.0
425.0,3629.0
426.0,3448.0
427.0,2935.0
428.0,2670.0
429.0,2597.0
430.0,2464.0
431.0,2342.0
432.0,2398.0
433.0,2475.0
434.0,3019.0
435.0,6191.0
436.0,10683.0
437.0,8223.0
438.0,2921.0
439.0,1519.0
440.0,1932.0
441.0,2420.0
442.0,2675.0
443.0,3844.0
444.0,5350.0
445.0,4721.0
446.0,3169.0
447.0,2313.0
448.0,2058.0
449.0,2321.0
450.0,2478.0
451.0,2233.0
452.0,2299.0
453.0,2410.0
454.0,2069.0
455.0,2154.0
456.0,2998.0
457.0,3803.0
458.0,4462.0
459.0,4404.0
460.0,3348.0
461.0,2893.0
462.0,3079.0
463.0,2804.0
464.0,2157.0
465.0,1937.0
466.0,1744.0
467.0,1612.0
468.0,1919.0
469.0,2754.0
470.0,3234.0
471.0,2734.0
472.0,2555.0
473.0,2939.0
474.0,3000.0
475.0,2446.0
476.0,2003.0
477.0,2004.0
478.0,2309.0
479.0,2595.0
480.0,2426.0
481.0,2099.0
482.0,2583.0
483.0,2711.0
484.0,2614.0
485.0,3032.0
486.0,3785.0
487.0,4595.0
488.0,4230.0
489.0,3100.0
490.0,2793.0
491.0,2837.0
492.0,3130.0
493.0,3346.0
494.0,2961.0
495.0,2135.0
496.0,1893.0
497.0,1861.0
498.0,1953.0
499.0,2137.0
500.0,2897.0
501.0,4110.0
502.0,4674.0
503.0,4914.0
504.0,4598.0
505.0,2962.0
506.0,1773.0
507.0,1661.0
508.0,1680.0
509.0,2055.0
510.0,2715.0
511.0,2883.0
512.0,2522.0
513.0,2482.0
514.0,2803.0
515.0,2994.0
516.0,3135.0
517.0,3449.0
518.0,3666.0
519.0,3074.0
520.0,2496.0
521.0,2088.0
522.0,2126.0
523.0,2360.0
524.0,2502.0
525.0,2491.0
526.0,2572.0
527.0,3055.0
528.0,3057.0
529.0,2924.0
530.0,3904.0
531.0,4474.0
532.0,3993.0
533.0,3481.0
534.0,2901.0
535.0,2556.0
536.0,2304.0
537.0,2123.0
538.0,2007.0
539.0,2273.0
540.0,2932.0
541.0,2965.0
542.0,2383.0
543.0,2234.0
544.0,3055.0
545.0,4100.0
546.0,3673.0
547.0,2774.0
548.0,3106.0
549.0,3479.0
550.0,3073.0
551.0,2627.0
552.0,2386.0
553.0,2560.0
554.0,3113.0
555.0,3263.0
556.0,3011.0
557.0,2884.0
558.0,2565.0
559.0,2155.0
560.0,1895.0
561.0,1852.0
562.0,1896.0
563.0,2080.0
564.0,2533.0
565.0,2820.0
566.0,2784.0
567.0,2495.0
568.0,2142.0
569.0,2200.0
570.0,2390.0
571.0,2110.0
572.0,1642.0
573.0,1608.0
574.0,2161.0
575.0,3070.0
576.0,3536.0
577.0,2804.0
578.0,2136.0
579.0,1932.0
580.0,1734.0
581.0,1557.0
582.0,1627.0
583.0,1819.0
584.0,1994.0
585.0,2099.0
586.0,2160.0
587.0,2431.0
588.0,3074.0
589.0,3572.0
590.0,3612.0
591.0,3225.0
592.0,2412.0
593.0,1976.0
594.0,2040.0
595.0,2088.0
596.0,1846.0
597.0,1813.0
598.0,2044.0
599.0,2019.0
600.0,1824.0
601.0,1875.0
602.0,1799.0
603.0,1485.0
604.0,1515.0
605.0,1905.0
606.0,2205.0
607.0,2512.0
608.0,2536.0
609.0,2453.0
610.0,2443.0
611.0,2394.0
612.0,2495.0
613.0,2166.0
614.0,1842.0
615.0,2092.0
616.0,5521.0
617.0,13971.0
618.0,14784.0
619.0,6427.0
620.0,2358.0
621.0,1586.0
622.0,1806.0
623.0,2453.0
624.0,2652.0
625.0,2085.0
626.0,1734.0
627.0,2019.0
628.0,2546.0
629.0,2797.0
630.0,2559.0
631.0,2171.0
632.0,1884.0
633.0,1607.0
634.0,1579.0
635.0,1884.0
636.0,2097.0
637.0,1950.0
638.0,1815.0
639.0,2018.0
640.0,2340.0
641.0,2073.0
642.0,1723.0
643.0,1825.0
644.0,2159.0
645.0,2125.0
646.0,1847.0
647.0,1952.0
648.0,2024.0
649.0,1805.0
650.0,1448.0
651.0,1262.0
652.0,1302.0
653.0,1607.0
654.0,2146.0
655.0,2405.0
656.0,2001.0
657.0,1915.0
658.0,2543.0
659.0,2778.0
660.0,2329.0
661.0,1971.0
662.0,1734.0
663.0,1645.0
664.0,1698.0
665.0,1685.0
666.0,1703.0
667.0,1823.0
668.0,1920.0
669.0,1599.0
670.0,1728.0
671.0,2346.0
672.0,2343.0
673.0,2116.0
674.0,2058.0
675.0,2027.0
676.0,2309.0
677.0,2766.0
678.0,2676.0
679.0,3863.0
680.0,5101.0
681.0,3735.0
682.0,2273.0
683.0,2322.0
684.0,1962.0
685.0,1321.0
686.0,1272.0
687.0,1420.0
688.0,1593.0
689.0,1599.0
690.0,1681.0
691.0,1773.0
692.0,1580.0
693.0,1754.0
694.0,1877.0
695.0,1527.0
696.0,1341.0
697.0,1296.0
698.0,1138.0
699.0,1205.0
700.0,1682.0
701.0,1934.0
702.0,1784.0
703.0,2124.0
704.0,2127.0
705.0,1667.0
706.0,1344.0
707.0,1208.0
708.0,1319.0
709.0,1619.0
710.0,1756.0
711.0,1864.0
712.0,1804.0
713.0,1998.0
714.0,2095.0
715.0,1542.0
716.0,1156.0
717.0,1245.0
718.0,1420.0
719.0,1350.0
720.0,1274.0
721.0,1535.0
722.0,1870.0
723.0,1978.0
724.0,1785.0
725.0,1431.0
726.0,1297.0
727.0,1281.0
728.0,1334.0
729.0,1242.0
730.0,1125.0
731.0,1297.0
732.0,1565.0
733.0,1524.0
734.0,1624.0
735.0,1418.0
736.0,1042.0
737.0,860.0
738.0,980.0
739.0,1249.0
740.0,1233.0
741.0,1098.0
742.0,972.0
743.0,949.0
744.0,1158.0
745.0,1267.0
746.0,1483.0
747.0,1450.0
748.0,1280.0
749.0,1022.0
750.0,1033.0
751.0,1140.0
752.0,1170.0
753.0,1093.0
754.0,1068.0
755.0,1078.0
756.0,1144.0
757.0,1148.0
758.0,1044.0
759.0,1045.0
760.0,1145.0
761.0,1290.0
762.0,1398.0
763.0,1431.0
764.0,1162.0
765.0,938.0
766.0,859.0
767.0,816.0
768.0,677.0
769.0,616.0
770.0,742.0
771.0,905.0
772.0,916.0
773.0,976.0
774.0,1059.0
775.0,921.0
776.0,735.0
777.0,673.0
778.0,756.0
779.0,825.0
780.0,850.0
781.0,875.0
782.0,818.0
783.0,878.0
784.0,987.0
785.0,799.0
786.0,696.0
787.0,862.0
788.0,861.0
789.0,761.0
790.0,710.0
791.0,835.0
792.0,1051.0
793.0,994.0
794.0,897.0
795.0,908.0
796.0,979.0
797.0,894.0
798.0,716.0
799.0,699.0
800.0,757.0
801.0,716.0
802.0,621.0
803.0,618.0
804.0,723.0
805.0,888.0
806.0,918.0
807.0,791.0
808.0,831.0
809.0,978.0
810.0,917.0
811.0,832.0
812.0,783.0
813.0,765.0
814.0,719.0
815.0,690.0
816.0,633.0
817.0,564.0
818.0,582.0
819.0,715.0
820.0,615.0
821.0,488.0
822.0,517.0
823.0,580.0
824.0,572.0
825.0,470.0
826.0,458.0
827.0,481.0
828.0,516.0
829.0,506.0
830.0,458.0
831.0,446.0
832.0,479.0
833.0,549.0
834.0,629.0
835.0,571.0
836.0,491.0
837.0,456.0
838.0,439.0
839.0,481.0
840.0,542.0
841.0,582.0
842.0,583.0
843.0,481.0
844.0,437.0
845.0,579.0
846.0,624.0
847.0,575.0
848.0,534.0
849.0,490.0
850.0,463.0
851.0,439.0
852.0,397.0
853.0,457.0
854.0,568.0
855.0,623.0
856.0,587.0
857.0,523.0
858.0,467.0
859.0,373.0
860.0,303.0
861.0,351.0
862.0,447.0
863.0,564.0
864.0,530.0
865.0,413.0
866.0,371.0
867.0,416.0
868.0,467.0
869.0,473.0
870.0,433.0
871.0,409.0
872.0,458.0
873.0,448.0
874.0,440.0
875.0,397.0
876.0,429.0
877.0,449.0
878.0,386.0
879.0,314.0
880.0,345.0
881.0,349.0
882.0,420.0
883.0,416.0
884.0,398.0
885.0,395.0
886.0,419.0
887.0,416.0
888.0,365.0
889.0,405.0
890.0,417.0
891.0,361.0
892.0,336.0
893.0,387.0
894.0,453.0
895.0,586.0
896.0,591.0
897.0,1273.0
898.0,4652.0
899.0,6772.0
900.0,3432.0
901.0,758.0
902.0,427.0
903.0,341.0
904.0,282.0
905.0,284.0
906.0,301.0
907.0,327.0
908.0,290.0
909.0,299.0
910.0,274.0
911.0,253.0
912.0,308.0
913.0,392.0
914.0,366.0
915.0,328.0
916.0,298.0
917.0,310.0
918.0,303.0
919.0,309.0
920.0,342.0
921.0,303.0
922.0,280.0
923.0,238.0
924.0,242.0
925.0,264.0
926.0,306.0
927.0,310.0
928.0,336.0
929.0,328.0
930.0,274.0
931.0,227.0
932.0,213.0
933.0,248.0
934.0,240.0
935.0,226.0
936.0,265.0
937.0,268.0
938.0,272.0
939.0,312.0
940.0,326.0
941.0,269.0
942.0,206.0
943.0,216.0
944.0,236.0
945.0,274.0
946.0,759.0
947.0,1633.0
948.0,1439.0
949.0,553.0
950.0,282.0
951.0,243.0
952.0,220.0
953.0,211.0
954.0,254.0
955.0,250.0
956.0,240.0
957.0,278.0
958.0,244.0
959.0,193.0
960.0,173.0
961.0,183.0
962.0,192.0
963.0,203.0
964.0,186.0
965.0,188.0
966.0,179.0
967.0,180.0
968.0,178.0
969.0,182.0
970.0,207.0
971.0,204.0
972.0,229.0
973.0,202.0
974.0,165.0
975.0,167.0
976.0,151.0
977.0,180.0
978.0,166.0
979.0,158.0
980.0,155.0
981.0,176.0
982.0,145.0
983.0,148.0
984.0,150.0
985.0,155.0
986.0,162.0
987.0,157.0
988.0,117.0
989.0,144.0
990.0,130.0
991.0,143.0
992.0,131.0
993.0,129.0
994.0,119.0
995.0,127.0
996.0,151.0
997.0,160.0
998.0,163.0
999.0,161.0
1000.0,149.0
1001.0,137.0
1002.0,124.0
1003.0,118.0
1004.0,130.0
1005.0,141.0
1006.0,138.0
1007.0,130.0
1008.0,116.0
1009.0,108.0
1010.0,121.0
1011.0,122.0
1012.0,107.0
1013.0,121.0
1014.0,120.0
1015.0,95.0
1016.0,88.0
1017.0,91.0
1018.0,105.0
1019.0,95.0
1020.0,111.0
1021.0,103.0
1022.0,122.0
1023.0,136.0
