0.0,143.0
1.0,211.0
2.0,129.0
3.0,147.0
4.0,173.0
5.0,158.0
6.0,151.0
7.0,169.0
8.0,350.0
9.0,1400.0
10.0,3838.0
11.0,3821.0
12.0,1348.0
13.0,266.0
14.0,146.0
15.0,152.0
16.0,195.0
17.0,195.0
18.0,139.0
19.0,138.0
20.0,150.0
21.0,185.0
22.0,283.0
23.0,431.0
24.0,470.0
25.0,307.0
26.0,184.0
27.0,148.0
28.0,143.0
29.0,157.0
30.0,184.0
31.0,216.0
32.0,189.0
33.0,185.0
34.0,212.0
35.0,235.0
36.0,276.0
37.0,424.0
38.0,569.0
39.0,431.0
40.0,248.0
41.0,158.0
42.0,185.0
43.0,200.0
44.0,216.0
45.0,250.0
46.0,302.0
47.0,340.0
48.0,269.0
49.0,217.0
50.0,212.0
51.0,278.0
52.0,401.0
53.0,530.0
54.0,545.0
55.0,461.0
56.0,316.0
57.0,242.0
58.0,218.0
59.0,207.0
60.0,212.0
61.0,184.0
62.0,203.0
63.0,266.0
64.0,336.0
65.0,288.0
66.0,263.0
67.0,303.0
68.0,363.0
69.0,450.0
70.0,556.0
71.0,470.0
72.0,426.0
73.0,484.0
74.0,389.0
75.0,311.0
76.0,315.0
77.0,276.0
78.0,258.0
79.0,314.0
80.0,298.0
81.0,245.0
82.0,355.0
83.0,408.0
84.0,331.0
85.0,255.0
86.0,281.0
87.0,408.0
88.0,741.0
89.0,753.0
90.0,490.0
91.0,404.0
92.0,506.0
93.0,508.0
94.0,365.0
95.0,270.0
96.0,299.0
97.0,315.0
98.0,371.0
99.0,350.0
100.0,345.0
101.0,309.0
102.0,402.0
103.0,626.0
104.0,600.0
105.0,406.0
106.0,329.0
107.0,461.0
108.0,847.0
109.0,884.0
110.0,528.0
111.0,411.0
112.0,367.0
113.0,551.0
114.0,696.0
115.0,605.0
116.0,454.0
117.0,411.0
118.0,392.0
119.0,435.0
120.0,453.0
121.0,474.0
122.0,500.0
123.0,498.0
124.0,559.0
125.0,569.0
126.0,468.0
127.0,444.0
128.0,625.0
129.0,987.0
130.0,1056.0
131.0,649.0
132.0,449.0
133.0,451.0
134.0,455.0
135.0,472.0
136.0,630.0
137.0,689.0
138.0,679.0
139.0,588.0
140.0,537.0
141.0,515.0
142.0,546.0
143.0,453.0
144.0,474.0
145.0,481.0
146.0,490.0
147.0,655.0
148.0,829.0
149.0,743.0
150.0,613.0
151.0,803.0
152.0,1348.0
153.0,1400.0
154.0,798.0
155.0,450.0
156.0,468.0
157.0,539.0
158.0,582.0
159.0,632.0
160.0,838.0
161.0,1140.0
162.0,1281.0
163.0,1018.0
164.0,721.0
165.0,631.0
166.0,587.0
167.0,631.0
168.0,673.0
169.0,667.0
170.0,666.0
171.0,636.0
172.0,773.0
173.0,997.0
174.0,819.0
175.0,741.0
176.0,1188.0
177.0,1558.0
178.0,1082.0
179.0,641.0
180.0,661.0
181.0,718.0
182.0,706.0
183.0,729.0
184.0,750.0
185.0,1069.0
186.0,1241.0
187.0,842.0
188.0,509.0
189.0,479.0
190.0,612.0
191.0,828.0
192.0,806.0
193.0,660.0
194.0,644.0
195.0,697.0
196.0,789.0
197.0,999.0
198.0,1348.0
199.0,1543.0
200.0,1196.0
201.0,958.0
202.0,1313.0
203.0,1457.0
204.0,1100.0
205.0,1059.0
206.0,1004.0
207.0,815.0
208.0,767.0
209.0,824.0
210.0,942.0
211.0,887.0
212.0,998.0
213.0,1154.0
214.0,1063.0
215.0,913.0
216.0,878.0
217.0,965.0
218.0,936.0
219.0,872.0
220.0,868.0
221.0,870.0
222.0,866.0
223.0,796.0
224.0,802.0
225.0,967.0
226.0,1691.0
227.0,4005.0
228.0,6976.0
229.0,6053.0
230.0,2955.0
231.0,1495.0
232.0,867.0
233.0,771.0
234.0,955.0
235.0,1512.0
236.0,2064.0
237.0,1836.0
238.0,1257.0
239.0,1113.0
240.0,1349.0
241.0,1619.0
242.0,1425.0
243.0,1110.0
244.0,1090.0
245.0,960.0
246.0,915.0
247.0,885.0
248.0,1053.0
249.0,1243.0
250.0,1309.0
251.0,1134.0
252.0,916.0
253.0,985.0
254.0,1363.0
255.0,1818.0
256.0,1730.0
257.0,1471.0
258.0,1932.0
259.0,1943.0
260.0,1274.0
261.0,1001.0
262.0,905.0
263.0,975.0
264.0,1143.0
265.0,1219.0
266.0,1028.0
267.0,937.0
268.0,1012.0
269.0,1076.0
270.0,1447.0
271.0,1964.0
272.0,1646.0
273.0,1186.0
274.0,1358.0
275.0,1377.0
276.0,1171.0
277.0,1001.0
278.0,1027.0
279.0,1305.0
280.0,1261.0
281.0,1080.0
282.0,1373.0
283.0,1499.0
284.0,1401.0
285.0,1736.0
286.0,1839.0
287.0,1723.0
288.0,2216.0
289.0,2214.0
290.0,1540.0
291.0,1253.0
292.0,1091.0
293.0,1026.0
294.0,1110.0
295.0,1134.0
296.0,1099.0
297.0,1107.0
298.0,1388.0
299.0,1782.0
300.0,1710.0
301.0,1606.0
302.0,1787.0
303.0,1482.0
304.0,1226.0
305.0,1249.0
306.0,1341.0
307.0,1334.0
308.0,1335.0
309.0,1349.0
310.0,1462.0
311.0,1540.0
312.0,1495.0
313.0,1876.0
314.0,2195.0
315.0,1873.0
316.0,1863.0
317.0,2273.0
318.0,2195.0
319.0,2225.0
320.0,2218.0
321.0,1791.0
322.0,1620.0
323.0,1663.0
324.0,1514.0
325.0,1085.0
326.0,929.0
327.0,983.0
328.0,1110.0
329.0,1203.0
330.0,1502.0
331.0,1968.0
332.0,2040.0
333.0,1787.0
334.0,1835.0
335.0,1744.0
336.0,1500.0
337.0,1622.0
338.0,1877.0
339.0,2052.0
340.0,1935.0
341.0,1580.0
342.0,1331.0
343.0,1569.0
344.0,1967.0
345.0,1879.0
346.0,1868.0
347.0,1849.0
348.0,1558.0
349.0,1629.0
350.0,2147.0
351.0,2664.0
352.0,2882.0
353.0,2454.0
354.0,2112.0
355.0,2099.0
356.0,1845.0
357.0,1487.0
358.0,1436.0
359.0,1599.0
360.0,1698.0
361.0,1858.0
362.0,2005.0
363.0,1989.0
364.0,1877.0
365.0,1779.0
366.0,1844.0
367.0,1829.0
368.0,1955.0
369.0,2052.0
370.0,1766.0
371.0,1744.0
372.0,1916.0
373.0,1988.0
374.0,2005.0
375.0,2127.0
376.0,2140.0
377.0,2161.0
378.0,1958.0
379.0,1599.0
380.0,1444.0
381.0,1477.0
382.0,1638.0
383.0,2224.0
384.0,2632.0
385.0,2557.0
386.0,2619.0
387.0,2385.0
388.0,2096.0
389.0,2094.0
390.0,2142.0
391.0,1999.0
392.0,1793.0
393.0,1475.0
394.0,1311.0
395.0,1446.0
396.0,1519.0
397.0,1812.0
398.0,1969.0
399.0,1806.0
400.0,1527.0
401.0,1390.0
402.0,1423.0
403.0,1667.0
404.0,2067.0
405.0,2336.0
406.0,2537.0
407.0,2262.0
408.0,1710.0
409.0,1584.0
410.0,1932.0
411.0,2074.0
412.0,1990.0
413.0,1770.0
414.0,1547.0
415.0,1792.0
416.0,2443.0
417.0,2895.0
418.0,4508.0
419.0,8475.0
420.0,8387.0
421.0,4610.0
422.0,3202.0
423.0,2524.0
424.0,1851.0
425.0,1504.0
426.0,1160.0
427.0,1109.0
428.0,1416.0
429.0,1628.0
430.0,1644.0
431.0,1752.0
432.0,2105.0
433.0,2287.0
434.0,2572.0
435.0,2584.0
436.0,2183.0
437.0,1990.0
438.0,1837.0
439.0,1893.0
440.0,2283.0
441.0,2381.0
442.0,2104.0
443.0,1876.0
444.0,1949.0
445.0,2320.0
446.0,2306.0
447.0,1795.0
448.0,1721.0
449.0,1840.0
450.0,2086.0
451.0,2362.0
452.0,2244.0
453.0,1838.0
454.0,1588.0
455.0,1845.0
456.0,2472.0
457.0,2831.0
458.0,2553.0
459.0,2043.0
460.0,1993.0
461.0,2648.0
462.0,2603.0
463.0,1975.0
464.0,1830.0
465.0,2071.0
466.0,2149.0
467.0,2229.0
468.0,2459.0
469.0,2208.0
470.0,1702.0
471.0,1563.0
472.0,1618.0
473.0,1623.0
474.0,1874.0
475.0,2035.0
476.0,1854.0
477.0,1760.0
478.0,1936.0
479.0,2133.0
480.0,2215.0
481.0,2325.0
482.0,2378.0
483.0,2355.0
484.0,2270.0
485.0,2716.0
486.0,3294.0
487.0,2977.0
488.0,2467.0
489.0,2565.0
490.0,2463.0
491.0,1829.0
492.0,1693.0
493.0,1866.0
494.0,1950.0
495.0,2278.0
496.0,2480.0
497.0,2096.0
498.0,1800.0
499.0,1732.0
500.0,1923.0
501.0,2284.0
502.0,2537.0
503.0,2748.0
504.0,2444.0
505.0,2012.0
506.0,2088.0
507.0,2439.0
508.0,2611.0
509.0,2543.0
510.0,2340.0
511.0,2024.0
512.0,1644.0
513.0,1614.0
514.0,1823.0
515.0,1902.0
516.0,1644.0
517.0,1681.0
518.0,2037.0
519.0,2334.0
520.0,2468.0
521.0,2396.0
522.0,5765.0
523.0,20703.0
524.0,28212.0
525.0,13910.0
526.0,3505.0
527.0,2343.0
528.0,2609.0
529.0,3075.0
530.0,3465.0
531.0,3542.0
532.0,2787.0
533.0,2111.0
534.0,2394.0
535.0,2703.0
536.0,2488.0
537.0,2223.0
538.0,2376.0
539.0,2524.0
540.0,2502.0
541.0,2330.0
542.0,2309.0
543.0,2566.0
544.0,2512.0
545.0,1854.0
546.0,1387.0
547.0,1759.0
548.0,2125.0
549.0,2297.0
550.0,2727.0
551.0,2903.0
552.0,2513.0
553.0,2065.0
554.0,2134.0
555.0,2449.0
556.0,2409.0
557.0,2243.0
558.0,2106.0
559.0,2105.0
560.0,2150.0
561.0,1811.0
562.0,1812.0
563.0,2069.0
564.0,2280.0
565.0,2075.0
566.0,1647.0
567.0,1914.0
568.0,3603.0
569.0,4714.0
570.0,3619.0
571.0,2453.0
572.0,2122.0
573.0,2041.0
574.0,1911.0
575.0,2004.0
576.0,2322.0
577.0,2347.0
578.0,2402.0
579.0,2772.0
580.0,2915.0
581.0,3278.0
582.0,20432.0
583.0,58082.0
584.0,81767.0
585.0,82100.0
586.0,57280.0
587.0,29430.0
588.0,2420.0
589.0,2069.0
590.0,1897.0
591.0,1898.0
592.0,2103.0
593.0,2604.0
594.0,2513.0
595.0,2273.0
596.0,2309.0
597.0,2141.0
598.0,1727.0
599.0,1611.0
600.0,1694.0
601.0,2166.0
602.0,2726.0
603.0,2571.0
604.0,1977.0
605.0,1633.0
606.0,1641.0
607.0,2151.0
608.0,2790.0
609.0,2307.0
610.0,1889.0
611.0,2087.0
612.0,2087.0
613.0,1754.0
614.0,1581.0
615.0,1569.0
616.0,2079.0
617.0,2631.0
618.0,2435.0
619.0,1994.0
620.0,1884.0
621.0,1967.0
622.0,1782.0
623.0,1640.0
624.0,1627.0
625.0,1740.0
626.0,1729.0
627.0,1566.0
628.0,1458.0
629.0,1474.0
630.0,1464.0
631.0,1437.0
632.0,1541.0
633.0,1635.0
634.0,1544.0
635.0,1425.0
636.0,1174.0
637.0,1220.0
638.0,1550.0
639.0,1662.0
640.0,1555.0
641.0,1644.0
642.0,1857.0
643.0,1923.0
644.0,2036.0
645.0,1856.0
646.0,1656.0
647.0,1639.0
648.0,1781.0
649.0,1666.0
650.0,1443.0
651.0,1488.0
652.0,1650.0
653.0,1551.0
654.0,1534.0
655.0,1534.0
656.0,1407.0
657.0,1296.0
658.0,1443.0
659.0,1698.0
660.0,1849.0
661.0,1712.0
662.0,1353.0
663.0,1337.0
664.0,1800.0
665.0,2788.0
666.0,2634.0
667.0,1574.0
668.0,1159.0
669.0,1227.0
670.0,1444.0
671.0,1523.0
672.0,1540.0
673.0,1725.0
674.0,1854.0
675.0,2407.0
676.0,3273.0
677.0,2455.0
678.0,1447.0
679.0,1325.0
680.0,1237.0
681.0,1126.0
682.0,1160.0
683.0,1416.0
684.0,1630.0
685.0,1684.0
686.0,1768.0
687.0,1657.0
688.0,1394.0
689.0,1276.0
690.0,1264.0
691.0,1188.0
692.0,1004.0
693.0,1055.0
694.0,1373.0
695.0,1500.0
696.0,1368.0
697.0,1204.0
698.0,1208.0
699.0,1205.0
700.0,1020.0
701.0,930.0
702.0,875.0
703.0,949.0
704.0,1191.0
705.0,1392.0
706.0,1486.0
707.0,1363.0
708.0,1033.0
709.0,966.0
710.0,1239.0
711.0,1464.0
712.0,1239.0
713.0,978.0
714.0,866.0
715.0,962.0
716.0,1204.0
717.0,1153.0
718.0,1008.0
719.0,1085.0
720.0,1173.0
721.0,1203.0
722.0,1140.0
723.0,1200.0
724.0,1072.0
725.0,990.0
726.0,1083.0
727.0,1092.0
728.0,981.0
729.0,961.0
730.0,994.0
731.0,917.0
732.0,828.0
733.0,886.0
734.0,942.0
735.0,1026.0
736.0,1032.0
737.0,1088.0
738.0,1032.0
739.0,1003.0
740.0,1029.0
741.0,988.0
742.0,1029.0
743.0,1080.0
744.0,996.0
745.0,865.0
746.0,1000.0
747.0,1166.0
748.0,1110.0
749.0,949.0
750.0,893.0
751.0,927.0
752.0,841.0
753.0,881.0
754.0,1143.0
755.0,1241.0
756.0,984.0
757.0,797.0
758.0,748.0
759.0,842.0
760.0,916.0
761.0,813.0
762.0,734.0
763.0,729.0
764.0,714.0
765.0,810.0
766.0,921.0
767.0,890.0
768.0,725.0
769.0,769.0
770.0,827.0
771.0,846.0
772.0,911.0
773.0,805.0
774.0,639.0
775.0,585.0
776.0,726.0
777.0,823.0
778.0,741.0
779.0,675.0
780.0,719.0
781.0,845.0
782.0,934.0
783.0,865.0
784.0,801.0
785.0,793.0
786.0,801.0
787.0,803.0
788.0,839.0
789.0,886.0
790.0,890.0
791.0,790.0
792.0,1685.0
793.0,8418.0
794.0,16023.0
795.0,10651.0
796.0,2264.0
797.0,799.0
798.0,695.0
799.0,749.0
800.0,717.0
801.0,667.0
802.0,760.0
803.0,855.0
804.0,790.0
805.0,728.0
806.0,760.0
807.0,717.0
808.0,621.0
809.0,491.0
810.0,444.0
811.0,523.0
812.0,589.0
813.0,553.0
814.0,606.0
815.0,610.0
816.0,595.0
817.0,604.0
818.0,670.0
819.0,665.0
820.0,613.0
821.0,563.0
822.0,517.0
823.0,625.0
824.0,713.0
825.0,784.0
826.0,691.0
827.0,573.0
828.0,547.0
829.0,638.0
830.0,774.0
831.0,713.0
832.0,567.0
833.0,546.0
834.0,524.0
835.0,485.0
836.0,510.0
837.0,504.0
838.0,561.0
839.0,556.0
840.0,526.0
841.0,474.0
842.0,483.0
843.0,632.0
844.0,774.0
845.0,719.0
846.0,615.0
847.0,564.0
848.0,527.0
849.0,527.0
850.0,527.0
851.0,544.0
852.0,522.0
853.0,464.0
854.0,450.0
855.0,486.0
856.0,551.0
857.0,600.0
858.0,607.0
859.0,478.0
860.0,381.0
861.0,356.0
862.0,407.0
863.0,423.0
864.0,401.0
865.0,463.0
866.0,562.0
867.0,585.0
868.0,589.0
869.0,651.0
870.0,567.0
871.0,488.0
872.0,412.0
873.0,454.0
874.0,1384.0
875.0,4655.0
876.0,7151.0
877.0,5640.0
878.0,4020.0
879.0,4164.0
880.0,2992.0
881.0,1716.0
882.0,3318.0
883.0,3755.0
884.0,1674.0
885.0,612.0
886.0,1673.0
887.0,4018.0
888.0,3500.0
889.0,1676.0
890.0,1981.0
891.0,1867.0
892.0,2594.0
893.0,4376.0
894.0,3823.0
895.0,1720.0
896.0,596.0
897.0,704.0
898.0,2787.0
899.0,5672.0
900.0,4024.0
901.0,1123.0
902.0,443.0
903.0,549.0
904.0,2016.0
905.0,3387.0
906.0,3090.0
907.0,3323.0
908.0,2444.0
909.0,815.0
910.0,510.0
911.0,1623.0
912.0,3317.0
913.0,2307.0
914.0,828.0
915.0,1698.0
916.0,2654.0
917.0,1995.0
918.0,1285.0
919.0,1706.0
920.0,3389.0
921.0,2886.0
922.0,894.0
923.0,491.0
924.0,729.0
925.0,1714.0
926.0,2133.0
927.0,1403.0
928.0,1751.0
929.0,3183.0
930.0,3253.0
931.0,1267.0
932.0,383.0
933.0,320.0
934.0,347.0
935.0,700.0
936.0,1676.0
937.0,1757.0
938.0,901.0
939.0,2100.0
940.0,3494.0
941.0,1985.0
942.0,558.0
943.0,437.0
944.0,343.0
945.0,266.0
946.0,366.0
947.0,601.0
948.0,1287.0
949.0,1341.0
950.0,1233.0
951.0,2335.0
952.0,2339.0
953.0,1340.0
954.0,647.0
955.0,271.0
956.0,242.0
957.0,253.0
958.0,243.0
959.0,243.0
960.0,393.0
961.0,899.0
962.0,1193.0
963.0,1802.0
964.0,1959.0
965.0,795.0
966.0,544.0
967.0,742.0
968.0,511.0
969.0,215.0
970.0,182.0
971.0,187.0
972.0,210.0
973.0,197.0
974.0,261.0
975.0,681.0
976.0,1311.0
977.0,1660.0
978.0,991.0
979.0,259.0
980.0,197.0
981.0,398.0
982.0,598.0
983.0,385.0
984.0,165.0
985.0,143.0
986.0,156.0
987.0,188.0
988.0,173.0
989.0,179.0
990.0,544.0
991.0,1189.0
992.0,1085.0
993.0,415.0
994.0,155.0
995.0,138.0
996.0,158.0
997.0,267.0
998.0,407.0
999.0,279.0
1000.0,125.0
1001.0,128.0
1002.0,110.0
1003.0,112.0
1004.0,110.0
1005.0,173.0
1006.0,480.0
1007.0,799.0
1008.0,504.0
1009.0,197.0
1010.0,132.0
1011.0,105.0
1012.0,103.0
1013.0,114.0
1014.0,165.0
1015.0,283.0
1016.0,213.0
1017.0,117.0
1018.0,91.0
1019.0,73.0
1020.0,94.0
1021.0,84.0
1022.0,124.0
1023.0,314.0
