0.0,10.0
1.0,21.0
2.0,17.0
3.0,24.0
4.0,7.0
5.0,26.0
6.0,23.0
7.0,26.0
8.0,26.0
9.0,17.0
10.0,11.0
11.0,21.0
12.0,7.0
13.0,16.0
14.0,15.0
15.0,17.0
16.0,30.0
17.0,22.0
18.0,8.0
19.0,11.0
20.0,13.0
21.0,19.0
22.0,29.0
23.0,19.0
24.0,12.0
25.0,24.0
26.0,17.0
27.0,20.0
28.0,23.0
29.0,29.0
30.0,20.0
31.0,29.0
32.0,24.0
33.0,26.0
34.0,25.0
35.0,23.0
36.0,20.0
37.0,21.0
38.0,23.0
39.0,21.0
40.0,28.0
41.0,28.0
42.0,24.0
43.0,27.0
44.0,24.0
45.0,28.0
46.0,33.0
47.0,36.0
48.0,27.0
49.0,26.0
50.0,28.0
51.0,28.0
52.0,37.0
53.0,31.0
54.0,44.0
55.0,22.0
56.0,44.0
57.0,34.0
58.0,25.0
59.0,30.0
60.0,35.0
61.0,32.0
62.0,39.0
63.0,41.0
64.0,36.0
65.0,38.0
66.0,31.0
67.0,34.0
68.0,45.0
69.0,37.0
70.0,43.0
71.0,66.0
72.0,71.0
73.0,45.0
74.0,53.0
75.0,29.0
76.0,43.0
77.0,40.0
78.0,34.0
79.0,34.0
80.0,36.0
81.0,41.0
82.0,40.0
83.0,39.0
84.0,59.0
85.0,35.0
86.0,38.0
87.0,41.0
88.0,38.0
89.0,42.0
90.0,46.0
91.0,49.0
92.0,44.0
93.0,70.0
94.0,43.0
95.0,50.0
96.0,42.0
97.0,45.0
98.0,59.0
99.0,58.0
100.0,58.0
101.0,47.0
102.0,51.0
103.0,56.0
104.0,48.0
105.0,61.0
106.0,50.0
107.0,41.0
108.0,56.0
109.0,49.0
110.0,54.0
111.0,41.0
112.0,54.0
113.0,50.0
114.0,63.0
115.0,52.0
116.0,63.0
117.0,59.0
118.0,54.0
119.0,50.0
120.0,64.0
121.0,51.0
122.0,61.0
123.0,68.0
124.0,63.0
125.0,61.0
126.0,70.0
127.0,55.0
128.0,68.0
129.0,82.0
130.0,75.0
131.0,60.0
132.0,66.0
133.0,77.0
134.0,65.0
135.0,71.0
136.0,68.0
137.0,67.0
138.0,65.0
139.0,66.0
140.0,66.0
141.0,72.0
142.0,82.0
143.0,68.0
144.0,66.0
145.0,74.0
146.0,70.0
147.0,72.0
148.0,83.0
149.0,78.0
150.0,81.0
151.0,77.0
152.0,80.0
153.0,92.0
154.0,81.0
155.0,69.0
156.0,70.0
157.0,75.0
158.0,92.0
159.0,89.0
160.0,88.0
161.0,86.0
162.0,96.0
163.0,73.0
164.0,78.0
165.0,90.0
166.0,90.0
167.0,90.0
168.0,101.0
169.0,102.0
170.0,85.0
171.0,89.0
172.0,83.0
173.0,103.0
174.0,99.0
175.0,108.0
176.0,101.0
177.0,90.0
178.0,99.0
179.0,101.0
180.0,81.0
181.0,102.0
182.0,95.0
183.0,91.0
184.0,108.0
185.0,97.0
186.0,87.0
187.0,102.0
188.0,91.0
189.0,93.0
190.0,97.0
191.0,98.0
192.0,106.0
193.0,111.0
194.0,81.0
195.0,125.0
196.0,100.0
197.0,107.0
198.0,92.0
199.0,104.0
200.0,112.0
201.0,117.0
202.0,119.0
203.0,99.0
204.0,124.0
205.0,103.0
206.0,91.0
207.0,119.0
208.0,98.0
209.0,100.0
210.0,112.0
211.0,129.0
212.0,134.0
213.0,169.0
214.0,244.0
215.0,246.0
216.0,176.0
217.0,153.0
218.0,119.0
219.0,103.0
220.0,100.0
221.0,112.0
222.0,119.0
223.0,137.0
224.0,139.0
225.0,135.0
226.0,127.0
227.0,138.0
228.0,137.0
229.0,126.0
230.0,114.0
231.0,118.0
232.0,129.0
233.0,129.0
234.0,141.0
235.0,154.0
236.0,153.0
237.0,150.0
238.0,133.0
239.0,159.0
240.0,141.0
241.0,151.0
242.0,147.0
243.0,161.0
244.0,152.0
245.0,163.0
246.0,169.0
247.0,143.0
248.0,158.0
249.0,163.0
250.0,162.0
251.0,139.0
252.0,134.0
253.0,152.0
254.0,156.0
255.0,144.0
256.0,166.0
257.0,206.0
258.0,785.0
259.0,1634.0
260.0,1281.0
261.0,365.0
262.0,164.0
263.0,174.0
264.0,149.0
265.0,158.0
266.0,136.0
267.0,152.0
268.0,153.0
269.0,142.0
270.0,183.0
271.0,166.0
272.0,157.0
273.0,166.0
274.0,145.0
275.0,175.0
276.0,169.0
277.0,183.0
278.0,296.0
279.0,499.0
280.0,412.0
281.0,194.0
282.0,176.0
283.0,178.0
284.0,173.0
285.0,170.0
286.0,163.0
287.0,174.0
288.0,181.0
289.0,152.0
290.0,177.0
291.0,192.0
292.0,179.0
293.0,160.0
294.0,156.0
295.0,183.0
296.0,188.0
297.0,184.0
298.0,150.0
299.0,164.0
300.0,170.0
301.0,177.0
302.0,176.0
303.0,156.0
304.0,158.0
305.0,173.0
306.0,168.0
307.0,188.0
308.0,153.0
309.0,164.0
310.0,177.0
311.0,171.0
312.0,193.0
313.0,169.0
314.0,164.0
315.0,183.0
316.0,191.0
317.0,198.0
318.0,162.0
319.0,174.0
320.0,142.0
321.0,145.0
322.0,162.0
323.0,223.0
324.0,217.0
325.0,190.0
326.0,167.0
327.0,161.0
328.0,185.0
329.0,156.0
330.0,178.0
331.0,168.0
332.0,171.0
333.0,170.0
334.0,178.0
335.0,193.0
336.0,190.0
337.0,171.0
338.0,191.0
339.0,205.0
340.0,214.0
341.0,204.0
342.0,211.0
343.0,212.0
344.0,198.0
345.0,182.0
346.0,191.0
347.0,190.0
348.0,199.0
349.0,239.0
350.0,214.0
351.0,203.0
352.0,187.0
353.0,196.0
354.0,210.0
355.0,222.0
356.0,209.0
357.0,202.0
358.0,218.0
359.0,244.0
360.0,261.0
361.0,225.0
362.0,218.0
363.0,221.0
364.0,206.0
365.0,173.0
366.0,190.0
367.0,175.0
368.0,185.0
369.0,179.0
370.0,199.0
371.0,198.0
372.0,189.0
373.0,221.0
374.0,264.0
375.0,206.0
376.0,211.0
377.0,206.0
378.0,253.0
379.0,253.0
380.0,243.0
381.0,228.0
382.0,203.0
383.0,201.0
384.0,190.0
385.0,203.0
386.0,196.0
387.0,219.0
388.0,209.0
389.0,223.0
390.0,226.0
391.0,229.0
392.0,220.0
393.0,228.0
394.0,230.0
395.0,254.0
396.0,234.0
397.0,212.0
398.0,215.0
399.0,234.0
400.0,256.0
401.0,228.0
402.0,225.0
403.0,252.0
404.0,236.0
405.0,247.0
406.0,232.0
407.0,234.0
408.0,245.0
409.0,263.0
410.0,269.0
411.0,289.0
412.0,298.0
413.0,280.0
414.0,249.0
415.0,244.0
416.0,243.0
417.0,237.0
418.0,250.0
419.0,234.0
420.0,222.0
421.0,181.0
422.0,187.0
423.0,204.0
424.0,227.0
425.0,212.0
426.0,225.0
427.0,244.0
428.0,229.0
429.0,242.0
430.0,205.0
431.0,208.0
432.0,218.0
433.0,206.0
434.0,208.0
435.0,226.0
436.0,213.0
437.0,222.0
438.0,235.0
439.0,222.0
440.0,244.0
441.0,265.0
442.0,260.0
443.0,235.0
444.0,256.0
445.0,237.0
446.0,244.0
447.0,250.0
448.0,231.0
449.0,199.0
450.0,187.0
451.0,224.0
452.0,210.0
453.0,222.0
454.0,238.0
455.0,250.0
456.0,256.0
457.0,253.0
458.0,261.0
459.0,252.0
460.0,254.0
461.0,255.0
462.0,233.0
463.0,252.0
464.0,277.0
465.0,279.0
466.0,290.0
467.0,307.0
468.0,322.0
469.0,352.0
470.0,419.0
471.0,1649.0
472.0,8441.0
473.0,11766.0
474.0,5194.0
475.0,682.0
476.0,345.0
477.0,288.0
478.0,270.0
479.0,268.0
480.0,242.0
481.0,228.0
482.0,253.0
483.0,263.0
484.0,272.0
485.0,230.0
486.0,242.0
487.0,280.0
488.0,323.0
489.0,330.0
490.0,303.0
491.0,289.0
492.0,257.0
493.0,214.0
494.0,219.0
495.0,241.0
496.0,354.0
497.0,488.0
498.0,407.0
499.0,295.0
500.0,268.0
501.0,254.0
502.0,248.0
503.0,265.0
504.0,286.0
505.0,271.0
506.0,258.0
507.0,254.0
508.0,243.0
509.0,315.0
510.0,312.0
511.0,281.0
512.0,265.0
513.0,234.0
514.0,256.0
515.0,270.0
516.0,264.0
517.0,252.0
518.0,237.0
519.0,241.0
520.0,318.0
521.0,347.0
522.0,307.0
523.0,282.0
524.0,455.0
525.0,1010.0
526.0,1463.0
527.0,1161.0
528.0,964.0
529.0,842.0
530.0,600.0
531.0,861.0
532.0,911.0
533.0,498.0
534.0,413.0
535.0,738.0
536.0,1024.0
537.0,1193.0
538.0,1364.0
539.0,1465.0
540.0,1427.0
541.0,1294.0
542.0,1204.0
543.0,755.0
544.0,396.0
545.0,663.0
546.0,1333.0
547.0,1383.0
548.0,867.0
549.0,557.0
550.0,629.0
551.0,1110.0
552.0,1285.0
553.0,1107.0
554.0,1117.0
555.0,958.0
556.0,557.0
557.0,861.0
558.0,1287.0
559.0,1068.0
560.0,615.0
561.0,553.0
562.0,1148.0
563.0,1249.0
564.0,803.0
565.0,897.0
566.0,891.0
567.0,852.0
568.0,846.0
569.0,548.0
570.0,482.0
571.0,904.0
572.0,1338.0
573.0,1312.0
574.0,1043.0
575.0,873.0
576.0,599.0
577.0,380.0
578.0,257.0
579.0,282.0
580.0,455.0
581.0,1328.0
582.0,1950.0
583.0,1263.0
584.0,661.0
585.0,633.0
586.0,495.0
587.0,414.0
588.0,376.0
589.0,570.0
590.0,659.0
591.0,606.0
592.0,1159.0
593.0,1545.0
594.0,939.0
595.0,369.0
596.0,259.0
597.0,359.0
598.0,566.0
599.0,677.0
600.0,590.0
601.0,490.0
602.0,520.0
603.0,933.0
604.0,1198.0
605.0,1003.0
606.0,773.0
607.0,442.0
608.0,302.0
609.0,335.0
610.0,530.0
611.0,497.0
612.0,291.0
613.0,240.0
614.0,293.0
615.0,734.0
616.0,1101.0
617.0,885.0
618.0,771.0
619.0,781.0
620.0,600.0
621.0,460.0
622.0,398.0
623.0,288.0
624.0,407.0
625.0,434.0
626.0,302.0
627.0,278.0
628.0,635.0
629.0,972.0
630.0,693.0
631.0,501.0
632.0,666.0
633.0,754.0
634.0,618.0
635.0,363.0
636.0,236.0
637.0,220.0
638.0,185.0
639.0,193.0
640.0,206.0
641.0,280.0
642.0,514.0
643.0,782.0
644.0,770.0
645.0,602.0
646.0,634.0
647.0,552.0
648.0,627.0
649.0,636.0
650.0,330.0
651.0,212.0
652.0,198.0
653.0,203.0
654.0,210.0
655.0,222.0
656.0,234.0
657.0,267.0
658.0,551.0
659.0,762.0
660.0,632.0
661.0,370.0
662.0,300.0
663.0,392.0
664.0,546.0
665.0,580.0
666.0,388.0
667.0,204.0
668.0,183.0
669.0,189.0
670.0,198.0
671.0,175.0
672.0,183.0
673.0,243.0
674.0,550.0
675.0,725.0
676.0,385.0
677.0,184.0
678.0,226.0
679.0,295.0
680.0,267.0
681.0,317.0
682.0,504.0
683.0,393.0
684.0,203.0
685.0,155.0
686.0,175.0
687.0,180.0
688.0,192.0
689.0,550.0
690.0,1651.0
691.0,2008.0
692.0,1123.0
693.0,438.0
694.0,251.0
695.0,273.0
696.0,291.0
697.0,203.0
698.0,158.0
699.0,185.0
700.0,349.0
701.0,348.0
702.0,203.0
703.0,130.0
704.0,125.0
705.0,156.0
706.0,173.0
707.0,175.0
708.0,159.0
709.0,224.0
710.0,397.0
711.0,356.0
712.0,210.0
713.0,216.0
714.0,189.0
715.0,140.0
716.0,112.0
717.0,107.0
718.0,146.0
719.0,218.0
720.0,289.0
721.0,225.0
722.0,158.0
723.0,155.0
724.0,197.0
725.0,186.0
726.0,173.0
727.0,113.0
728.0,189.0
729.0,328.0
730.0,278.0
731.0,183.0
732.0,190.0
733.0,169.0
734.0,143.0
735.0,123.0
736.0,152.0
737.0,138.0
738.0,149.0
739.0,184.0
740.0,228.0
741.0,225.0
742.0,275.0
743.0,330.0
744.0,223.0
745.0,146.0
746.0,119.0
747.0,118.0
748.0,126.0
749.0,241.0
750.0,242.0
751.0,143.0
752.0,122.0
753.0,139.0
754.0,138.0
755.0,114.0
756.0,109.0
757.0,111.0
758.0,137.0
759.0,151.0
760.0,156.0
761.0,169.0
762.0,127.0
763.0,87.0
764.0,86.0
765.0,106.0
766.0,112.0
767.0,105.0
768.0,113.0
769.0,116.0
770.0,191.0
771.0,192.0
772.0,126.0
773.0,85.0
774.0,90.0
775.0,94.0
776.0,84.0
777.0,96.0
778.0,87.0
779.0,109.0
780.0,94.0
781.0,105.0
782.0,147.0
783.0,149.0
784.0,116.0
785.0,77.0
786.0,93.0
787.0,98.0
788.0,82.0
789.0,77.0
790.0,72.0
791.0,92.0
792.0,136.0
793.0,139.0
794.0,106.0
795.0,75.0
796.0,73.0
797.0,85.0
798.0,92.0
799.0,86.0
800.0,73.0
801.0,83.0
802.0,91.0
803.0,91.0
804.0,86.0
805.0,125.0
806.0,149.0
807.0,109.0
808.0,68.0
809.0,69.0
810.0,82.0
811.0,58.0
812.0,64.0
813.0,81.0
814.0,81.0
815.0,113.0
816.0,116.0
817.0,98.0
818.0,84.0
819.0,73.0
820.0,86.0
821.0,69.0
822.0,75.0
823.0,79.0
824.0,79.0
825.0,84.0
826.0,75.0
827.0,81.0
828.0,61.0
829.0,94.0
830.0,91.0
831.0,83.0
832.0,63.0
833.0,55.0
834.0,66.0
835.0,64.0
836.0,74.0
837.0,62.0
838.0,63.0
839.0,74.0
840.0,95.0
841.0,77.0
842.0,67.0
843.0,66.0
844.0,45.0
845.0,65.0
846.0,50.0
847.0,52.0
848.0,49.0
849.0,74.0
850.0,60.0
851.0,54.0
852.0,51.0
853.0,60.0
854.0,66.0
855.0,73.0
856.0,97.0
857.0,96.0
858.0,64.0
859.0,47.0
860.0,54.0
861.0,47.0
862.0,52.0
863.0,61.0
864.0,53.0
865.0,71.0
866.0,61.0
867.0,61.0
868.0,74.0
869.0,126.0
870.0,169.0
871.0,104.0
872.0,61.0
873.0,54.0
874.0,50.0
875.0,52.0
876.0,48.0
877.0,70.0
878.0,100.0
879.0,81.0
880.0,60.0
881.0,45.0
882.0,53.0
883.0,53.0
884.0,52.0
885.0,42.0
886.0,42.0
887.0,46.0
888.0,43.0
889.0,55.0
890.0,52.0
891.0,50.0
892.0,40.0
893.0,54.0
894.0,44.0
895.0,43.0
896.0,43.0
897.0,41.0
898.0,56.0
899.0,58.0
900.0,58.0
901.0,73.0
902.0,44.0
903.0,47.0
904.0,40.0
905.0,58.0
906.0,56.0
907.0,48.0
908.0,50.0
909.0,38.0
910.0,41.0
911.0,40.0
912.0,42.0
913.0,42.0
914.0,36.0
915.0,40.0
916.0,43.0
917.0,32.0
918.0,46.0
919.0,47.0
920.0,35.0
921.0,43.0
922.0,39.0
923.0,29.0
924.0,38.0
925.0,30.0
926.0,30.0
927.0,39.0
928.0,41.0
929.0,39.0
930.0,30.0
931.0,45.0
932.0,38.0
933.0,46.0
934.0,40.0
935.0,58.0
936.0,66.0
937.0,52.0
938.0,31.0
939.0,38.0
940.0,37.0
941.0,38.0
942.0,36.0
943.0,42.0
944.0,30.0
945.0,34.0
946.0,44.0
947.0,36.0
948.0,38.0
949.0,29.0
950.0,35.0
951.0,28.0
952.0,35.0
953.0,27.0
954.0,33.0
955.0,32.0
956.0,31.0
957.0,40.0
958.0,50.0
959.0,34.0
960.0,26.0
961.0,37.0
962.0,43.0
963.0,35.0
964.0,34.0
965.0,43.0
966.0,28.0
967.0,28.0
968.0,24.0
969.0,25.0
970.0,38.0
971.0,28.0
972.0,34.0
973.0,42.0
974.0,30.0
975.0,51.0
976.0,31.0
977.0,31.0
978.0,23.0
979.0,37.0
980.0,33.0
981.0,45.0
982.0,24.0
983.0,50.0
984.0,33.0
985.0,37.0
986.0,30.0
987.0,22.0
988.0,43.0
989.0,34.0
990.0,48.0
991.0,27.0
992.0,32.0
993.0,34.0
994.0,40.0
995.0,37.0
996.0,29.0
997.0,36.0
998.0,19.0
999.0,34.0
1000.0,33.0
1001.0,43.0
1002.0,30.0
1003.0,27.0
1004.0,34.0
1005.0,37.0
1006.0,23.0
1007.0,45.0
1008.0,17.0
1009.0,38.0
1010.0,29.0
1011.0,37.0
1012.0,27.0
1013.0,45.0
1014.0,29.0
1015.0,43.0
1016.0,42.0
1017.0,25.0
1018.0,37.0
1019.0,25.0
1020.0,38.0
1021.0,39.0
1022.0,33.0
1023.0,37.0
