0.0,15.0
1.0,11.0
2.0,19.0
3.0,17.0
4.0,14.0
5.0,16.0
6.0,17.0
7.0,26.0
8.0,23.0
9.0,34.0
10.0,37.0
11.0,8.0
12.0,21.0
13.0,16.0
14.0,18.0
15.0,9.0
16.0,29.0
17.0,26.0
18.0,9.0
19.0,20.0
20.0,17.0
21.0,9.0
22.0,20.0
23.0,36.0
24.0,24.0
25.0,26.0
26.0,32.0
27.0,21.0
28.0,35.0
29.0,28.0
30.0,31.0
31.0,13.0
32.0,29.0
33.0,27.0
34.0,28.0
35.0,28.0
36.0,26.0
37.0,26.0
38.0,31.0
39.0,28.0
40.0,22.0
41.0,29.0
42.0,27.0
43.0,24.0
44.0,31.0
45.0,32.0
46.0,40.0
47.0,46.0
48.0,37.0
49.0,29.0
50.0,35.0
51.0,36.0
52.0,36.0
53.0,34.0
54.0,31.0
55.0,39.0
56.0,42.0
57.0,43.0
58.0,38.0
59.0,41.0
60.0,43.0
61.0,36.0
62.0,33.0
63.0,48.0
64.0,40.0
65.0,40.0
66.0,27.0
67.0,39.0
68.0,48.0
69.0,54.0
70.0,31.0
71.0,46.0
72.0,39.0
73.0,35.0
74.0,39.0
75.0,49.0
76.0,30.0
77.0,42.0
78.0,34.0
79.0,47.0
80.0,43.0
81.0,40.0
82.0,49.0
83.0,47.0
84.0,67.0
85.0,47.0
86.0,43.0
87.0,61.0
88.0,43.0
89.0,55.0
90.0,51.0
91.0,55.0
92.0,55.0
93.0,54.0
94.0,48.0
95.0,49.0
96.0,58.0
97.0,33.0
98.0,57.0
99.0,58.0
100.0,51.0
101.0,51.0
102.0,68.0
103.0,53.0
104.0,53.0
105.0,47.0
106.0,51.0
107.0,70.0
108.0,56.0
109.0,46.0
110.0,66.0
111.0,57.0
112.0,59.0
113.0,56.0
114.0,72.0
115.0,59.0
116.0,58.0
117.0,66.0
118.0,67.0
119.0,82.0
120.0,69.0
121.0,63.0
122.0,72.0
123.0,82.0
124.0,71.0
125.0,69.0
126.0,62.0
127.0,82.0
128.0,74.0
129.0,62.0
130.0,76.0
131.0,65.0
132.0,65.0
133.0,83.0
134.0,83.0
135.0,70.0
136.0,69.0
137.0,75.0
138.0,82.0
139.0,73.0
140.0,71.0
141.0,92.0
142.0,82.0
143.0,76.0
144.0,67.0
145.0,77.0
146.0,82.0
147.0,79.0
148.0,78.0
149.0,80.0
150.0,83.0
151.0,81.0
152.0,100.0
153.0,114.0
154.0,104.0
155.0,123.0
156.0,250.0
157.0,883.0
158.0,1223.0
159.0,621.0
160.0,172.0
161.0,111.0
162.0,109.0
163.0,119.0
164.0,105.0
165.0,126.0
166.0,152.0
167.0,123.0
168.0,128.0
169.0,121.0
170.0,122.0
171.0,120.0
172.0,142.0
173.0,124.0
174.0,118.0
175.0,133.0
176.0,138.0
177.0,115.0
178.0,112.0
179.0,117.0
180.0,114.0
181.0,98.0
182.0,114.0
183.0,114.0
184.0,135.0
185.0,137.0
186.0,124.0
187.0,140.0
188.0,121.0
189.0,128.0
190.0,133.0
191.0,111.0
192.0,114.0
193.0,124.0
194.0,136.0
195.0,148.0
196.0,132.0
197.0,110.0
198.0,103.0
199.0,126.0
200.0,113.0
201.0,142.0
202.0,164.0
203.0,206.0
204.0,279.0
205.0,281.0
206.0,230.0
207.0,203.0
208.0,181.0
209.0,165.0
210.0,184.0
211.0,199.0
212.0,173.0
213.0,207.0
214.0,199.0
215.0,296.0
216.0,459.0
217.0,396.0
218.0,237.0
219.0,209.0
220.0,229.0
221.0,219.0
222.0,185.0
223.0,200.0
224.0,246.0
225.0,284.0
226.0,262.0
227.0,248.0
228.0,541.0
229.0,1410.0
230.0,1586.0
231.0,757.0
232.0,241.0
233.0,177.0
234.0,213.0
235.0,227.0
236.0,285.0
237.0,366.0
238.0,711.0
239.0,953.0
240.0,623.0
241.0,375.0
242.0,424.0
243.0,311.0
244.0,222.0
245.0,165.0
246.0,143.0
247.0,157.0
248.0,218.0
249.0,236.0
250.0,263.0
251.0,264.0
252.0,209.0
253.0,204.0
254.0,198.0
255.0,261.0
256.0,269.0
257.0,260.0
258.0,263.0
259.0,244.0
260.0,205.0
261.0,180.0
262.0,193.0
263.0,233.0
264.0,274.0
265.0,268.0
266.0,284.0
267.0,282.0
268.0,244.0
269.0,209.0
270.0,232.0
271.0,281.0
272.0,626.0
273.0,1111.0
274.0,842.0
275.0,339.0
276.0,208.0
277.0,181.0
278.0,210.0
279.0,214.0
280.0,229.0
281.0,292.0
282.0,275.0
283.0,280.0
284.0,280.0
285.0,249.0
286.0,213.0
287.0,225.0
288.0,227.0
289.0,256.0
290.0,275.0
291.0,295.0
292.0,269.0
293.0,248.0
294.0,281.0
295.0,287.0
296.0,256.0
297.0,276.0
298.0,243.0
299.0,239.0
300.0,262.0
301.0,301.0
302.0,311.0
303.0,428.0
304.0,765.0
305.0,778.0
306.0,423.0
307.0,244.0
308.0,233.0
309.0,252.0
310.0,254.0
311.0,285.0
312.0,351.0
313.0,459.0
314.0,579.0
315.0,485.0
316.0,328.0
317.0,273.0
318.0,254.0
319.0,269.0
320.0,274.0
321.0,272.0
322.0,275.0
323.0,313.0
324.0,329.0
325.0,292.0
326.0,287.0
327.0,307.0
328.0,285.0
329.0,270.0
330.0,256.0
331.0,303.0
332.0,342.0
333.0,324.0
334.0,348.0
335.0,374.0
336.0,314.0
337.0,253.0
338.0,256.0
339.0,268.0
340.0,310.0
341.0,283.0
342.0,253.0
343.0,272.0
344.0,260.0
345.0,323.0
346.0,378.0
347.0,424.0
348.0,537.0
349.0,598.0
350.0,554.0
351.0,494.0
352.0,464.0
353.0,467.0
354.0,465.0
355.0,421.0
356.0,374.0
357.0,416.0
358.0,387.0
359.0,357.0
360.0,453.0
361.0,528.0
362.0,427.0
363.0,334.0
364.0,342.0
365.0,445.0
366.0,471.0
367.0,388.0
368.0,335.0
369.0,346.0
370.0,378.0
371.0,352.0
372.0,340.0
373.0,364.0
374.0,503.0
375.0,565.0
376.0,520.0
377.0,444.0
378.0,347.0
379.0,405.0
380.0,618.0
381.0,669.0
382.0,584.0
383.0,576.0
384.0,507.0
385.0,411.0
386.0,453.0
387.0,458.0
388.0,493.0
389.0,607.0
390.0,634.0
391.0,547.0
392.0,420.0
393.0,465.0
394.0,518.0
395.0,470.0
396.0,448.0
397.0,500.0
398.0,588.0
399.0,526.0
400.0,448.0
401.0,422.0
402.0,419.0
403.0,581.0
404.0,640.0
405.0,597.0
406.0,517.0
407.0,424.0
408.0,421.0
409.0,500.0
410.0,532.0
411.0,471.0
412.0,399.0
413.0,376.0
414.0,400.0
415.0,456.0
416.0,496.0
417.0,535.0
418.0,538.0
419.0,516.0
420.0,432.0
421.0,407.0
422.0,511.0
423.0,748.0
424.0,840.0
425.0,611.0
426.0,471.0
427.0,457.0
428.0,439.0
429.0,428.0
430.0,457.0
431.0,526.0
432.0,528.0
433.0,578.0
434.0,1006.0
435.0,1215.0
436.0,769.0
437.0,470.0
438.0,477.0
439.0,544.0
440.0,582.0
441.0,571.0
442.0,619.0
443.0,954.0
444.0,2853.0
445.0,4814.0
446.0,3185.0
447.0,795.0
448.0,500.0
449.0,575.0
450.0,601.0
451.0,687.0
452.0,666.0
453.0,538.0
454.0,482.0
455.0,419.0
456.0,439.0
457.0,498.0
458.0,640.0
459.0,614.0
460.0,525.0
461.0,785.0
462.0,3096.0
463.0,7542.0
464.0,6732.0
465.0,2053.0
466.0,533.0
467.0,472.0
468.0,473.0
469.0,537.0
470.0,483.0
471.0,435.0
472.0,496.0
473.0,546.0
474.0,450.0
475.0,410.0
476.0,423.0
477.0,415.0
478.0,411.0
479.0,413.0
480.0,441.0
481.0,452.0
482.0,439.0
483.0,511.0
484.0,604.0
485.0,552.0
486.0,447.0
487.0,356.0
488.0,325.0
489.0,319.0
490.0,437.0
491.0,536.0
492.0,608.0
493.0,492.0
494.0,484.0
495.0,487.0
496.0,550.0
497.0,485.0
498.0,403.0
499.0,451.0
500.0,415.0
501.0,388.0
502.0,414.0
503.0,440.0
504.0,508.0
505.0,495.0
506.0,478.0
507.0,475.0
508.0,487.0
509.0,477.0
510.0,444.0
511.0,375.0
512.0,373.0
513.0,393.0
514.0,445.0
515.0,499.0
516.0,501.0
517.0,513.0
518.0,590.0
519.0,1097.0
520.0,1413.0
521.0,1306.0
522.0,1522.0
523.0,1251.0
524.0,597.0
525.0,463.0
526.0,466.0
527.0,438.0
528.0,478.0
529.0,634.0
530.0,872.0
531.0,736.0
532.0,456.0
533.0,367.0
534.0,417.0
535.0,475.0
536.0,470.0
537.0,468.0
538.0,424.0
539.0,405.0
540.0,406.0
541.0,396.0
542.0,399.0
543.0,447.0
544.0,429.0
545.0,468.0
546.0,423.0
547.0,389.0
548.0,399.0
549.0,391.0
550.0,425.0
551.0,455.0
552.0,399.0
553.0,388.0
554.0,428.0
555.0,435.0
556.0,380.0
557.0,369.0
558.0,387.0
559.0,444.0
560.0,418.0
561.0,359.0
562.0,405.0
563.0,520.0
564.0,491.0
565.0,500.0
566.0,480.0
567.0,362.0
568.0,330.0
569.0,319.0
570.0,283.0
571.0,290.0
572.0,307.0
573.0,367.0
574.0,369.0
575.0,367.0
576.0,435.0
577.0,530.0
578.0,528.0
579.0,409.0
580.0,406.0
581.0,513.0
582.0,639.0
583.0,514.0
584.0,369.0
585.0,334.0
586.0,371.0
587.0,367.0
588.0,394.0
589.0,641.0
590.0,1186.0
591.0,1113.0
592.0,544.0
593.0,357.0
594.0,319.0
595.0,328.0
596.0,302.0
597.0,351.0
598.0,364.0
599.0,374.0
600.0,360.0
601.0,358.0
602.0,330.0
603.0,318.0
604.0,334.0
605.0,353.0
606.0,343.0
607.0,355.0
608.0,377.0
609.0,437.0
610.0,545.0
611.0,475.0
612.0,298.0
613.0,286.0
614.0,356.0
615.0,382.0
616.0,368.0
617.0,447.0
618.0,425.0
619.0,329.0
620.0,297.0
621.0,314.0
622.0,341.0
623.0,383.0
624.0,360.0
625.0,359.0
626.0,344.0
627.0,347.0
628.0,316.0
629.0,296.0
630.0,290.0
631.0,318.0
632.0,357.0
633.0,332.0
634.0,331.0
635.0,310.0
636.0,309.0
637.0,298.0
638.0,292.0
639.0,322.0
640.0,330.0
641.0,364.0
642.0,357.0
643.0,306.0
644.0,308.0
645.0,349.0
646.0,319.0
647.0,262.0
648.0,294.0
649.0,337.0
650.0,319.0
651.0,292.0
652.0,277.0
653.0,299.0
654.0,290.0
655.0,290.0
656.0,290.0
657.0,285.0
658.0,278.0
659.0,295.0
660.0,305.0
661.0,285.0
662.0,276.0
663.0,285.0
664.0,280.0
665.0,255.0
666.0,260.0
667.0,254.0
668.0,252.0
669.0,250.0
670.0,236.0
671.0,227.0
672.0,252.0
673.0,295.0
674.0,252.0
675.0,266.0
676.0,263.0
677.0,250.0
678.0,238.0
679.0,239.0
680.0,249.0
681.0,263.0
682.0,274.0
683.0,242.0
684.0,236.0
685.0,241.0
686.0,228.0
687.0,226.0
688.0,259.0
689.0,256.0
690.0,230.0
691.0,243.0
692.0,199.0
693.0,234.0
694.0,240.0
695.0,258.0
696.0,225.0
697.0,205.0
698.0,221.0
699.0,221.0
700.0,245.0
701.0,224.0
702.0,196.0
703.0,235.0
704.0,224.0
705.0,227.0
706.0,212.0
707.0,211.0
708.0,214.0
709.0,190.0
710.0,211.0
711.0,195.0
712.0,211.0
713.0,216.0
714.0,185.0
715.0,199.0
716.0,198.0
717.0,186.0
718.0,191.0
719.0,201.0
720.0,176.0
721.0,197.0
722.0,177.0
723.0,199.0
724.0,216.0
725.0,315.0
726.0,424.0
727.0,326.0
728.0,221.0
729.0,205.0
730.0,162.0
731.0,142.0
732.0,170.0
733.0,168.0
734.0,188.0
735.0,226.0
736.0,198.0
737.0,193.0
738.0,199.0
739.0,174.0
740.0,178.0
741.0,167.0
742.0,160.0
743.0,173.0
744.0,179.0
745.0,174.0
746.0,182.0
747.0,199.0
748.0,196.0
749.0,206.0
750.0,171.0
751.0,171.0
752.0,174.0
753.0,164.0
754.0,171.0
755.0,194.0
756.0,175.0
757.0,167.0
758.0,171.0
759.0,184.0
760.0,155.0
761.0,145.0
762.0,146.0
763.0,146.0
764.0,145.0
765.0,151.0
766.0,168.0
767.0,482.0
768.0,1315.0
769.0,1261.0
770.0,416.0
771.0,174.0
772.0,159.0
773.0,152.0
774.0,138.0
775.0,136.0
776.0,141.0
777.0,127.0
778.0,142.0
779.0,150.0
780.0,136.0
781.0,128.0
782.0,134.0
783.0,133.0
784.0,118.0
785.0,124.0
786.0,189.0
787.0,325.0
788.0,291.0
789.0,183.0
790.0,136.0
791.0,141.0
792.0,143.0
793.0,125.0
794.0,114.0
795.0,107.0
796.0,113.0
797.0,122.0
798.0,119.0
799.0,104.0
800.0,119.0
801.0,103.0
802.0,105.0
803.0,118.0
804.0,115.0
805.0,110.0
806.0,102.0
807.0,117.0
808.0,121.0
809.0,116.0
810.0,104.0
811.0,107.0
812.0,102.0
813.0,102.0
814.0,80.0
815.0,104.0
816.0,93.0
817.0,92.0
818.0,95.0
819.0,100.0
820.0,95.0
821.0,91.0
822.0,81.0
823.0,96.0
824.0,101.0
825.0,82.0
826.0,85.0
827.0,78.0
828.0,99.0
829.0,103.0
830.0,106.0
831.0,105.0
832.0,95.0
833.0,96.0
834.0,92.0
835.0,85.0
836.0,89.0
837.0,80.0
838.0,102.0
839.0,90.0
840.0,74.0
841.0,83.0
842.0,85.0
843.0,82.0
844.0,85.0
845.0,76.0
846.0,81.0
847.0,70.0
848.0,80.0
849.0,68.0
850.0,70.0
851.0,67.0
852.0,75.0
853.0,73.0
854.0,86.0
855.0,82.0
856.0,66.0
857.0,73.0
858.0,71.0
859.0,79.0
860.0,69.0
861.0,79.0
862.0,77.0
863.0,82.0
864.0,64.0
865.0,76.0
866.0,64.0
867.0,69.0
868.0,67.0
869.0,59.0
870.0,53.0
871.0,50.0
872.0,51.0
873.0,68.0
874.0,70.0
875.0,51.0
876.0,50.0
877.0,61.0
878.0,56.0
879.0,66.0
880.0,58.0
881.0,67.0
882.0,71.0
883.0,72.0
884.0,73.0
885.0,53.0
886.0,69.0
887.0,38.0
888.0,56.0
889.0,46.0
890.0,61.0
891.0,69.0
892.0,54.0
893.0,52.0
894.0,52.0
895.0,51.0
896.0,60.0
897.0,62.0
898.0,46.0
899.0,56.0
900.0,49.0
901.0,72.0
902.0,53.0
903.0,53.0
904.0,52.0
905.0,41.0
906.0,60.0
907.0,58.0
908.0,61.0
909.0,51.0
910.0,42.0
911.0,52.0
912.0,51.0
913.0,53.0
914.0,50.0
915.0,47.0
916.0,50.0
917.0,51.0
918.0,41.0
919.0,43.0
920.0,37.0
921.0,44.0
922.0,58.0
923.0,51.0
924.0,45.0
925.0,39.0
926.0,44.0
927.0,42.0
928.0,55.0
929.0,39.0
930.0,43.0
931.0,33.0
932.0,52.0
933.0,39.0
934.0,54.0
935.0,49.0
936.0,39.0
937.0,50.0
938.0,47.0
939.0,44.0
940.0,41.0
941.0,50.0
942.0,47.0
943.0,43.0
944.0,38.0
945.0,33.0
946.0,43.0
947.0,29.0
948.0,34.0
949.0,51.0
950.0,38.0
951.0,41.0
952.0,41.0
953.0,39.0
954.0,54.0
955.0,45.0
956.0,40.0
957.0,32.0
958.0,53.0
959.0,40.0
960.0,32.0
961.0,37.0
962.0,53.0
963.0,43.0
964.0,48.0
965.0,32.0
966.0,27.0
967.0,49.0
968.0,32.0
969.0,22.0
970.0,43.0
971.0,51.0
972.0,72.0
973.0,50.0
974.0,23.0
975.0,33.0
976.0,36.0
977.0,36.0
978.0,42.0
979.0,32.0
980.0,36.0
981.0,30.0
982.0,40.0
983.0,50.0
984.0,36.0
985.0,43.0
986.0,49.0
987.0,36.0
988.0,45.0
989.0,36.0
990.0,45.0
991.0,34.0
992.0,26.0
993.0,30.0
994.0,31.0
995.0,34.0
996.0,49.0
997.0,31.0
998.0,27.0
999.0,43.0
1000.0,34.0
1001.0,21.0
1002.0,44.0
1003.0,34.0
1004.0,35.0
1005.0,31.0
1006.0,29.0
1007.0,35.0
1008.0,39.0
1009.0,40.0
1010.0,34.0
1011.0,34.0
1012.0,30.0
1013.0,38.0
1014.0,32.0
1015.0,35.0
1016.0,37.0
1017.0,39.0
1018.0,33.0
1019.0,29.0
1020.0,23.0
1021.0,44.0
1022.0,35.0
1023.0,34.0
