0.0,14.0
1.0,33.0
2.0,27.0
3.0,27.0
4.0,17.0
5.0,27.0
6.0,30.0
7.0,22.0
8.0,43.0
9.0,35.0
10.0,42.0
11.0,35.0
12.0,30.0
13.0,19.0
14.0,35.0
15.0,37.0
16.0,35.0
17.0,43.0
18.0,35.0
19.0,42.0
20.0,41.0
21.0,37.0
22.0,35.0
23.0,44.0
24.0,39.0
25.0,53.0
26.0,61.0
27.0,68.0
28.0,80.0
29.0,79.0
30.0,86.0
31.0,63.0
32.0,81.0
33.0,83.0
34.0,60.0
35.0,64.0
36.0,62.0
37.0,60.0
38.0,71.0
39.0,76.0
40.0,66.0
41.0,70.0
42.0,94.0
43.0,96.0
44.0,86.0
45.0,67.0
46.0,92.0
47.0,89.0
48.0,113.0
49.0,101.0
50.0,90.0
51.0,106.0
52.0,99.0
53.0,87.0
54.0,104.0
55.0,115.0
56.0,130.0
57.0,129.0
58.0,85.0
59.0,72.0
60.0,86.0
61.0,90.0
62.0,127.0
63.0,173.0
64.0,152.0
65.0,96.0
66.0,68.0
67.0,96.0
68.0,91.0
69.0,112.0
70.0,162.0
71.0,220.0
72.0,181.0
73.0,109.0
74.0,107.0
75.0,124.0
76.0,114.0
77.0,100.0
78.0,123.0
79.0,214.0
80.0,247.0
81.0,198.0
82.0,148.0
83.0,129.0
84.0,117.0
85.0,107.0
86.0,127.0
87.0,193.0
88.0,494.0
89.0,766.0
90.0,547.0
91.0,270.0
92.0,229.0
93.0,150.0
94.0,112.0
95.0,125.0
96.0,112.0
97.0,122.0
98.0,157.0
99.0,245.0
100.0,279.0
101.0,184.0
102.0,190.0
103.0,260.0
104.0,223.0
105.0,179.0
106.0,148.0
107.0,151.0
108.0,134.0
109.0,129.0
110.0,209.0
111.0,266.0
112.0,236.0
113.0,151.0
114.0,180.0
115.0,210.0
116.0,288.0
117.0,256.0
118.0,182.0
119.0,146.0
120.0,145.0
121.0,158.0
122.0,211.0
123.0,301.0
124.0,347.0
125.0,389.0
126.0,571.0
127.0,653.0
128.0,684.0
129.0,1105.0
130.0,2177.0
131.0,2273.0
132.0,1076.0
133.0,370.0
134.0,426.0
135.0,427.0
136.0,401.0
137.0,443.0
138.0,434.0
139.0,540.0
140.0,560.0
141.0,411.0
142.0,286.0
143.0,363.0
144.0,471.0
145.0,579.0
146.0,574.0
147.0,459.0
148.0,426.0
149.0,559.0
150.0,501.0
151.0,454.0
152.0,400.0
153.0,496.0
154.0,669.0
155.0,662.0
156.0,494.0
157.0,437.0
158.0,968.0
159.0,1703.0
160.0,1457.0
161.0,876.0
162.0,1014.0
163.0,822.0
164.0,375.0
165.0,344.0
166.0,545.0
167.0,689.0
168.0,575.0
169.0,489.0
170.0,694.0
171.0,849.0
172.0,723.0
173.0,485.0
174.0,318.0
175.0,260.0
176.0,326.0
177.0,384.0
178.0,477.0
179.0,688.0
180.0,925.0
181.0,800.0
182.0,709.0
183.0,818.0
184.0,625.0
185.0,402.0
186.0,364.0
187.0,326.0
188.0,432.0
189.0,624.0
190.0,855.0
191.0,1054.0
192.0,756.0
193.0,723.0
194.0,1658.0
195.0,2327.0
196.0,1673.0
197.0,1192.0
198.0,3092.0
199.0,6248.0
200.0,4980.0
201.0,1552.0
202.0,1049.0
203.0,1224.0
204.0,878.0
205.0,472.0
206.0,409.0
207.0,422.0
208.0,541.0
209.0,695.0
210.0,638.0
211.0,420.0
212.0,381.0
213.0,402.0
214.0,486.0
215.0,928.0
216.0,1518.0
217.0,1263.0
218.0,746.0
219.0,699.0
220.0,942.0
221.0,2078.0
222.0,2395.0
223.0,1385.0
224.0,861.0
225.0,592.0
226.0,393.0
227.0,371.0
228.0,424.0
229.0,695.0
230.0,1247.0
231.0,1453.0
232.0,938.0
233.0,513.0
234.0,456.0
235.0,528.0
236.0,557.0
237.0,499.0
238.0,553.0
239.0,821.0
240.0,862.0
241.0,609.0
242.0,422.0
243.0,471.0
244.0,580.0
245.0,977.0
246.0,1511.0
247.0,1410.0
248.0,968.0
249.0,679.0
250.0,536.0
251.0,597.0
252.0,606.0
253.0,579.0
254.0,522.0
255.0,655.0
256.0,982.0
257.0,1045.0
258.0,694.0
259.0,535.0
260.0,546.0
261.0,710.0
262.0,1221.0
263.0,1387.0
264.0,1274.0
265.0,1809.0
266.0,1915.0
267.0,1037.0
268.0,543.0
269.0,484.0
270.0,488.0
271.0,494.0
272.0,492.0
273.0,486.0
274.0,645.0
275.0,814.0
276.0,777.0
277.0,769.0
278.0,877.0
279.0,964.0
280.0,1417.0
281.0,1425.0
282.0,867.0
283.0,815.0
284.0,979.0
285.0,820.0
286.0,532.0
287.0,474.0
288.0,444.0
289.0,460.0
290.0,471.0
291.0,498.0
292.0,536.0
293.0,682.0
294.0,904.0
295.0,932.0
296.0,687.0
297.0,626.0
298.0,882.0
299.0,1522.0
300.0,1575.0
301.0,946.0
302.0,680.0
303.0,884.0
304.0,1020.0
305.0,811.0
306.0,633.0
307.0,649.0
308.0,635.0
309.0,603.0
310.0,554.0
311.0,586.0
312.0,580.0
313.0,591.0
314.0,842.0
315.0,1046.0
316.0,855.0
317.0,686.0
318.0,816.0
319.0,1390.0
320.0,1516.0
321.0,961.0
322.0,708.0
323.0,755.0
324.0,980.0
325.0,1062.0
326.0,777.0
327.0,601.0
328.0,595.0
329.0,649.0
330.0,630.0
331.0,566.0
332.0,615.0
333.0,636.0
334.0,642.0
335.0,718.0
336.0,1014.0
337.0,1015.0
338.0,834.0
339.0,1301.0
340.0,3212.0
341.0,4036.0
342.0,2139.0
343.0,876.0
344.0,760.0
345.0,851.0
346.0,1165.0
347.0,1432.0
348.0,1246.0
349.0,908.0
350.0,780.0
351.0,740.0
352.0,724.0
353.0,742.0
354.0,715.0
355.0,696.0
356.0,745.0
357.0,743.0
358.0,854.0
359.0,1095.0
360.0,1163.0
361.0,1149.0
362.0,1541.0
363.0,1887.0
364.0,1444.0
365.0,849.0
366.0,746.0
367.0,848.0
368.0,918.0
369.0,1434.0
370.0,3970.0
371.0,14979.0
372.0,24974.0
373.0,16710.0
374.0,3299.0
375.0,960.0
376.0,1027.0
377.0,1056.0
378.0,917.0
379.0,718.0
380.0,683.0
381.0,674.0
382.0,876.0
383.0,1091.0
384.0,956.0
385.0,903.0
386.0,1386.0
387.0,1607.0
388.0,1300.0
389.0,1067.0
390.0,930.0
391.0,927.0
392.0,938.0
393.0,1491.0
394.0,2081.0
395.0,1648.0
396.0,924.0
397.0,860.0
398.0,797.0
399.0,760.0
400.0,766.0
401.0,799.0
402.0,753.0
403.0,721.0
404.0,752.0
405.0,802.0
406.0,812.0
407.0,868.0
408.0,972.0
409.0,975.0
410.0,1187.0
411.0,1519.0
412.0,1449.0
413.0,1034.0
414.0,934.0
415.0,913.0
416.0,879.0
417.0,826.0
418.0,891.0
419.0,1127.0
420.0,1155.0
421.0,933.0
422.0,762.0
423.0,696.0
424.0,707.0
425.0,740.0
426.0,770.0
427.0,812.0
428.0,768.0
429.0,683.0
430.0,676.0
431.0,656.0
432.0,792.0
433.0,1001.0
434.0,1242.0
435.0,1185.0
436.0,1275.0
437.0,1426.0
438.0,979.0
439.0,604.0
440.0,582.0
441.0,535.0
442.0,515.0
443.0,607.0
444.0,759.0
445.0,1039.0
446.0,1249.0
447.0,977.0
448.0,709.0
449.0,670.0
450.0,612.0
451.0,640.0
452.0,696.0
453.0,923.0
454.0,1804.0
455.0,2511.0
456.0,1788.0
457.0,846.0
458.0,729.0
459.0,705.0
460.0,710.0
461.0,838.0
462.0,957.0
463.0,1262.0
464.0,1289.0
465.0,934.0
466.0,778.0
467.0,1254.0
468.0,1739.0
469.0,1262.0
470.0,668.0
471.0,616.0
472.0,820.0
473.0,1143.0
474.0,1073.0
475.0,768.0
476.0,678.0
477.0,713.0
478.0,690.0
479.0,782.0
480.0,1734.0
481.0,3664.0
482.0,3231.0
483.0,1363.0
484.0,700.0
485.0,719.0
486.0,731.0
487.0,675.0
488.0,690.0
489.0,757.0
490.0,974.0
491.0,1570.0
492.0,2761.0
493.0,3180.0
494.0,1822.0
495.0,879.0
496.0,770.0
497.0,1645.0
498.0,6637.0
499.0,11484.0
500.0,7648.0
501.0,2143.0
502.0,1368.0
503.0,976.0
504.0,654.0
505.0,540.0
506.0,509.0
507.0,554.0
508.0,616.0
509.0,580.0
510.0,571.0
511.0,764.0
512.0,1000.0
513.0,1014.0
514.0,795.0
515.0,786.0
516.0,746.0
517.0,667.0
518.0,625.0
519.0,875.0
520.0,1164.0
521.0,993.0
522.0,609.0
523.0,506.0
524.0,520.0
525.0,645.0
526.0,654.0
527.0,610.0
528.0,619.0
529.0,613.0
530.0,692.0
531.0,932.0
532.0,1019.0
533.0,824.0
534.0,707.0
535.0,676.0
536.0,677.0
537.0,611.0
538.0,641.0
539.0,706.0
540.0,571.0
541.0,483.0
542.0,550.0
543.0,603.0
544.0,632.0
545.0,604.0
546.0,680.0
547.0,724.0
548.0,625.0
549.0,646.0
550.0,871.0
551.0,796.0
552.0,572.0
553.0,521.0
554.0,496.0
555.0,516.0
556.0,479.0
557.0,500.0
558.0,506.0
559.0,524.0
560.0,551.0
561.0,672.0
562.0,819.0
563.0,845.0
564.0,842.0
565.0,705.0
566.0,546.0
567.0,543.0
568.0,563.0
569.0,555.0
570.0,570.0
571.0,611.0
572.0,602.0
573.0,655.0
574.0,620.0
575.0,567.0
576.0,547.0
577.0,611.0
578.0,603.0
579.0,621.0
580.0,743.0
581.0,850.0
582.0,735.0
583.0,592.0
584.0,555.0
585.0,601.0
586.0,589.0
587.0,560.0
588.0,489.0
589.0,475.0
590.0,466.0
591.0,505.0
592.0,594.0
593.0,734.0
594.0,801.0
595.0,583.0
596.0,436.0
597.0,433.0
598.0,457.0
599.0,538.0
600.0,594.0
601.0,569.0
602.0,577.0
603.0,642.0
604.0,683.0
605.0,752.0
606.0,720.0
607.0,597.0
608.0,565.0
609.0,526.0
610.0,483.0
611.0,489.0
612.0,485.0
613.0,475.0
614.0,576.0
615.0,622.0
616.0,488.0
617.0,398.0
618.0,427.0
619.0,439.0
620.0,510.0
621.0,639.0
622.0,639.0
623.0,586.0
624.0,470.0
625.0,442.0
626.0,556.0
627.0,526.0
628.0,454.0
629.0,465.0
630.0,457.0
631.0,418.0
632.0,498.0
633.0,664.0
634.0,638.0
635.0,552.0
636.0,487.0
637.0,462.0
638.0,412.0
639.0,450.0
640.0,514.0
641.0,567.0
642.0,481.0
643.0,401.0
644.0,425.0
645.0,596.0
646.0,584.0
647.0,513.0
648.0,498.0
649.0,421.0
650.0,384.0
651.0,382.0
652.0,376.0
653.0,402.0
654.0,433.0
655.0,457.0
656.0,423.0
657.0,389.0
658.0,463.0
659.0,557.0
660.0,564.0
661.0,824.0
662.0,2375.0
663.0,3325.0
664.0,2131.0
665.0,853.0
666.0,443.0
667.0,404.0
668.0,445.0
669.0,417.0
670.0,361.0
671.0,378.0
672.0,502.0
673.0,628.0
674.0,534.0
675.0,395.0
676.0,312.0
677.0,316.0
678.0,385.0
679.0,499.0
680.0,509.0
681.0,406.0
682.0,384.0
683.0,483.0
684.0,558.0
685.0,484.0
686.0,475.0
687.0,434.0
688.0,340.0
689.0,313.0
690.0,307.0
691.0,317.0
692.0,323.0
693.0,362.0
694.0,385.0
695.0,381.0
696.0,382.0
697.0,473.0
698.0,486.0
699.0,434.0
700.0,386.0
701.0,363.0
702.0,396.0
703.0,457.0
704.0,412.0
705.0,357.0
706.0,402.0
707.0,486.0
708.0,404.0
709.0,324.0
710.0,332.0
711.0,382.0
712.0,349.0
713.0,324.0
714.0,345.0
715.0,423.0
716.0,365.0
717.0,320.0
718.0,312.0
719.0,350.0
720.0,389.0
721.0,349.0
722.0,294.0
723.0,256.0
724.0,311.0
725.0,757.0
726.0,1391.0
727.0,1074.0
728.0,590.0
729.0,1032.0
730.0,1713.0
731.0,1254.0
732.0,505.0
733.0,310.0
734.0,298.0
735.0,291.0
736.0,242.0
737.0,226.0
738.0,214.0
739.0,230.0
740.0,256.0
741.0,406.0
742.0,449.0
743.0,330.0
744.0,273.0
745.0,366.0
746.0,442.0
747.0,347.0
748.0,289.0
749.0,319.0
750.0,438.0
751.0,395.0
752.0,295.0
753.0,271.0
754.0,312.0
755.0,285.0
756.0,321.0
757.0,314.0
758.0,290.0
759.0,296.0
760.0,285.0
761.0,307.0
762.0,319.0
763.0,272.0
764.0,219.0
765.0,191.0
766.0,211.0
767.0,237.0
768.0,281.0
769.0,354.0
770.0,385.0
771.0,285.0
772.0,218.0
773.0,197.0
774.0,165.0
775.0,224.0
776.0,225.0
777.0,226.0
778.0,179.0
779.0,190.0
780.0,249.0
781.0,276.0
782.0,212.0
783.0,189.0
784.0,192.0
785.0,218.0
786.0,265.0
787.0,276.0
788.0,290.0
789.0,249.0
790.0,209.0
791.0,194.0
792.0,200.0
793.0,198.0
794.0,209.0
795.0,206.0
796.0,224.0
797.0,221.0
798.0,266.0
799.0,214.0
800.0,193.0
801.0,175.0
802.0,154.0
803.0,179.0
804.0,209.0
805.0,244.0
806.0,273.0
807.0,217.0
808.0,203.0
809.0,180.0
810.0,156.0
811.0,214.0
812.0,246.0
813.0,221.0
814.0,242.0
815.0,238.0
816.0,212.0
817.0,148.0
818.0,150.0
819.0,153.0
820.0,162.0
821.0,197.0
822.0,210.0
823.0,165.0
824.0,147.0
825.0,125.0
826.0,118.0
827.0,121.0
828.0,131.0
829.0,172.0
830.0,249.0
831.0,233.0
832.0,139.0
833.0,141.0
834.0,121.0
835.0,188.0
836.0,271.0
837.0,244.0
838.0,167.0
839.0,123.0
840.0,101.0
841.0,111.0
842.0,131.0
843.0,152.0
844.0,175.0
845.0,164.0
846.0,144.0
847.0,139.0
848.0,129.0
849.0,168.0
850.0,181.0
851.0,147.0
852.0,134.0
853.0,159.0
854.0,166.0
855.0,202.0
856.0,313.0
857.0,311.0
858.0,204.0
859.0,158.0
860.0,153.0
861.0,163.0
862.0,149.0
863.0,143.0
864.0,117.0
865.0,78.0
866.0,104.0
867.0,115.0
868.0,123.0
869.0,145.0
870.0,126.0
871.0,105.0
872.0,139.0
873.0,172.0
874.0,139.0
875.0,119.0
876.0,112.0
877.0,118.0
878.0,116.0
879.0,123.0
880.0,122.0
881.0,114.0
882.0,111.0
883.0,131.0
884.0,121.0
885.0,100.0
886.0,104.0
887.0,92.0
888.0,97.0
889.0,111.0
890.0,136.0
891.0,153.0
892.0,133.0
893.0,154.0
894.0,700.0
895.0,3274.0
896.0,4263.0
897.0,1718.0
898.0,236.0
899.0,135.0
900.0,123.0
901.0,120.0
902.0,104.0
903.0,100.0
904.0,117.0
905.0,115.0
906.0,88.0
907.0,84.0
908.0,75.0
909.0,85.0
910.0,103.0
911.0,91.0
912.0,114.0
913.0,138.0
914.0,104.0
915.0,88.0
916.0,94.0
917.0,92.0
918.0,83.0
919.0,100.0
920.0,92.0
921.0,90.0
922.0,63.0
923.0,80.0
924.0,68.0
925.0,88.0
926.0,67.0
927.0,76.0
928.0,68.0
929.0,75.0
930.0,77.0
931.0,68.0
932.0,72.0
933.0,70.0
934.0,112.0
935.0,117.0
936.0,97.0
937.0,76.0
938.0,69.0
939.0,80.0
940.0,65.0
941.0,69.0
942.0,56.0
943.0,48.0
944.0,52.0
945.0,64.0
946.0,54.0
947.0,64.0
948.0,54.0
949.0,53.0
950.0,58.0
951.0,55.0
952.0,64.0
953.0,70.0
954.0,59.0
955.0,59.0
956.0,56.0
957.0,53.0
958.0,53.0
959.0,50.0
960.0,46.0
961.0,50.0
962.0,48.0
963.0,50.0
964.0,59.0
965.0,55.0
966.0,51.0
967.0,46.0
968.0,51.0
969.0,57.0
970.0,79.0
971.0,59.0
972.0,56.0
973.0,55.0
974.0,68.0
975.0,58.0
976.0,63.0
977.0,60.0
978.0,64.0
979.0,52.0
980.0,51.0
981.0,42.0
982.0,44.0
983.0,43.0
984.0,38.0
985.0,49.0
986.0,49.0
987.0,56.0
988.0,41.0
989.0,44.0
990.0,32.0
991.0,64.0
992.0,42.0
993.0,40.0
994.0,44.0
995.0,34.0
996.0,45.0
997.0,44.0
998.0,34.0
999.0,52.0
1000.0,51.0
1001.0,40.0
1002.0,45.0
1003.0,42.0
1004.0,40.0
1005.0,35.0
1006.0,44.0
1007.0,42.0
1008.0,50.0
1009.0,45.0
1010.0,49.0
1011.0,61.0
1012.0,38.0
1013.0,50.0
1014.0,44.0
1015.0,54.0
1016.0,39.0
1017.0,46.0
1018.0,41.0
1019.0,34.0
1020.0,45.0
1021.0,48.0
1022.0,42.0
1023.0,38.0
