0.0,15.0
1.0,30.0
2.0,13.0
3.0,22.0
4.0,19.0
5.0,19.0
6.0,29.0
7.0,32.0
8.0,36.0
9.0,30.0
10.0,32.0
11.0,28.0
12.0,45.0
13.0,36.0
14.0,37.0
15.0,34.0
16.0,18.0
17.0,34.0
18.0,49.0
19.0,36.0
20.0,38.0
21.0,31.0
22.0,34.0
23.0,45.0
24.0,36.0
25.0,40.0
26.0,44.0
27.0,33.0
28.0,45.0
29.0,63.0
30.0,73.0
31.0,77.0
32.0,70.0
33.0,71.0
34.0,62.0
35.0,62.0
36.0,66.0
37.0,50.0
38.0,70.0
39.0,89.0
40.0,75.0
41.0,73.0
42.0,82.0
43.0,89.0
44.0,111.0
45.0,81.0
46.0,78.0
47.0,74.0
48.0,110.0
49.0,117.0
50.0,105.0
51.0,108.0
52.0,110.0
53.0,129.0
54.0,110.0
55.0,101.0
56.0,116.0
57.0,133.0
58.0,132.0
59.0,110.0
60.0,93.0
61.0,91.0
62.0,77.0
63.0,117.0
64.0,174.0
65.0,195.0
66.0,127.0
67.0,80.0
68.0,89.0
69.0,106.0
70.0,110.0
71.0,125.0
72.0,199.0
73.0,224.0
74.0,144.0
75.0,110.0
76.0,110.0
77.0,91.0
78.0,101.0
79.0,121.0
80.0,186.0
81.0,263.0
82.0,250.0
83.0,189.0
84.0,147.0
85.0,138.0
86.0,119.0
87.0,113.0
88.0,120.0
89.0,299.0
90.0,805.0
91.0,877.0
92.0,434.0
93.0,251.0
94.0,217.0
95.0,158.0
96.0,129.0
97.0,129.0
98.0,144.0
99.0,138.0
100.0,254.0
101.0,331.0
102.0,248.0
103.0,173.0
104.0,201.0
105.0,282.0
106.0,247.0
107.0,186.0
108.0,175.0
109.0,143.0
110.0,136.0
111.0,175.0
112.0,296.0
113.0,319.0
114.0,210.0
115.0,188.0
116.0,222.0
117.0,287.0
118.0,342.0
119.0,241.0
120.0,170.0
121.0,164.0
122.0,157.0
123.0,173.0
124.0,303.0
125.0,409.0
126.0,396.0
127.0,527.0
128.0,724.0
129.0,758.0
130.0,951.0
131.0,1865.0
132.0,3066.0
133.0,2127.0
134.0,576.0
135.0,433.0
136.0,530.0
137.0,469.0
138.0,464.0
139.0,511.0
140.0,515.0
141.0,650.0
142.0,592.0
143.0,348.0
144.0,327.0
145.0,481.0
146.0,580.0
147.0,690.0
148.0,609.0
149.0,454.0
150.0,596.0
151.0,611.0
152.0,533.0
153.0,478.0
154.0,536.0
155.0,707.0
156.0,808.0
157.0,663.0
158.0,460.0
159.0,649.0
160.0,1625.0
161.0,2088.0
162.0,1196.0
163.0,1090.0
164.0,1198.0
165.0,609.0
166.0,315.0
167.0,486.0
168.0,763.0
169.0,752.0
170.0,558.0
171.0,618.0
172.0,941.0
173.0,957.0
174.0,698.0
175.0,430.0
176.0,316.0
177.0,303.0
178.0,374.0
179.0,458.0
180.0,621.0
181.0,964.0
182.0,1043.0
183.0,805.0
184.0,866.0
185.0,882.0
186.0,545.0
187.0,388.0
188.0,394.0
189.0,404.0
190.0,601.0
191.0,825.0
192.0,1155.0
193.0,1081.0
194.0,664.0
195.0,1188.0
196.0,2640.0
197.0,2522.0
198.0,1295.0
199.0,1763.0
200.0,5878.0
201.0,7548.0
202.0,3401.0
203.0,1092.0
204.0,1381.0
205.0,1263.0
206.0,697.0
207.0,457.0
208.0,450.0
209.0,511.0
210.0,751.0
211.0,810.0
212.0,564.0
213.0,430.0
214.0,431.0
215.0,455.0
216.0,691.0
217.0,1524.0
218.0,1770.0
219.0,1082.0
220.0,796.0
221.0,766.0
222.0,1670.0
223.0,2957.0
224.0,2206.0
225.0,1139.0
226.0,892.0
227.0,509.0
228.0,400.0
229.0,435.0
230.0,594.0
231.0,1089.0
232.0,1652.0
233.0,1434.0
234.0,724.0
235.0,482.0
236.0,524.0
237.0,639.0
238.0,604.0
239.0,552.0
240.0,756.0
241.0,1007.0
242.0,858.0
243.0,518.0
244.0,488.0
245.0,582.0
246.0,781.0
247.0,1485.0
248.0,1788.0
249.0,1347.0
250.0,907.0
251.0,637.0
252.0,626.0
253.0,664.0
254.0,665.0
255.0,577.0
256.0,585.0
257.0,878.0
258.0,1255.0
259.0,1021.0
260.0,617.0
261.0,580.0
262.0,645.0
263.0,1022.0
264.0,1572.0
265.0,1478.0
266.0,1593.0
267.0,2333.0
268.0,1746.0
269.0,731.0
270.0,525.0
271.0,504.0
272.0,544.0
273.0,541.0
274.0,496.0
275.0,589.0
276.0,880.0
277.0,933.0
278.0,813.0
279.0,936.0
280.0,964.0
281.0,1292.0
282.0,1807.0
283.0,1290.0
284.0,806.0
285.0,1029.0
286.0,1097.0
287.0,677.0
288.0,546.0
289.0,471.0
290.0,444.0
291.0,490.0
292.0,512.0
293.0,537.0
294.0,649.0
295.0,856.0
296.0,1059.0
297.0,885.0
298.0,677.0
299.0,716.0
300.0,1302.0
301.0,1894.0
302.0,1450.0
303.0,789.0
304.0,803.0
305.0,1109.0
306.0,1062.0
307.0,742.0
308.0,650.0
309.0,718.0
310.0,723.0
311.0,606.0
312.0,619.0
313.0,647.0
314.0,603.0
315.0,730.0
316.0,1094.0
317.0,1073.0
318.0,790.0
319.0,690.0
320.0,1120.0
321.0,1775.0
322.0,1455.0
323.0,821.0
324.0,791.0
325.0,927.0
326.0,1187.0
327.0,1043.0
328.0,701.0
329.0,648.0
330.0,643.0
331.0,684.0
332.0,634.0
333.0,636.0
334.0,642.0
335.0,657.0
336.0,702.0
337.0,914.0
338.0,1178.0
339.0,1010.0
340.0,851.0
341.0,2272.0
342.0,4587.0
343.0,3746.0
344.0,1379.0
345.0,792.0
346.0,835.0
347.0,1018.0
348.0,1469.0
349.0,1563.0
350.0,1135.0
351.0,901.0
352.0,819.0
353.0,786.0
354.0,778.0
355.0,780.0
356.0,765.0
357.0,778.0
358.0,789.0
359.0,786.0
360.0,992.0
361.0,1270.0
362.0,1227.0
363.0,1400.0
364.0,1980.0
365.0,2006.0
366.0,1226.0
367.0,823.0
368.0,844.0
369.0,891.0
370.0,1140.0
371.0,2129.0
372.0,7826.0
373.0,24732.0
374.0,26592.0
375.0,9382.0
376.0,1404.0
377.0,1009.0
378.0,1192.0
379.0,1060.0
380.0,849.0
381.0,705.0
382.0,686.0
383.0,809.0
384.0,1090.0
385.0,1146.0
386.0,912.0
387.0,1179.0
388.0,1779.0
389.0,1658.0
390.0,1280.0
391.0,1103.0
392.0,1031.0
393.0,923.0
394.0,1176.0
395.0,2076.0
396.0,2186.0
397.0,1319.0
398.0,935.0
399.0,884.0
400.0,817.0
401.0,796.0
402.0,865.0
403.0,829.0
404.0,775.0
405.0,778.0
406.0,826.0
407.0,880.0
408.0,873.0
409.0,1022.0
410.0,1092.0
411.0,1060.0
412.0,1482.0
413.0,1714.0
414.0,1280.0
415.0,1054.0
416.0,950.0
417.0,961.0
418.0,877.0
419.0,837.0
420.0,1053.0
421.0,1310.0
422.0,1120.0
423.0,875.0
424.0,794.0
425.0,727.0
426.0,752.0
427.0,807.0
428.0,873.0
429.0,828.0
430.0,779.0
431.0,696.0
432.0,695.0
433.0,732.0
434.0,897.0
435.0,1221.0
436.0,1293.0
437.0,1213.0
438.0,1557.0
439.0,1365.0
440.0,811.0
441.0,634.0
442.0,582.0
443.0,540.0
444.0,564.0
445.0,704.0
446.0,901.0
447.0,1283.0
448.0,1237.0
449.0,826.0
450.0,684.0
451.0,694.0
452.0,659.0
453.0,657.0
454.0,807.0
455.0,1290.0
456.0,2484.0
457.0,2520.0
458.0,1248.0
459.0,748.0
460.0,742.0
461.0,712.0
462.0,799.0
463.0,934.0
464.0,1152.0
465.0,1424.0
466.0,1199.0
467.0,835.0
468.0,952.0
469.0,1713.0
470.0,1766.0
471.0,941.0
472.0,619.0
473.0,706.0
474.0,1033.0
475.0,1241.0
476.0,927.0
477.0,725.0
478.0,735.0
479.0,723.0
480.0,732.0
481.0,996.0
482.0,2900.0
483.0,4288.0
484.0,2533.0
485.0,892.0
486.0,717.0
487.0,775.0
488.0,706.0
489.0,671.0
490.0,715.0
491.0,863.0
492.0,1252.0
493.0,2185.0
494.0,3545.0
495.0,2884.0
496.0,1237.0
497.0,788.0
498.0,872.0
499.0,3169.0
500.0,10668.0
501.0,11920.0
502.0,4538.0
503.0,1583.0
504.0,1325.0
505.0,813.0
506.0,596.0
507.0,520.0
508.0,507.0
509.0,646.0
510.0,638.0
511.0,548.0
512.0,624.0
513.0,946.0
514.0,1110.0
515.0,966.0
516.0,768.0
517.0,791.0
518.0,730.0
519.0,650.0
520.0,686.0
521.0,1061.0
522.0,1234.0
523.0,839.0
524.0,546.0
525.0,508.0
526.0,589.0
527.0,692.0
528.0,676.0
529.0,652.0
530.0,644.0
531.0,613.0
532.0,807.0
533.0,1064.0
534.0,954.0
535.0,766.0
536.0,724.0
537.0,731.0
538.0,636.0
539.0,601.0
540.0,713.0
541.0,678.0
542.0,532.0
543.0,494.0
544.0,588.0
545.0,616.0
546.0,644.0
547.0,640.0
548.0,770.0
549.0,713.0
550.0,606.0
551.0,788.0
552.0,937.0
553.0,702.0
554.0,581.0
555.0,548.0
556.0,512.0
557.0,508.0
558.0,488.0
559.0,478.0
560.0,521.0
561.0,550.0
562.0,635.0
563.0,782.0
564.0,887.0
565.0,867.0
566.0,815.0
567.0,671.0
568.0,535.0
569.0,545.0
570.0,570.0
571.0,546.0
572.0,572.0
573.0,618.0
574.0,627.0
575.0,650.0
576.0,613.0
577.0,522.0
578.0,591.0
579.0,648.0
580.0,591.0
581.0,653.0
582.0,847.0
583.0,907.0
584.0,691.0
585.0,567.0
586.0,593.0
587.0,635.0
588.0,571.0
589.0,551.0
590.0,487.0
591.0,447.0
592.0,485.0
593.0,520.0
594.0,659.0
595.0,808.0
596.0,743.0
597.0,474.0
598.0,411.0
599.0,450.0
600.0,501.0
601.0,592.0
602.0,629.0
603.0,554.0
604.0,598.0
605.0,677.0
606.0,731.0
607.0,762.0
608.0,642.0
609.0,611.0
610.0,576.0
611.0,498.0
612.0,498.0
613.0,492.0
614.0,469.0
615.0,519.0
616.0,649.0
617.0,612.0
618.0,430.0
619.0,396.0
620.0,395.0
621.0,454.0
622.0,585.0
623.0,684.0
624.0,610.0
625.0,513.0
626.0,431.0
627.0,498.0
628.0,564.0
629.0,500.0
630.0,468.0
631.0,488.0
632.0,438.0
633.0,414.0
634.0,588.0
635.0,694.0
636.0,617.0
637.0,534.0
638.0,462.0
639.0,395.0
640.0,385.0
641.0,466.0
642.0,554.0
643.0,564.0
644.0,459.0
645.0,407.0
646.0,478.0
647.0,605.0
648.0,518.0
649.0,492.0
650.0,469.0
651.0,405.0
652.0,369.0
653.0,362.0
654.0,417.0
655.0,423.0
656.0,464.0
657.0,476.0
658.0,393.0
659.0,379.0
660.0,523.0
661.0,582.0
662.0,558.0
663.0,1391.0
664.0,3121.0
665.0,3162.0
666.0,1453.0
667.0,545.0
668.0,438.0
669.0,438.0
670.0,444.0
671.0,382.0
672.0,349.0
673.0,443.0
674.0,581.0
675.0,631.0
676.0,443.0
677.0,335.0
678.0,317.0
679.0,321.0
680.0,436.0
681.0,490.0
682.0,465.0
683.0,373.0
684.0,421.0
685.0,510.0
686.0,518.0
687.0,458.0
688.0,446.0
689.0,377.0
690.0,326.0
691.0,301.0
692.0,275.0
693.0,294.0
694.0,331.0
695.0,346.0
696.0,368.0
697.0,366.0
698.0,429.0
699.0,486.0
700.0,444.0
701.0,429.0
702.0,363.0
703.0,317.0
704.0,420.0
705.0,425.0
706.0,352.0
707.0,356.0
708.0,451.0
709.0,462.0
710.0,361.0
711.0,298.0
712.0,353.0
713.0,371.0
714.0,311.0
715.0,302.0
716.0,380.0
717.0,409.0
718.0,358.0
719.0,297.0
720.0,295.0
721.0,371.0
722.0,397.0
723.0,298.0
724.0,270.0
725.0,237.0
726.0,396.0
727.0,1110.0
728.0,1394.0
729.0,748.0
730.0,655.0
731.0,1443.0
732.0,1714.0
733.0,826.0
734.0,367.0
735.0,296.0
736.0,304.0
737.0,254.0
738.0,224.0
739.0,213.0
740.0,208.0
741.0,213.0
742.0,311.0
743.0,457.0
744.0,401.0
745.0,283.0
746.0,275.0
747.0,394.0
748.0,395.0
749.0,308.0
750.0,286.0
751.0,375.0
752.0,427.0
753.0,337.0
754.0,264.0
755.0,290.0
756.0,296.0
757.0,294.0
758.0,311.0
759.0,278.0
760.0,285.0
761.0,296.0
762.0,287.0
763.0,313.0
764.0,285.0
765.0,204.0
766.0,194.0
767.0,179.0
768.0,196.0
769.0,236.0
770.0,274.0
771.0,396.0
772.0,353.0
773.0,229.0
774.0,206.0
775.0,158.0
776.0,184.0
777.0,232.0
778.0,244.0
779.0,200.0
780.0,183.0
781.0,197.0
782.0,259.0
783.0,246.0
784.0,192.0
785.0,187.0
786.0,186.0
787.0,229.0
788.0,272.0
789.0,287.0
790.0,296.0
791.0,209.0
792.0,196.0
793.0,182.0
794.0,197.0
795.0,186.0
796.0,182.0
797.0,198.0
798.0,232.0
799.0,226.0
800.0,232.0
801.0,209.0
802.0,159.0
803.0,181.0
804.0,153.0
805.0,189.0
806.0,241.0
807.0,285.0
808.0,236.0
809.0,203.0
810.0,195.0
811.0,164.0
812.0,162.0
813.0,241.0
814.0,242.0
815.0,201.0
816.0,244.0
817.0,246.0
818.0,162.0
819.0,119.0
820.0,155.0
821.0,151.0
822.0,175.0
823.0,222.0
824.0,199.0
825.0,156.0
826.0,134.0
827.0,127.0
828.0,126.0
829.0,120.0
830.0,117.0
831.0,196.0
832.0,246.0
833.0,175.0
834.0,137.0
835.0,123.0
836.0,139.0
837.0,210.0
838.0,247.0
839.0,179.0
840.0,126.0
841.0,112.0
842.0,104.0
843.0,112.0
844.0,133.0
845.0,144.0
846.0,169.0
847.0,158.0
848.0,122.0
849.0,126.0
850.0,127.0
851.0,170.0
852.0,145.0
853.0,123.0
854.0,131.0
855.0,131.0
856.0,147.0
857.0,221.0
858.0,326.0
859.0,244.0
860.0,151.0
861.0,136.0
862.0,139.0
863.0,152.0
864.0,138.0
865.0,118.0
866.0,108.0
867.0,78.0
868.0,86.0
869.0,113.0
870.0,111.0
871.0,126.0
872.0,96.0
873.0,91.0
874.0,146.0
875.0,142.0
876.0,119.0
877.0,101.0
878.0,114.0
879.0,105.0
880.0,90.0
881.0,127.0
882.0,95.0
883.0,110.0
884.0,115.0
885.0,140.0
886.0,105.0
887.0,77.0
888.0,80.0
889.0,99.0
890.0,111.0
891.0,109.0
892.0,108.0
893.0,132.0
894.0,119.0
895.0,195.0
896.0,1504.0
897.0,3943.0
898.0,3012.0
899.0,622.0
900.0,155.0
901.0,119.0
902.0,101.0
903.0,98.0
904.0,103.0
905.0,104.0
906.0,93.0
907.0,105.0
908.0,94.0
909.0,67.0
910.0,79.0
911.0,72.0
912.0,96.0
913.0,96.0
914.0,110.0
915.0,105.0
916.0,78.0
917.0,69.0
918.0,88.0
919.0,99.0
920.0,91.0
921.0,71.0
922.0,63.0
923.0,57.0
924.0,64.0
925.0,57.0
926.0,70.0
927.0,72.0
928.0,62.0
929.0,74.0
930.0,58.0
931.0,65.0
932.0,65.0
933.0,64.0
934.0,63.0
935.0,73.0
936.0,110.0
937.0,106.0
938.0,88.0
939.0,78.0
940.0,50.0
941.0,58.0
942.0,59.0
943.0,41.0
944.0,48.0
945.0,54.0
946.0,61.0
947.0,67.0
948.0,55.0
949.0,53.0
950.0,39.0
951.0,49.0
952.0,51.0
953.0,47.0
954.0,52.0
955.0,56.0
956.0,42.0
957.0,45.0
958.0,47.0
959.0,53.0
960.0,48.0
961.0,64.0
962.0,45.0
963.0,43.0
964.0,47.0
965.0,41.0
966.0,51.0
967.0,26.0
968.0,48.0
969.0,31.0
970.0,47.0
971.0,56.0
972.0,56.0
973.0,52.0
974.0,42.0
975.0,38.0
976.0,50.0
977.0,49.0
978.0,51.0
979.0,39.0
980.0,44.0
981.0,42.0
982.0,53.0
983.0,47.0
984.0,44.0
985.0,38.0
986.0,39.0
987.0,34.0
988.0,32.0
989.0,51.0
990.0,53.0
991.0,36.0
992.0,31.0
993.0,30.0
994.0,41.0
995.0,55.0
996.0,45.0
997.0,51.0
998.0,47.0
999.0,44.0
1000.0,41.0
1001.0,44.0
1002.0,35.0
1003.0,35.0
1004.0,36.0
1005.0,37.0
1006.0,35.0
1007.0,40.0
1008.0,37.0
1009.0,40.0
1010.0,35.0
1011.0,45.0
1012.0,34.0
1013.0,34.0
1014.0,44.0
1015.0,34.0
1016.0,31.0
1017.0,41.0
1018.0,42.0
1019.0,36.0
1020.0,52.0
1021.0,33.0
1022.0,48.0
1023.0,37.0
