0.0,40.0
1.0,112.0
2.0,418.0
3.0,1486.0
4.0,1869.0
5.0,1011.0
6.0,176.0
7.0,66.0
8.0,69.0
9.0,76.0
10.0,70.0
11.0,47.0
12.0,84.0
13.0,79.0
14.0,69.0
15.0,65.0
16.0,63.0
17.0,78.0
18.0,83.0
19.0,100.0
20.0,66.0
21.0,68.0
22.0,71.0
23.0,70.0
24.0,75.0
25.0,74.0
26.0,91.0
27.0,83.0
28.0,69.0
29.0,76.0
30.0,80.0
31.0,93.0
32.0,84.0
33.0,87.0
34.0,77.0
35.0,85.0
36.0,86.0
37.0,77.0
38.0,80.0
39.0,98.0
40.0,74.0
41.0,92.0
42.0,81.0
43.0,81.0
44.0,108.0
45.0,95.0
46.0,83.0
47.0,100.0
48.0,100.0
49.0,108.0
50.0,88.0
51.0,89.0
52.0,89.0
53.0,115.0
54.0,117.0
55.0,101.0
56.0,113.0
57.0,121.0
58.0,135.0
59.0,142.0
60.0,148.0
61.0,112.0
62.0,132.0
63.0,152.0
64.0,141.0
65.0,132.0
66.0,119.0
67.0,120.0
68.0,127.0
69.0,135.0
70.0,127.0
71.0,132.0
72.0,122.0
73.0,118.0
74.0,138.0
75.0,207.0
76.0,193.0
77.0,188.0
78.0,150.0
79.0,160.0
80.0,150.0
81.0,148.0
82.0,125.0
83.0,149.0
84.0,140.0
85.0,139.0
86.0,124.0
87.0,136.0
88.0,145.0
89.0,142.0
90.0,162.0
91.0,176.0
92.0,155.0
93.0,146.0
94.0,157.0
95.0,161.0
96.0,171.0
97.0,187.0
98.0,184.0
99.0,171.0
100.0,185.0
101.0,169.0
102.0,170.0
103.0,157.0
104.0,174.0
105.0,167.0
106.0,181.0
107.0,160.0
108.0,174.0
109.0,159.0
110.0,208.0
111.0,356.0
112.0,690.0
113.0,720.0
114.0,408.0
115.0,257.0
116.0,223.0
117.0,208.0
118.0,212.0
119.0,210.0
120.0,219.0
121.0,220.0
122.0,233.0
123.0,232.0
124.0,224.0
125.0,213.0
126.0,216.0
127.0,237.0
128.0,254.0
129.0,240.0
130.0,224.0
131.0,202.0
132.0,239.0
133.0,263.0
134.0,251.0
135.0,253.0
136.0,237.0
137.0,222.0
138.0,254.0
139.0,277.0
140.0,287.0
141.0,274.0
142.0,279.0
143.0,338.0
144.0,338.0
145.0,306.0
146.0,289.0
147.0,304.0
148.0,284.0
149.0,277.0
150.0,262.0
151.0,253.0
152.0,317.0
153.0,325.0
154.0,336.0
155.0,359.0
156.0,394.0
157.0,372.0
158.0,332.0
159.0,344.0
160.0,316.0
161.0,298.0
162.0,283.0
163.0,292.0
164.0,311.0
165.0,360.0
166.0,429.0
167.0,396.0
168.0,375.0
169.0,378.0
170.0,358.0
171.0,330.0
172.0,334.0
173.0,457.0
174.0,545.0
175.0,464.0
176.0,347.0
177.0,341.0
178.0,406.0
179.0,396.0
180.0,415.0
181.0,426.0
182.0,409.0
183.0,397.0
184.0,406.0
185.0,389.0
186.0,359.0
187.0,333.0
188.0,342.0
189.0,398.0
190.0,438.0
191.0,466.0
192.0,491.0
193.0,490.0
194.0,493.0
195.0,515.0
196.0,576.0
197.0,592.0
198.0,578.0
199.0,504.0
200.0,491.0
201.0,527.0
202.0,427.0
203.0,376.0
204.0,441.0
205.0,472.0
206.0,510.0
207.0,499.0
208.0,555.0
209.0,616.0
210.0,566.0
211.0,454.0
212.0,432.0
213.0,489.0
214.0,592.0
215.0,613.0
216.0,538.0
217.0,474.0
218.0,473.0
219.0,558.0
220.0,601.0
221.0,554.0
222.0,519.0
223.0,449.0
224.0,450.0
225.0,500.0
226.0,616.0
227.0,747.0
228.0,787.0
229.0,717.0
230.0,575.0
231.0,540.0
232.0,525.0
233.0,633.0
234.0,629.0
235.0,527.0
236.0,484.0
237.0,515.0
238.0,578.0
239.0,593.0
240.0,731.0
241.0,1161.0
242.0,1211.0
243.0,788.0
244.0,559.0
245.0,593.0
246.0,601.0
247.0,638.0
248.0,662.0
249.0,793.0
250.0,877.0
251.0,874.0
252.0,860.0
253.0,1052.0
254.0,1563.0
255.0,1400.0
256.0,995.0
257.0,1380.0
258.0,4019.0
259.0,9183.0
260.0,10350.0
261.0,6270.0
262.0,3828.0
263.0,3304.0
264.0,3742.0
265.0,4177.0
266.0,3546.0
267.0,2451.0
268.0,1397.0
269.0,931.0
270.0,884.0
271.0,1640.0
272.0,3880.0
273.0,5044.0
274.0,3858.0
275.0,2900.0
276.0,2599.0
277.0,2162.0
278.0,3083.0
279.0,3721.0
280.0,3960.0
281.0,3625.0
282.0,3566.0
283.0,3399.0
284.0,2161.0
285.0,1797.0
286.0,2145.0
287.0,3868.0
288.0,6096.0
289.0,5344.0
290.0,2554.0
291.0,1396.0
292.0,1777.0
293.0,2996.0
294.0,4842.0
295.0,4714.0
296.0,2637.0
297.0,2019.0
298.0,2981.0
299.0,2914.0
300.0,2295.0
301.0,4527.0
302.0,6326.0
303.0,4057.0
304.0,2100.0
305.0,2205.0
306.0,1760.0
307.0,1075.0
308.0,1502.0
309.0,3803.0
310.0,6792.0
311.0,6807.0
312.0,3928.0
313.0,1794.0
314.0,1371.0
315.0,2218.0
316.0,3313.0
317.0,3170.0
318.0,2142.0
319.0,2255.0
320.0,4855.0
321.0,5787.0
322.0,5111.0
323.0,5655.0
324.0,4532.0
325.0,1896.0
326.0,1068.0
327.0,1087.0
328.0,1095.0
329.0,1102.0
330.0,1571.0
331.0,3609.0
332.0,5729.0
333.0,4193.0
334.0,2136.0
335.0,3692.0
336.0,5249.0
337.0,4554.0
338.0,3632.0
339.0,2687.0
340.0,1859.0
341.0,1654.0
342.0,1443.0
343.0,1640.0
344.0,2463.0
345.0,4626.0
346.0,5050.0
347.0,2854.0
348.0,2535.0
349.0,3982.0
350.0,3435.0
351.0,2041.0
352.0,2539.0
353.0,3667.0
354.0,4659.0
355.0,5532.0
356.0,3991.0
357.0,1569.0
358.0,937.0
359.0,950.0
360.0,1218.0
361.0,2511.0
362.0,4280.0
363.0,4339.0
364.0,4322.0
365.0,4064.0
366.0,2255.0
367.0,2000.0
368.0,3193.0
369.0,2929.0
370.0,1739.0
371.0,2583.0
372.0,5641.0
373.0,5670.0
374.0,2615.0
375.0,1192.0
376.0,1114.0
377.0,1093.0
378.0,1004.0
379.0,1058.0
380.0,1277.0
381.0,1400.0
382.0,2638.0
383.0,5026.0
384.0,5563.0
385.0,4501.0
386.0,4012.0
387.0,3161.0
388.0,3627.0
389.0,6327.0
390.0,5736.0
391.0,2438.0
392.0,1194.0
393.0,993.0
394.0,861.0
395.0,962.0
396.0,1107.0
397.0,1207.0
398.0,1130.0
399.0,1048.0
400.0,1531.0
401.0,2879.0
402.0,3186.0
403.0,2485.0
404.0,3555.0
405.0,6407.0
406.0,8910.0
407.0,7770.0
408.0,4457.0
409.0,2519.0
410.0,1557.0
411.0,999.0
412.0,912.0
413.0,905.0
414.0,956.0
415.0,1119.0
416.0,1120.0
417.0,1057.0
418.0,1541.0
419.0,2589.0
420.0,2632.0
421.0,1683.0
422.0,1554.0
423.0,3489.0
424.0,8166.0
425.0,8298.0
426.0,3341.0
427.0,1107.0
428.0,915.0
429.0,984.0
430.0,1123.0
431.0,1283.0
432.0,1351.0
433.0,1192.0
434.0,1173.0
435.0,1276.0
436.0,1584.0
437.0,2290.0
438.0,2915.0
439.0,2349.0
440.0,1405.0
441.0,1451.0
442.0,3716.0
443.0,7006.0
444.0,7147.0
445.0,4023.0
446.0,1671.0
447.0,1000.0
448.0,918.0
449.0,1099.0
450.0,1266.0
451.0,1373.0
452.0,1225.0
453.0,1001.0
454.0,969.0
455.0,960.0
456.0,971.0
457.0,1301.0
458.0,2010.0
459.0,1932.0
460.0,1388.0
461.0,2168.0
462.0,5023.0
463.0,6107.0
464.0,4613.0
465.0,4183.0
466.0,3018.0
467.0,1340.0
468.0,1252.0
469.0,2518.0
470.0,10139.0
471.0,24584.0
472.0,22478.0
473.0,7102.0
474.0,1560.0
475.0,1121.0
476.0,928.0
477.0,963.0
478.0,1169.0
479.0,1866.0
480.0,1956.0
481.0,1709.0
482.0,3317.0
483.0,5193.0
484.0,3593.0
485.0,1492.0
486.0,1956.0
487.0,3216.0
488.0,2929.0
489.0,1462.0
490.0,1059.0
491.0,1188.0
492.0,1411.0
493.0,1786.0
494.0,2225.0
495.0,2292.0
496.0,1925.0
497.0,1457.0
498.0,1228.0
499.0,1188.0
500.0,964.0
501.0,976.0
502.0,1297.0
503.0,2543.0
504.0,4735.0
505.0,4487.0
506.0,2301.0
507.0,1327.0
508.0,1120.0
509.0,1064.0
510.0,1094.0
511.0,1697.0
512.0,2632.0
513.0,2270.0
514.0,1206.0
515.0,903.0
516.0,1030.0
517.0,1232.0
518.0,1232.0
519.0,1054.0
520.0,1382.0
521.0,5824.0
522.0,16723.0
523.0,17845.0
524.0,7379.0
525.0,2502.0
526.0,3710.0
527.0,3795.0
528.0,1843.0
529.0,924.0
530.0,823.0
531.0,877.0
532.0,982.0
533.0,1097.0
534.0,1138.0
535.0,949.0
536.0,771.0
537.0,779.0
538.0,929.0
539.0,1091.0
540.0,1185.0
541.0,1261.0
542.0,1528.0
543.0,1484.0
544.0,1085.0
545.0,876.0
546.0,945.0
547.0,1578.0
548.0,3301.0
549.0,5087.0
550.0,4497.0
551.0,2195.0
552.0,1119.0
553.0,913.0
554.0,937.0
555.0,1052.0
556.0,997.0
557.0,1030.0
558.0,1038.0
559.0,995.0
560.0,909.0
561.0,890.0
562.0,958.0
563.0,1026.0
564.0,890.0
565.0,831.0
566.0,806.0
567.0,789.0
568.0,766.0
569.0,732.0
570.0,757.0
571.0,898.0
572.0,1231.0
573.0,2910.0
574.0,4767.0
575.0,3670.0
576.0,1857.0
577.0,1233.0
578.0,1007.0
579.0,941.0
580.0,972.0
581.0,1142.0
582.0,1175.0
583.0,1096.0
584.0,1006.0
585.0,815.0
586.0,735.0
587.0,739.0
588.0,844.0
589.0,1076.0
590.0,1128.0
591.0,992.0
592.0,857.0
593.0,812.0
594.0,734.0
595.0,687.0
596.0,729.0
597.0,879.0
598.0,1850.0
599.0,3210.0
600.0,3400.0
601.0,2418.0
602.0,1467.0
603.0,1021.0
604.0,880.0
605.0,825.0
606.0,733.0
607.0,739.0
608.0,831.0
609.0,915.0
610.0,967.0
611.0,923.0
612.0,810.0
613.0,716.0
614.0,664.0
615.0,632.0
616.0,722.0
617.0,817.0
618.0,893.0
619.0,922.0
620.0,1025.0
621.0,1133.0
622.0,1057.0
623.0,1001.0
624.0,1687.0
625.0,2607.0
626.0,2426.0
627.0,2050.0
628.0,1376.0
629.0,802.0
630.0,812.0
631.0,725.0
632.0,631.0
633.0,726.0
634.0,729.0
635.0,688.0
636.0,794.0
637.0,952.0
638.0,900.0
639.0,798.0
640.0,775.0
641.0,723.0
642.0,731.0
643.0,702.0
644.0,729.0
645.0,870.0
646.0,1123.0
647.0,1268.0
648.0,1060.0
649.0,811.0
650.0,807.0
651.0,749.0
652.0,714.0
653.0,870.0
654.0,1585.0
655.0,1950.0
656.0,1517.0
657.0,1019.0
658.0,796.0
659.0,694.0
660.0,506.0
661.0,519.0
662.0,637.0
663.0,622.0
664.0,647.0
665.0,645.0
666.0,681.0
667.0,734.0
668.0,827.0
669.0,869.0
670.0,895.0
671.0,758.0
672.0,692.0
673.0,605.0
674.0,574.0
675.0,602.0
676.0,551.0
677.0,665.0
678.0,1112.0
679.0,1450.0
680.0,1114.0
681.0,753.0
682.0,1210.0
683.0,1634.0
684.0,1191.0
685.0,771.0
686.0,664.0
687.0,695.0
688.0,671.0
689.0,552.0
690.0,514.0
691.0,530.0
692.0,598.0
693.0,682.0
694.0,624.0
695.0,633.0
696.0,659.0
697.0,670.0
698.0,688.0
699.0,715.0
700.0,613.0
701.0,572.0
702.0,656.0
703.0,805.0
704.0,842.0
705.0,771.0
706.0,838.0
707.0,1870.0
708.0,4947.0
709.0,5224.0
710.0,2067.0
711.0,1397.0
712.0,1655.0
713.0,1117.0
714.0,719.0
715.0,583.0
716.0,548.0
717.0,535.0
718.0,493.0
719.0,497.0
720.0,558.0
721.0,526.0
722.0,510.0
723.0,465.0
724.0,426.0
725.0,418.0
726.0,443.0
727.0,487.0
728.0,521.0
729.0,612.0
730.0,656.0
731.0,703.0
732.0,659.0
733.0,560.0
734.0,467.0
735.0,458.0
736.0,452.0
737.0,483.0
738.0,505.0
739.0,505.0
740.0,589.0
741.0,943.0
742.0,1028.0
743.0,724.0
744.0,480.0
745.0,451.0
746.0,459.0
747.0,441.0
748.0,382.0
749.0,433.0
750.0,392.0
751.0,407.0
752.0,449.0
753.0,497.0
754.0,421.0
755.0,384.0
756.0,367.0
757.0,388.0
758.0,407.0
759.0,444.0
760.0,548.0
761.0,532.0
762.0,501.0
763.0,534.0
764.0,491.0
765.0,365.0
766.0,330.0
767.0,308.0
768.0,345.0
769.0,381.0
770.0,465.0
771.0,635.0
772.0,891.0
773.0,997.0
774.0,1047.0
775.0,1913.0
776.0,2054.0
777.0,928.0
778.0,368.0
779.0,318.0
780.0,372.0
781.0,355.0
782.0,378.0
783.0,432.0
784.0,402.0
785.0,490.0
786.0,475.0
787.0,389.0
788.0,343.0
789.0,339.0
790.0,316.0
791.0,283.0
792.0,345.0
793.0,328.0
794.0,387.0
795.0,472.0
796.0,454.0
797.0,334.0
798.0,305.0
799.0,360.0
800.0,382.0
801.0,335.0
802.0,287.0
803.0,283.0
804.0,311.0
805.0,305.0
806.0,280.0
807.0,282.0
808.0,324.0
809.0,349.0
810.0,271.0
811.0,243.0
812.0,252.0
813.0,295.0
814.0,612.0
815.0,1435.0
816.0,1408.0
817.0,605.0
818.0,286.0
819.0,296.0
820.0,250.0
821.0,270.0
822.0,264.0
823.0,258.0
824.0,262.0
825.0,267.0
826.0,258.0
827.0,251.0
828.0,281.0
829.0,328.0
830.0,338.0
831.0,293.0
832.0,243.0
833.0,220.0
834.0,432.0
835.0,1061.0
836.0,1261.0
837.0,677.0
838.0,308.0
839.0,358.0
840.0,1414.0
841.0,3551.0
842.0,3027.0
843.0,901.0
844.0,331.0
845.0,273.0
846.0,238.0
847.0,207.0
848.0,210.0
849.0,208.0
850.0,192.0
851.0,199.0
852.0,197.0
853.0,191.0
854.0,215.0
855.0,182.0
856.0,190.0
857.0,195.0
858.0,182.0
859.0,192.0
860.0,183.0
861.0,193.0
862.0,207.0
863.0,180.0
864.0,186.0
865.0,207.0
866.0,224.0
867.0,267.0
868.0,263.0
869.0,707.0
870.0,3218.0
871.0,5315.0
872.0,2883.0
873.0,492.0
874.0,195.0
875.0,167.0
876.0,162.0
877.0,172.0
878.0,175.0
879.0,163.0
880.0,163.0
881.0,163.0
882.0,170.0
883.0,150.0
884.0,171.0
885.0,180.0
886.0,178.0
887.0,167.0
888.0,169.0
889.0,165.0
890.0,144.0
891.0,153.0
892.0,123.0
893.0,135.0
894.0,132.0
895.0,141.0
896.0,152.0
897.0,120.0
898.0,122.0
899.0,126.0
900.0,115.0
901.0,120.0
902.0,117.0
903.0,112.0
904.0,143.0
905.0,162.0
906.0,170.0
907.0,199.0
908.0,179.0
909.0,140.0
910.0,130.0
911.0,104.0
912.0,113.0
913.0,100.0
914.0,100.0
915.0,109.0
916.0,112.0
917.0,101.0
918.0,114.0
919.0,104.0
920.0,113.0
921.0,112.0
922.0,116.0
923.0,111.0
924.0,114.0
925.0,119.0
926.0,109.0
927.0,102.0
928.0,99.0
929.0,90.0
930.0,90.0
931.0,99.0
932.0,101.0
933.0,105.0
934.0,114.0
935.0,113.0
936.0,114.0
937.0,88.0
938.0,100.0
939.0,79.0
940.0,95.0
941.0,100.0
942.0,76.0
943.0,79.0
944.0,79.0
945.0,89.0
946.0,85.0
947.0,99.0
948.0,101.0
949.0,122.0
950.0,120.0
951.0,104.0
952.0,74.0
953.0,70.0
954.0,68.0
955.0,72.0
956.0,77.0
957.0,85.0
958.0,76.0
959.0,65.0
960.0,59.0
961.0,78.0
962.0,65.0
963.0,73.0
964.0,71.0
965.0,79.0
966.0,61.0
967.0,59.0
968.0,62.0
969.0,71.0
970.0,67.0
971.0,54.0
972.0,61.0
973.0,82.0
974.0,57.0
975.0,58.0
976.0,85.0
977.0,67.0
978.0,45.0
979.0,69.0
980.0,60.0
981.0,55.0
982.0,55.0
983.0,60.0
984.0,44.0
985.0,61.0
986.0,67.0
987.0,69.0
988.0,50.0
989.0,62.0
990.0,54.0
991.0,58.0
992.0,53.0
993.0,52.0
994.0,46.0
995.0,66.0
996.0,54.0
997.0,50.0
998.0,51.0
999.0,55.0
1000.0,50.0
1001.0,51.0
1002.0,59.0
1003.0,49.0
1004.0,46.0
1005.0,35.0
1006.0,49.0
1007.0,55.0
1008.0,54.0
1009.0,70.0
1010.0,59.0
1011.0,57.0
1012.0,51.0
1013.0,53.0
1014.0,65.0
1015.0,52.0
1016.0,59.0
1017.0,53.0
1018.0,49.0
1019.0,55.0
1020.0,51.0
1021.0,48.0
1022.0,59.0
1023.0,60.0
