0.0,30.0
1.0,51.0
2.0,52.0
3.0,63.0
4.0,66.0
5.0,75.0
6.0,82.0
7.0,100.0
8.0,93.0
9.0,111.0
10.0,107.0
11.0,146.0
12.0,280.0
13.0,857.0
14.0,1962.0
15.0,1717.0
16.0,551.0
17.0,199.0
18.0,110.0
19.0,109.0
20.0,79.0
21.0,83.0
22.0,63.0
23.0,60.0
24.0,84.0
25.0,72.0
26.0,76.0
27.0,81.0
28.0,82.0
29.0,75.0
30.0,69.0
31.0,74.0
32.0,67.0
33.0,65.0
34.0,75.0
35.0,70.0
36.0,85.0
37.0,70.0
38.0,72.0
39.0,69.0
40.0,84.0
41.0,82.0
42.0,98.0
43.0,99.0
44.0,93.0
45.0,81.0
46.0,85.0
47.0,82.0
48.0,79.0
49.0,73.0
50.0,80.0
51.0,80.0
52.0,72.0
53.0,92.0
54.0,84.0
55.0,79.0
56.0,89.0
57.0,78.0
58.0,90.0
59.0,94.0
60.0,89.0
61.0,99.0
62.0,95.0
63.0,96.0
64.0,94.0
65.0,93.0
66.0,66.0
67.0,89.0
68.0,94.0
69.0,93.0
70.0,93.0
71.0,94.0
72.0,91.0
73.0,103.0
74.0,98.0
75.0,100.0
76.0,108.0
77.0,116.0
78.0,111.0
79.0,93.0
80.0,95.0
81.0,98.0
82.0,101.0
83.0,88.0
84.0,100.0
85.0,105.0
86.0,109.0
87.0,113.0
88.0,126.0
89.0,127.0
90.0,114.0
91.0,108.0
92.0,114.0
93.0,99.0
94.0,108.0
95.0,108.0
96.0,95.0
97.0,109.0
98.0,117.0
99.0,98.0
100.0,106.0
101.0,103.0
102.0,116.0
103.0,108.0
104.0,114.0
105.0,129.0
106.0,128.0
107.0,107.0
108.0,113.0
109.0,105.0
110.0,110.0
111.0,127.0
112.0,138.0
113.0,138.0
114.0,136.0
115.0,125.0
116.0,107.0
117.0,109.0
118.0,108.0
119.0,107.0
120.0,107.0
121.0,96.0
122.0,104.0
123.0,94.0
124.0,109.0
125.0,125.0
126.0,144.0
127.0,139.0
128.0,117.0
129.0,116.0
130.0,129.0
131.0,123.0
132.0,123.0
133.0,130.0
134.0,118.0
135.0,115.0
136.0,142.0
137.0,139.0
138.0,138.0
139.0,137.0
140.0,154.0
141.0,129.0
142.0,144.0
143.0,153.0
144.0,140.0
145.0,123.0
146.0,123.0
147.0,107.0
148.0,118.0
149.0,141.0
150.0,132.0
151.0,135.0
152.0,164.0
153.0,134.0
154.0,155.0
155.0,145.0
156.0,159.0
157.0,180.0
158.0,199.0
159.0,200.0
160.0,149.0
161.0,165.0
162.0,155.0
163.0,135.0
164.0,131.0
165.0,164.0
166.0,161.0
167.0,152.0
168.0,169.0
169.0,141.0
170.0,128.0
171.0,125.0
172.0,116.0
173.0,149.0
174.0,150.0
175.0,162.0
176.0,153.0
177.0,191.0
178.0,204.0
179.0,185.0
180.0,183.0
181.0,191.0
182.0,208.0
183.0,197.0
184.0,151.0
185.0,116.0
186.0,115.0
187.0,125.0
188.0,172.0
189.0,198.0
190.0,199.0
191.0,183.0
192.0,177.0
193.0,170.0
194.0,172.0
195.0,161.0
196.0,166.0
197.0,142.0
198.0,153.0
199.0,179.0
200.0,305.0
201.0,927.0
202.0,1770.0
203.0,1300.0
204.0,407.0
205.0,185.0
206.0,161.0
207.0,186.0
208.0,163.0
209.0,150.0
210.0,176.0
211.0,200.0
212.0,196.0
213.0,173.0
214.0,171.0
215.0,154.0
216.0,166.0
217.0,176.0
218.0,176.0
219.0,159.0
220.0,176.0
221.0,183.0
222.0,207.0
223.0,191.0
224.0,175.0
225.0,193.0
226.0,147.0
227.0,145.0
228.0,146.0
229.0,164.0
230.0,200.0
231.0,152.0
232.0,144.0
233.0,154.0
234.0,166.0
235.0,187.0
236.0,209.0
237.0,221.0
238.0,192.0
239.0,203.0
240.0,224.0
241.0,180.0
242.0,153.0
243.0,154.0
244.0,160.0
245.0,166.0
246.0,183.0
247.0,181.0
248.0,161.0
249.0,160.0
250.0,174.0
251.0,178.0
252.0,185.0
253.0,217.0
254.0,210.0
255.0,209.0
256.0,263.0
257.0,331.0
258.0,1010.0
259.0,2982.0
260.0,3292.0
261.0,1431.0
262.0,370.0
263.0,242.0
264.0,211.0
265.0,248.0
266.0,325.0
267.0,357.0
268.0,307.0
269.0,242.0
270.0,226.0
271.0,221.0
272.0,192.0
273.0,169.0
274.0,154.0
275.0,155.0
276.0,173.0
277.0,181.0
278.0,173.0
279.0,190.0
280.0,191.0
281.0,208.0
282.0,189.0
283.0,176.0
284.0,164.0
285.0,176.0
286.0,174.0
287.0,212.0
288.0,235.0
289.0,234.0
290.0,219.0
291.0,197.0
292.0,203.0
293.0,174.0
294.0,173.0
295.0,180.0
296.0,198.0
297.0,193.0
298.0,173.0
299.0,167.0
300.0,223.0
301.0,249.0
302.0,230.0
303.0,176.0
304.0,184.0
305.0,190.0
306.0,206.0
307.0,207.0
308.0,155.0
309.0,179.0
310.0,263.0
311.0,307.0
312.0,258.0
313.0,184.0
314.0,195.0
315.0,194.0
316.0,188.0
317.0,192.0
318.0,238.0
319.0,293.0
320.0,296.0
321.0,231.0
322.0,176.0
323.0,164.0
324.0,146.0
325.0,136.0
326.0,140.0
327.0,151.0
328.0,156.0
329.0,183.0
330.0,150.0
331.0,164.0
332.0,201.0
333.0,183.0
334.0,143.0
335.0,141.0
336.0,171.0
337.0,196.0
338.0,248.0
339.0,280.0
340.0,262.0
341.0,197.0
342.0,172.0
343.0,169.0
344.0,222.0
345.0,242.0
346.0,254.0
347.0,198.0
348.0,170.0
349.0,194.0
350.0,205.0
351.0,180.0
352.0,192.0
353.0,171.0
354.0,222.0
355.0,212.0
356.0,240.0
357.0,258.0
358.0,272.0
359.0,248.0
360.0,191.0
361.0,167.0
362.0,163.0
363.0,179.0
364.0,243.0
365.0,257.0
366.0,221.0
367.0,198.0
368.0,188.0
369.0,244.0
370.0,271.0
371.0,232.0
372.0,187.0
373.0,175.0
374.0,184.0
375.0,185.0
376.0,200.0
377.0,184.0
378.0,188.0
379.0,243.0
380.0,275.0
381.0,297.0
382.0,301.0
383.0,266.0
384.0,235.0
385.0,260.0
386.0,303.0
387.0,281.0
388.0,234.0
389.0,201.0
390.0,212.0
391.0,239.0
392.0,227.0
393.0,200.0
394.0,185.0
395.0,161.0
396.0,181.0
397.0,174.0
398.0,187.0
399.0,197.0
400.0,216.0
401.0,265.0
402.0,255.0
403.0,247.0
404.0,248.0
405.0,243.0
406.0,236.0
407.0,259.0
408.0,249.0
409.0,205.0
410.0,206.0
411.0,208.0
412.0,199.0
413.0,191.0
414.0,217.0
415.0,233.0
416.0,313.0
417.0,330.0
418.0,295.0
419.0,286.0
420.0,284.0
421.0,234.0
422.0,215.0
423.0,283.0
424.0,306.0
425.0,298.0
426.0,225.0
427.0,207.0
428.0,215.0
429.0,221.0
430.0,221.0
431.0,227.0
432.0,210.0
433.0,191.0
434.0,190.0
435.0,257.0
436.0,233.0
437.0,216.0
438.0,170.0
439.0,152.0
440.0,180.0
441.0,194.0
442.0,216.0
443.0,210.0
444.0,190.0
445.0,200.0
446.0,228.0
447.0,265.0
448.0,253.0
449.0,225.0
450.0,241.0
451.0,243.0
452.0,202.0
453.0,220.0
454.0,182.0
455.0,219.0
456.0,194.0
457.0,194.0
458.0,200.0
459.0,210.0
460.0,253.0
461.0,314.0
462.0,286.0
463.0,209.0
464.0,250.0
465.0,249.0
466.0,259.0
467.0,276.0
468.0,243.0
469.0,205.0
470.0,220.0
471.0,223.0
472.0,209.0
473.0,182.0
474.0,183.0
475.0,214.0
476.0,259.0
477.0,277.0
478.0,247.0
479.0,244.0
480.0,263.0
481.0,233.0
482.0,223.0
483.0,248.0
484.0,285.0
485.0,314.0
486.0,371.0
487.0,365.0
488.0,275.0
489.0,210.0
490.0,209.0
491.0,237.0
492.0,247.0
493.0,235.0
494.0,260.0
495.0,236.0
496.0,208.0
497.0,213.0
498.0,256.0
499.0,282.0
500.0,215.0
501.0,204.0
502.0,221.0
503.0,218.0
504.0,274.0
505.0,231.0
506.0,198.0
507.0,254.0
508.0,273.0
509.0,284.0
510.0,293.0
511.0,339.0
512.0,296.0
513.0,265.0
514.0,283.0
515.0,338.0
516.0,338.0
517.0,286.0
518.0,250.0
519.0,248.0
520.0,278.0
521.0,352.0
522.0,368.0
523.0,296.0
524.0,227.0
525.0,192.0
526.0,208.0
527.0,202.0
528.0,203.0
529.0,223.0
530.0,221.0
531.0,215.0
532.0,229.0
533.0,231.0
534.0,254.0
535.0,278.0
536.0,328.0
537.0,287.0
538.0,296.0
539.0,284.0
540.0,265.0
541.0,253.0
542.0,302.0
543.0,299.0
544.0,334.0
545.0,352.0
546.0,288.0
547.0,274.0
548.0,271.0
549.0,317.0
550.0,414.0
551.0,395.0
552.0,374.0
553.0,306.0
554.0,277.0
555.0,342.0
556.0,321.0
557.0,278.0
558.0,252.0
559.0,260.0
560.0,245.0
561.0,268.0
562.0,246.0
563.0,222.0
564.0,259.0
565.0,276.0
566.0,273.0
567.0,262.0
568.0,285.0
569.0,325.0
570.0,369.0
571.0,334.0
572.0,321.0
573.0,355.0
574.0,461.0
575.0,564.0
576.0,601.0
577.0,763.0
578.0,863.0
579.0,971.0
580.0,1260.0
581.0,2511.0
582.0,35073.0
583.0,59494.0
584.0,80882.0
585.0,87069.0
586.0,70837.0
587.0,53036.0
588.0,36243.0
589.0,4269.0
590.0,751.0
591.0,607.0
592.0,529.0
593.0,454.0
594.0,451.0
595.0,418.0
596.0,346.0
597.0,298.0
598.0,288.0
599.0,301.0
600.0,377.0
601.0,349.0
602.0,308.0
603.0,305.0
604.0,304.0
605.0,327.0
606.0,335.0
607.0,320.0
608.0,347.0
609.0,375.0
610.0,378.0
611.0,356.0
612.0,336.0
613.0,297.0
614.0,359.0
615.0,412.0
616.0,398.0
617.0,422.0
618.0,425.0
619.0,460.0
620.0,384.0
621.0,292.0
622.0,265.0
623.0,289.0
624.0,345.0
625.0,313.0
626.0,302.0
627.0,293.0
628.0,313.0
629.0,325.0
630.0,284.0
631.0,272.0
632.0,257.0
633.0,286.0
634.0,288.0
635.0,304.0
636.0,292.0
637.0,299.0
638.0,339.0
639.0,350.0
640.0,320.0
641.0,342.0
642.0,299.0
643.0,233.0
644.0,224.0
645.0,239.0
646.0,270.0
647.0,386.0
648.0,452.0
649.0,470.0
650.0,347.0
651.0,274.0
652.0,322.0
653.0,361.0
654.0,299.0
655.0,252.0
656.0,236.0
657.0,253.0
658.0,260.0
659.0,298.0
660.0,338.0
661.0,362.0
662.0,485.0
663.0,496.0
664.0,343.0
665.0,337.0
666.0,312.0
667.0,244.0
668.0,230.0
669.0,203.0
670.0,194.0
671.0,208.0
672.0,224.0
673.0,235.0
674.0,293.0
675.0,390.0
676.0,423.0
677.0,464.0
678.0,449.0
679.0,381.0
680.0,370.0
681.0,372.0
682.0,305.0
683.0,286.0
684.0,317.0
685.0,345.0
686.0,354.0
687.0,310.0
688.0,279.0
689.0,239.0
690.0,231.0
691.0,261.0
692.0,248.0
693.0,236.0
694.0,220.0
695.0,234.0
696.0,260.0
697.0,276.0
698.0,313.0
699.0,306.0
700.0,278.0
701.0,400.0
702.0,812.0
703.0,1124.0
704.0,755.0
705.0,431.0
706.0,382.0
707.0,329.0
708.0,286.0
709.0,272.0
710.0,259.0
711.0,297.0
712.0,289.0
713.0,267.0
714.0,303.0
715.0,352.0
716.0,326.0
717.0,350.0
718.0,359.0
719.0,365.0
720.0,299.0
721.0,249.0
722.0,284.0
723.0,316.0
724.0,307.0
725.0,324.0
726.0,362.0
727.0,431.0
728.0,419.0
729.0,352.0
730.0,303.0
731.0,247.0
732.0,248.0
733.0,298.0
734.0,324.0
735.0,361.0
736.0,347.0
737.0,314.0
738.0,345.0
739.0,381.0
740.0,341.0
741.0,291.0
742.0,334.0
743.0,395.0
744.0,406.0
745.0,349.0
746.0,342.0
747.0,346.0
748.0,352.0
749.0,382.0
750.0,384.0
751.0,354.0
752.0,281.0
753.0,238.0
754.0,226.0
755.0,255.0
756.0,254.0
757.0,249.0
758.0,284.0
759.0,318.0
760.0,299.0
761.0,323.0
762.0,290.0
763.0,236.0
764.0,239.0
765.0,313.0
766.0,456.0
767.0,459.0
768.0,383.0
769.0,389.0
770.0,435.0
771.0,379.0
772.0,315.0
773.0,271.0
774.0,248.0
775.0,217.0
776.0,206.0
777.0,195.0
778.0,190.0
779.0,197.0
780.0,280.0
781.0,320.0
782.0,285.0
783.0,258.0
784.0,266.0
785.0,308.0
786.0,301.0
787.0,278.0
788.0,266.0
789.0,293.0
790.0,291.0
791.0,333.0
792.0,332.0
793.0,318.0
794.0,340.0
795.0,302.0
796.0,259.0
797.0,291.0
798.0,294.0
799.0,289.0
800.0,277.0
801.0,243.0
802.0,232.0
803.0,230.0
804.0,289.0
805.0,343.0
806.0,363.0
807.0,374.0
808.0,376.0
809.0,302.0
810.0,214.0
811.0,254.0
812.0,286.0
813.0,314.0
814.0,356.0
815.0,310.0
816.0,291.0
817.0,326.0
818.0,277.0
819.0,299.0
820.0,291.0
821.0,273.0
822.0,278.0
823.0,287.0
824.0,262.0
825.0,301.0
826.0,337.0
827.0,339.0
828.0,303.0
829.0,271.0
830.0,292.0
831.0,301.0
832.0,297.0
833.0,292.0
834.0,294.0
835.0,319.0
836.0,334.0
837.0,392.0
838.0,370.0
839.0,353.0
840.0,360.0
841.0,335.0
842.0,326.0
843.0,287.0
844.0,314.0
845.0,370.0
846.0,349.0
847.0,290.0
848.0,249.0
849.0,240.0
850.0,246.0
851.0,248.0
852.0,306.0
853.0,335.0
854.0,369.0
855.0,419.0
856.0,351.0
857.0,365.0
858.0,389.0
859.0,432.0
860.0,499.0
861.0,573.0
862.0,674.0
863.0,998.0
864.0,2172.0
865.0,10762.0
866.0,48977.0
867.0,63772.0
868.0,67168.0
869.0,57900.0
870.0,28684.0
871.0,1650.0
872.0,751.0
873.0,585.0
874.0,541.0
875.0,507.0
876.0,445.0
877.0,394.0
878.0,455.0
879.0,545.0
880.0,448.0
881.0,335.0
882.0,317.0
883.0,353.0
884.0,334.0
885.0,285.0
886.0,281.0
887.0,319.0
888.0,336.0
889.0,332.0
890.0,321.0
891.0,359.0
892.0,350.0
893.0,331.0
894.0,288.0
895.0,289.0
896.0,274.0
897.0,287.0
898.0,329.0
899.0,344.0
900.0,338.0
901.0,348.0
902.0,348.0
903.0,368.0
904.0,377.0
905.0,377.0
906.0,317.0
907.0,313.0
908.0,281.0
909.0,278.0
910.0,299.0
911.0,328.0
912.0,336.0
913.0,316.0
914.0,311.0
915.0,349.0
916.0,324.0
917.0,383.0
918.0,363.0
919.0,343.0
920.0,319.0
921.0,321.0
922.0,351.0
923.0,357.0
924.0,399.0
925.0,404.0
926.0,431.0
927.0,467.0
928.0,456.0
929.0,414.0
930.0,390.0
931.0,397.0
932.0,384.0
933.0,417.0
934.0,428.0
935.0,454.0
936.0,535.0
937.0,583.0
938.0,595.0
939.0,606.0
940.0,666.0
941.0,796.0
942.0,944.0
943.0,12128.0
944.0,48010.0
945.0,68337.0
946.0,73276.0
947.0,89081.0
948.0,100762.0
949.0,119430.0
950.0,111214.0
951.0,92334.0
952.0,86156.0
953.0,78299.0
954.0,63352.0
955.0,50423.0
956.0,44422.0
957.0,10260.0
958.0,643.0
959.0,638.0
960.0,564.0
961.0,543.0
962.0,485.0
963.0,436.0
964.0,429.0
965.0,407.0
966.0,397.0
967.0,412.0
968.0,405.0
969.0,424.0
970.0,404.0
971.0,371.0
972.0,381.0
973.0,389.0
974.0,358.0
975.0,358.0
976.0,371.0
977.0,381.0
978.0,371.0
979.0,383.0
980.0,402.0
981.0,574.0
982.0,771.0
983.0,580.0
984.0,344.0
985.0,340.0
986.0,342.0
987.0,373.0
988.0,396.0
989.0,393.0
990.0,346.0
991.0,369.0
992.0,396.0
993.0,395.0
994.0,538.0
995.0,684.0
996.0,660.0
997.0,550.0
998.0,458.0
999.0,504.0
1000.0,539.0
1001.0,590.0
1002.0,702.0
1003.0,792.0
1004.0,1060.0
1005.0,32162.0
1006.0,54126.0
1007.0,69174.0
1008.0,76537.0
1009.0,93544.0
1010.0,102561.0
1011.0,100639.0
1012.0,81104.0
1013.0,69223.0
1014.0,67196.0
1015.0,55614.0
1016.0,32702.0
1017.0,16086.0
1018.0,669.0
1019.0,616.0
1020.0,547.0
1021.0,468.0
1022.0,453.0
1023.0,445.0
