0.0,25.0
1.0,42.0
2.0,42.0
3.0,50.0
4.0,47.0
5.0,43.0
6.0,51.0
7.0,61.0
8.0,59.0
9.0,61.0
10.0,58.0
11.0,64.0
12.0,66.0
13.0,64.0
14.0,55.0
15.0,55.0
16.0,56.0
17.0,61.0
18.0,66.0
19.0,57.0
20.0,79.0
21.0,91.0
22.0,77.0
23.0,58.0
24.0,81.0
25.0,80.0
26.0,72.0
27.0,91.0
28.0,94.0
29.0,73.0
30.0,64.0
31.0,75.0
32.0,93.0
33.0,98.0
34.0,126.0
35.0,121.0
36.0,134.0
37.0,122.0
38.0,96.0
39.0,79.0
40.0,85.0
41.0,107.0
42.0,115.0
43.0,130.0
44.0,130.0
45.0,91.0
46.0,88.0
47.0,105.0
48.0,106.0
49.0,145.0
50.0,251.0
51.0,312.0
52.0,313.0
53.0,180.0
54.0,115.0
55.0,98.0
56.0,95.0
57.0,98.0
58.0,88.0
59.0,120.0
60.0,214.0
61.0,292.0
62.0,208.0
63.0,124.0
64.0,118.0
65.0,106.0
66.0,118.0
67.0,217.0
68.0,548.0
69.0,790.0
70.0,515.0
71.0,183.0
72.0,135.0
73.0,127.0
74.0,120.0
75.0,116.0
76.0,134.0
77.0,139.0
78.0,157.0
79.0,235.0
80.0,463.0
81.0,472.0
82.0,253.0
83.0,168.0
84.0,174.0
85.0,178.0
86.0,243.0
87.0,669.0
88.0,1431.0
89.0,1204.0
90.0,410.0
91.0,200.0
92.0,162.0
93.0,141.0
94.0,133.0
95.0,146.0
96.0,126.0
97.0,153.0
98.0,161.0
99.0,188.0
100.0,340.0
101.0,708.0
102.0,768.0
103.0,416.0
104.0,267.0
105.0,250.0
106.0,276.0
107.0,470.0
108.0,1397.0
109.0,1985.0
110.0,1505.0
111.0,848.0
112.0,385.0
113.0,231.0
114.0,225.0
115.0,235.0
116.0,267.0
117.0,274.0
118.0,234.0
119.0,258.0
120.0,274.0
121.0,316.0
122.0,405.0
123.0,720.0
124.0,1175.0
125.0,989.0
126.0,437.0
127.0,286.0
128.0,282.0
129.0,520.0
130.0,1844.0
131.0,2701.0
132.0,1647.0
133.0,1314.0
134.0,1290.0
135.0,586.0
136.0,255.0
137.0,270.0
138.0,262.0
139.0,280.0
140.0,308.0
141.0,341.0
142.0,369.0
143.0,431.0
144.0,443.0
145.0,341.0
146.0,382.0
147.0,851.0
148.0,1919.0
149.0,1774.0
150.0,797.0
151.0,501.0
152.0,552.0
153.0,1246.0
154.0,3114.0
155.0,3179.0
156.0,1207.0
157.0,1045.0
158.0,1906.0
159.0,1613.0
160.0,663.0
161.0,388.0
162.0,293.0
163.0,314.0
164.0,333.0
165.0,442.0
166.0,423.0
167.0,396.0
168.0,352.0
169.0,352.0
170.0,340.0
171.0,369.0
172.0,507.0
173.0,1192.0
174.0,1984.0
175.0,1521.0
176.0,738.0
177.0,803.0
178.0,1768.0
179.0,4644.0
180.0,4884.0
181.0,1909.0
182.0,749.0
183.0,1199.0
184.0,2402.0
185.0,2167.0
186.0,854.0
187.0,464.0
188.0,424.0
189.0,425.0
190.0,499.0
191.0,521.0
192.0,531.0
193.0,512.0
194.0,578.0
195.0,610.0
196.0,580.0
197.0,554.0
198.0,545.0
199.0,628.0
200.0,1359.0
201.0,2374.0
202.0,1850.0
203.0,882.0
204.0,990.0
205.0,2961.0
206.0,5537.0
207.0,4001.0
208.0,1341.0
209.0,749.0
210.0,849.0
211.0,2079.0
212.0,3299.0
213.0,2167.0
214.0,677.0
215.0,495.0
216.0,539.0
217.0,618.0
218.0,666.0
219.0,732.0
220.0,756.0
221.0,726.0
222.0,720.0
223.0,785.0
224.0,773.0
225.0,740.0
226.0,751.0
227.0,913.0
228.0,1180.0
229.0,2276.0
230.0,2776.0
231.0,1744.0
232.0,1256.0
233.0,3469.0
234.0,6102.0
235.0,4417.0
236.0,1493.0
237.0,904.0
238.0,786.0
239.0,989.0
240.0,2340.0
241.0,3962.0
242.0,2821.0
243.0,996.0
244.0,740.0
245.0,932.0
246.0,873.0
247.0,860.0
248.0,916.0
249.0,803.0
250.0,632.0
251.0,615.0
252.0,677.0
253.0,706.0
254.0,733.0
255.0,792.0
256.0,990.0
257.0,1418.0
258.0,1860.0
259.0,2761.0
260.0,3465.0
261.0,2585.0
262.0,3572.0
263.0,9486.0
264.0,10113.0
265.0,4128.0
266.0,1178.0
267.0,875.0
268.0,811.0
269.0,950.0
270.0,1853.0
271.0,4187.0
272.0,4536.0
273.0,1992.0
274.0,821.0
275.0,667.0
276.0,704.0
277.0,864.0
278.0,1016.0
279.0,949.0
280.0,820.0
281.0,768.0
282.0,774.0
283.0,871.0
284.0,1049.0
285.0,1206.0
286.0,1329.0
287.0,1356.0
288.0,1496.0
289.0,1981.0
290.0,3000.0
291.0,5265.0
292.0,5273.0
293.0,4404.0
294.0,7405.0
295.0,7594.0
296.0,3183.0
297.0,1144.0
298.0,987.0
299.0,992.0
300.0,1145.0
301.0,1218.0
302.0,2230.0
303.0,4812.0
304.0,4815.0
305.0,2401.0
306.0,1311.0
307.0,1184.0
308.0,1147.0
309.0,1099.0
310.0,1011.0
311.0,1120.0
312.0,1070.0
313.0,925.0
314.0,871.0
315.0,885.0
316.0,921.0
317.0,1086.0
318.0,1466.0
319.0,1701.0
320.0,1487.0
321.0,1167.0
322.0,1182.0
323.0,2040.0
324.0,3472.0
325.0,4030.0
326.0,6613.0
327.0,8766.0
328.0,5038.0
329.0,1627.0
330.0,1052.0
331.0,1075.0
332.0,1044.0
333.0,1073.0
334.0,1242.0
335.0,2068.0
336.0,4969.0
337.0,6168.0
338.0,3624.0
339.0,1591.0
340.0,1203.0
341.0,1192.0
342.0,1207.0
343.0,1106.0
344.0,1130.0
345.0,1631.0
346.0,1971.0
347.0,1732.0
348.0,1401.0
349.0,1220.0
350.0,1122.0
351.0,1164.0
352.0,1333.0
353.0,1430.0
354.0,1538.0
355.0,1474.0
356.0,1352.0
357.0,1670.0
358.0,3497.0
359.0,6318.0
360.0,9304.0
361.0,8256.0
362.0,3345.0
363.0,1360.0
364.0,1180.0
365.0,1272.0
366.0,1402.0
367.0,1293.0
368.0,1350.0
369.0,1614.0
370.0,3435.0
371.0,6873.0
372.0,6724.0
373.0,3809.0
374.0,2265.0
375.0,2000.0
376.0,1912.0
377.0,1703.0
378.0,1476.0
379.0,1424.0
380.0,1625.0
381.0,1708.0
382.0,1700.0
383.0,1502.0
384.0,1374.0
385.0,1463.0
386.0,1577.0
387.0,1463.0
388.0,1322.0
389.0,1267.0
390.0,1409.0
391.0,1663.0
392.0,1960.0
393.0,2566.0
394.0,5531.0
395.0,10395.0
396.0,10165.0
397.0,4598.0
398.0,1919.0
399.0,1850.0
400.0,1847.0
401.0,1523.0
402.0,1387.0
403.0,1415.0
404.0,1528.0
405.0,1726.0
406.0,3292.0
407.0,6329.0
408.0,6152.0
409.0,3289.0
410.0,2056.0
411.0,1714.0
412.0,1624.0
413.0,1646.0
414.0,1495.0
415.0,1566.0
416.0,1870.0
417.0,2042.0
418.0,2188.0
419.0,2123.0
420.0,1622.0
421.0,1397.0
422.0,1555.0
423.0,1750.0
424.0,2155.0
425.0,2273.0
426.0,1758.0
427.0,1150.0
428.0,1058.0
429.0,1354.0
430.0,2707.0
431.0,7837.0
432.0,12028.0
433.0,7920.0
434.0,2638.0
435.0,1538.0
436.0,1463.0
437.0,1474.0
438.0,1648.0
439.0,2331.0
440.0,3014.0
441.0,2718.0
442.0,2148.0
443.0,2508.0
444.0,5290.0
445.0,6563.0
446.0,3833.0
447.0,1720.0
448.0,1447.0
449.0,1321.0
450.0,1281.0
451.0,1101.0
452.0,1055.0
453.0,1278.0
454.0,1647.0
455.0,1813.0
456.0,1924.0
457.0,1847.0
458.0,1870.0
459.0,2177.0
460.0,2110.0
461.0,1715.0
462.0,1558.0
463.0,1557.0
464.0,1733.0
465.0,2107.0
466.0,2410.0
467.0,2247.0
468.0,3106.0
469.0,6716.0
470.0,9119.0
471.0,6872.0
472.0,3893.0
473.0,2256.0
474.0,1696.0
475.0,1724.0
476.0,1788.0
477.0,2209.0
478.0,2711.0
479.0,2335.0
480.0,1819.0
481.0,1756.0
482.0,3188.0
483.0,6419.0
484.0,6058.0
485.0,3140.0
486.0,2266.0
487.0,2041.0
488.0,1644.0
489.0,1578.0
490.0,1728.0
491.0,1749.0
492.0,1667.0
493.0,1743.0
494.0,2048.0
495.0,2417.0
496.0,2177.0
497.0,1838.0
498.0,1869.0
499.0,1872.0
500.0,1848.0
501.0,1949.0
502.0,1963.0
503.0,1855.0
504.0,1507.0
505.0,1849.0
506.0,3132.0
507.0,4039.0
508.0,6317.0
509.0,8165.0
510.0,5441.0
511.0,2552.0
512.0,1804.0
513.0,1970.0
514.0,2335.0
515.0,2228.0
516.0,1910.0
517.0,1714.0
518.0,1449.0
519.0,1207.0
520.0,1177.0
521.0,1505.0
522.0,3405.0
523.0,6918.0
524.0,6725.0
525.0,3721.0
526.0,2284.0
527.0,2099.0
528.0,2521.0
529.0,2500.0
530.0,2229.0
531.0,2274.0
532.0,2045.0
533.0,1822.0
534.0,1689.0
535.0,1709.0
536.0,2021.0
537.0,2395.0
538.0,2382.0
539.0,2162.0
540.0,2213.0
541.0,2168.0
542.0,1969.0
543.0,1802.0
544.0,1727.0
545.0,1745.0
546.0,1891.0
547.0,2144.0
548.0,4114.0
549.0,8449.0
550.0,8740.0
551.0,4257.0
552.0,2449.0
553.0,2588.0
554.0,2748.0
555.0,2595.0
556.0,2007.0
557.0,1921.0
558.0,2533.0
559.0,2243.0
560.0,1523.0
561.0,1402.0
562.0,1935.0
563.0,3186.0
564.0,5715.0
565.0,6210.0
566.0,4203.0
567.0,3516.0
568.0,2949.0
569.0,2095.0
570.0,1651.0
571.0,1598.0
572.0,1689.0
573.0,2096.0
574.0,1901.0
575.0,1617.0
576.0,2175.0
577.0,3488.0
578.0,3777.0
579.0,2939.0
580.0,2607.0
581.0,2879.0
582.0,2885.0
583.0,2286.0
584.0,2233.0
585.0,2360.0
586.0,2381.0
587.0,2505.0
588.0,2413.0
589.0,1977.0
590.0,2086.0
591.0,3136.0
592.0,4252.0
593.0,5767.0
594.0,5777.0
595.0,3327.0
596.0,1616.0
597.0,1428.0
598.0,1596.0
599.0,1709.0
600.0,1741.0
601.0,2076.0
602.0,2385.0
603.0,2738.0
604.0,3178.0
605.0,3378.0
606.0,4668.0
607.0,6186.0
608.0,4660.0
609.0,2857.0
610.0,2596.0
611.0,2421.0
612.0,2364.0
613.0,2962.0
614.0,3412.0
615.0,2455.0
616.0,1544.0
617.0,1385.0
618.0,1661.0
619.0,1777.0
620.0,1821.0
621.0,1908.0
622.0,2020.0
623.0,2318.0
624.0,2667.0
625.0,2558.0
626.0,2400.0
627.0,1898.0
628.0,1512.0
629.0,1886.0
630.0,2340.0
631.0,2419.0
632.0,4305.0
633.0,6547.0
634.0,5126.0
635.0,3732.0
636.0,4329.0
637.0,7878.0
638.0,10586.0
639.0,6576.0
640.0,2405.0
641.0,1413.0
642.0,1355.0
643.0,1394.0
644.0,1299.0
645.0,1415.0
646.0,1952.0
647.0,2419.0
648.0,2287.0
649.0,2339.0
650.0,4029.0
651.0,4779.0
652.0,3164.0
653.0,2079.0
654.0,1816.0
655.0,2034.0
656.0,2281.0
657.0,2159.0
658.0,2214.0
659.0,2066.0
660.0,1790.0
661.0,1582.0
662.0,1571.0
663.0,1561.0
664.0,1462.0
665.0,1718.0
666.0,2192.0
667.0,2157.0
668.0,1854.0
669.0,1606.0
670.0,1603.0
671.0,1934.0
672.0,2021.0
673.0,2041.0
674.0,2408.0
675.0,2573.0
676.0,3133.0
677.0,4576.0
678.0,4228.0
679.0,2308.0
680.0,2000.0
681.0,2302.0
682.0,2273.0
683.0,2094.0
684.0,2169.0
685.0,2190.0
686.0,1931.0
687.0,1696.0
688.0,1636.0
689.0,1954.0
690.0,1959.0
691.0,2034.0
692.0,2172.0
693.0,1870.0
694.0,2229.0
695.0,4028.0
696.0,4352.0
697.0,2927.0
698.0,2200.0
699.0,1928.0
700.0,1456.0
701.0,1418.0
702.0,1624.0
703.0,1628.0
704.0,1496.0
705.0,1487.0
706.0,1698.0
707.0,2014.0
708.0,2415.0
709.0,2305.0
710.0,1776.0
711.0,1451.0
712.0,1494.0
713.0,1582.0
714.0,1564.0
715.0,1459.0
716.0,1492.0
717.0,1881.0
718.0,1791.0
719.0,1618.0
720.0,1904.0
721.0,2209.0
722.0,3338.0
723.0,4502.0
724.0,3534.0
725.0,2191.0
726.0,2076.0
727.0,2154.0
728.0,1863.0
729.0,1572.0
730.0,1498.0
731.0,1559.0
732.0,1648.0
733.0,1533.0
734.0,1342.0
735.0,1367.0
736.0,1714.0
737.0,1877.0
738.0,1738.0
739.0,1490.0
740.0,1809.0
741.0,3266.0
742.0,3980.0
743.0,2803.0
744.0,2170.0
745.0,2314.0
746.0,1936.0
747.0,1337.0
748.0,1054.0
749.0,1304.0
750.0,1579.0
751.0,1775.0
752.0,1491.0
753.0,1227.0
754.0,1267.0
755.0,1822.0
756.0,2444.0
757.0,2374.0
758.0,1760.0
759.0,1641.0
760.0,1833.0
761.0,1833.0
762.0,1549.0
763.0,1240.0
764.0,1037.0
765.0,1007.0
766.0,1133.0
767.0,1509.0
768.0,2145.0
769.0,3528.0
770.0,3884.0
771.0,2431.0
772.0,1551.0
773.0,1884.0
774.0,2539.0
775.0,2508.0
776.0,2218.0
777.0,1928.0
778.0,1564.0
779.0,1514.0
780.0,1844.0
781.0,1902.0
782.0,1641.0
783.0,1312.0
784.0,1257.0
785.0,1442.0
786.0,1637.0
787.0,2052.0
788.0,2855.0
789.0,3583.0
790.0,3321.0
791.0,2667.0
792.0,2416.0
793.0,2243.0
794.0,2038.0
795.0,1686.0
796.0,1419.0
797.0,1542.0
798.0,1712.0
799.0,1662.0
800.0,1555.0
801.0,1701.0
802.0,2199.0
803.0,2143.0
804.0,1903.0
805.0,2001.0
806.0,2089.0
807.0,1778.0
808.0,1468.0
809.0,1132.0
810.0,1042.0
811.0,1206.0
812.0,1468.0
813.0,1714.0
814.0,3251.0
815.0,5612.0
816.0,4823.0
817.0,3019.0
818.0,3059.0
819.0,2713.0
820.0,1742.0
821.0,1420.0
822.0,1587.0
823.0,1697.0
824.0,1584.0
825.0,1398.0
826.0,1360.0
827.0,1263.0
828.0,1210.0
829.0,997.0
830.0,1003.0
831.0,1142.0
832.0,1278.0
833.0,1475.0
834.0,1365.0
835.0,1192.0
836.0,1293.0
837.0,1993.0
838.0,2427.0
839.0,1913.0
840.0,1257.0
841.0,940.0
842.0,999.0
843.0,1242.0
844.0,1282.0
845.0,1318.0
846.0,1433.0
847.0,1369.0
848.0,1154.0
849.0,1095.0
850.0,1182.0
851.0,1171.0
852.0,1149.0
853.0,1316.0
854.0,1412.0
855.0,1356.0
856.0,1156.0
857.0,1263.0
858.0,1382.0
859.0,1197.0
860.0,1147.0
861.0,1447.0
862.0,1658.0
863.0,1408.0
864.0,1645.0
865.0,1962.0
866.0,1614.0
867.0,1243.0
868.0,1130.0
869.0,1025.0
870.0,1025.0
871.0,1166.0
872.0,1307.0
873.0,1332.0
874.0,1231.0
875.0,1027.0
876.0,883.0
877.0,1045.0
878.0,1040.0
879.0,1215.0
880.0,1637.0
881.0,1494.0
882.0,1168.0
883.0,1239.0
884.0,1316.0
885.0,1137.0
886.0,1044.0
887.0,1326.0
888.0,1601.0
889.0,1384.0
890.0,1076.0
891.0,1093.0
892.0,1262.0
893.0,1301.0
894.0,1360.0
895.0,1888.0
896.0,1954.0
897.0,1122.0
898.0,752.0
899.0,734.0
900.0,779.0
901.0,865.0
902.0,832.0
903.0,773.0
904.0,848.0
905.0,1072.0
906.0,1107.0
907.0,925.0
908.0,880.0
909.0,943.0
910.0,947.0
911.0,1044.0
912.0,1021.0
913.0,938.0
914.0,1104.0
915.0,1333.0
916.0,1324.0
917.0,965.0
918.0,760.0
919.0,730.0
920.0,750.0
921.0,762.0
922.0,884.0
923.0,869.0
924.0,818.0
925.0,755.0
926.0,864.0
927.0,976.0
928.0,942.0
929.0,952.0
930.0,1078.0
931.0,1123.0
932.0,1032.0
933.0,877.0
934.0,951.0
935.0,1096.0
936.0,944.0
937.0,830.0
938.0,840.0
939.0,817.0
940.0,919.0
941.0,1044.0
942.0,966.0
943.0,858.0
944.0,827.0
945.0,639.0
946.0,574.0
947.0,586.0
948.0,613.0
949.0,659.0
950.0,634.0
951.0,518.0
952.0,620.0
953.0,676.0
954.0,587.0
955.0,551.0
956.0,571.0
957.0,569.0
958.0,621.0
959.0,655.0
960.0,705.0
961.0,825.0
962.0,1110.0
963.0,1157.0
964.0,918.0
965.0,735.0
966.0,744.0
967.0,774.0
968.0,651.0
969.0,532.0
970.0,485.0
971.0,440.0
972.0,487.0
973.0,497.0
974.0,508.0
975.0,518.0
976.0,547.0
977.0,604.0
978.0,576.0
979.0,570.0
980.0,520.0
981.0,469.0
982.0,512.0
983.0,586.0
984.0,595.0
985.0,607.0
986.0,569.0
987.0,609.0
988.0,650.0
989.0,507.0
990.0,408.0
991.0,454.0
992.0,438.0
993.0,439.0
994.0,437.0
995.0,424.0
996.0,451.0
997.0,451.0
998.0,464.0
999.0,559.0
1000.0,619.0
1001.0,541.0
1002.0,413.0
1003.0,366.0
1004.0,437.0
1005.0,480.0
1006.0,499.0
1007.0,446.0
1008.0,378.0
1009.0,355.0
1010.0,389.0
1011.0,419.0
1012.0,425.0
1013.0,389.0
1014.0,335.0
1015.0,365.0
1016.0,397.0
1017.0,452.0
1018.0,500.0
1019.0,500.0
1020.0,412.0
1021.0,311.0
1022.0,296.0
1023.0,271.0
