0.0,96.0
1.0,114.0
2.0,89.0
3.0,86.0
4.0,115.0
5.0,100.0
6.0,98.0
7.0,90.0
8.0,94.0
9.0,117.0
10.0,115.0
11.0,106.0
12.0,104.0
13.0,99.0
14.0,117.0
15.0,118.0
16.0,127.0
17.0,131.0
18.0,136.0
19.0,163.0
20.0,124.0
21.0,111.0
22.0,123.0
23.0,124.0
24.0,104.0
25.0,124.0
26.0,118.0
27.0,115.0
28.0,110.0
29.0,115.0
30.0,109.0
31.0,109.0
32.0,113.0
33.0,114.0
34.0,110.0
35.0,118.0
36.0,112.0
37.0,122.0
38.0,121.0
39.0,131.0
40.0,153.0
41.0,180.0
42.0,204.0
43.0,200.0
44.0,212.0
45.0,193.0
46.0,153.0
47.0,157.0
48.0,188.0
49.0,203.0
50.0,388.0
51.0,574.0
52.0,432.0
53.0,249.0
54.0,168.0
55.0,153.0
56.0,133.0
57.0,159.0
58.0,172.0
59.0,145.0
60.0,165.0
61.0,195.0
62.0,239.0
63.0,299.0
64.0,285.0
65.0,261.0
66.0,240.0
67.0,259.0
68.0,274.0
69.0,280.0
70.0,349.0
71.0,523.0
72.0,1612.0
73.0,8200.0
74.0,15336.0
75.0,9550.0
76.0,1687.0
77.0,487.0
78.0,315.0
79.0,276.0
80.0,261.0
81.0,270.0
82.0,285.0
83.0,286.0
84.0,319.0
85.0,365.0
86.0,322.0
87.0,233.0
88.0,242.0
89.0,223.0
90.0,231.0
91.0,246.0
92.0,245.0
93.0,238.0
94.0,267.0
95.0,269.0
96.0,229.0
97.0,259.0
98.0,327.0
99.0,343.0
100.0,310.0
101.0,305.0
102.0,287.0
103.0,237.0
104.0,257.0
105.0,297.0
106.0,276.0
107.0,265.0
108.0,229.0
109.0,237.0
110.0,218.0
111.0,183.0
112.0,191.0
113.0,211.0
114.0,215.0
115.0,227.0
116.0,222.0
117.0,286.0
118.0,274.0
119.0,293.0
120.0,322.0
121.0,376.0
122.0,388.0
123.0,338.0
124.0,365.0
125.0,388.0
126.0,352.0
127.0,295.0
128.0,270.0
129.0,314.0
130.0,295.0
131.0,258.0
132.0,284.0
133.0,306.0
134.0,340.0
135.0,365.0
136.0,341.0
137.0,300.0
138.0,325.0
139.0,369.0
140.0,339.0
141.0,403.0
142.0,428.0
143.0,349.0
144.0,372.0
145.0,374.0
146.0,368.0
147.0,408.0
148.0,388.0
149.0,357.0
150.0,332.0
151.0,354.0
152.0,352.0
153.0,407.0
154.0,405.0
155.0,357.0
156.0,357.0
157.0,467.0
158.0,514.0
159.0,497.0
160.0,518.0
161.0,475.0
162.0,439.0
163.0,385.0
164.0,361.0
165.0,402.0
166.0,462.0
167.0,582.0
168.0,629.0
169.0,577.0
170.0,550.0
171.0,561.0
172.0,562.0
173.0,569.0
174.0,544.0
175.0,498.0
176.0,540.0
177.0,634.0
178.0,617.0
179.0,553.0
180.0,633.0
181.0,666.0
182.0,704.0
183.0,693.0
184.0,659.0
185.0,607.0
186.0,584.0
187.0,583.0
188.0,583.0
189.0,639.0
190.0,764.0
191.0,866.0
192.0,827.0
193.0,813.0
194.0,1058.0
195.0,1416.0
196.0,1790.0
197.0,2358.0
198.0,11778.0
199.0,40185.0
200.0,74770.0
201.0,101595.0
202.0,116892.0
203.0,139181.0
204.0,155211.0
205.0,155934.0
206.0,156286.0
207.0,156573.0
208.0,156441.0
209.0,154177.0
210.0,151985.0
211.0,137526.0
212.0,113153.0
213.0,109410.0
214.0,76735.0
215.0,56814.0
216.0,28055.0
217.0,1443.0
218.0,1138.0
219.0,1029.0
220.0,1118.0
221.0,1178.0
222.0,1056.0
223.0,831.0
224.0,797.0
225.0,729.0
226.0,762.0
227.0,815.0
228.0,917.0
229.0,793.0
230.0,773.0
231.0,772.0
232.0,867.0
233.0,1521.0
234.0,2454.0
235.0,1896.0
236.0,1007.0
237.0,764.0
238.0,681.0
239.0,635.0
240.0,692.0
241.0,661.0
242.0,630.0
243.0,653.0
244.0,709.0
245.0,714.0
246.0,736.0
247.0,788.0
248.0,917.0
249.0,920.0
250.0,796.0
251.0,700.0
252.0,787.0
253.0,683.0
254.0,550.0
255.0,545.0
256.0,674.0
257.0,797.0
258.0,824.0
259.0,770.0
260.0,727.0
261.0,715.0
262.0,668.0
263.0,766.0
264.0,708.0
265.0,661.0
266.0,695.0
267.0,737.0
268.0,680.0
269.0,677.0
270.0,785.0
271.0,948.0
272.0,844.0
273.0,711.0
274.0,692.0
275.0,663.0
276.0,695.0
277.0,851.0
278.0,825.0
279.0,801.0
280.0,1428.0
281.0,1806.0
282.0,1544.0
283.0,1112.0
284.0,811.0
285.0,656.0
286.0,720.0
287.0,699.0
288.0,639.0
289.0,656.0
290.0,635.0
291.0,761.0
292.0,881.0
293.0,732.0
294.0,590.0
295.0,638.0
296.0,763.0
297.0,723.0
298.0,556.0
299.0,668.0
300.0,680.0
301.0,553.0
302.0,556.0
303.0,633.0
304.0,834.0
305.0,921.0
306.0,793.0
307.0,662.0
308.0,635.0
309.0,626.0
310.0,801.0
311.0,950.0
312.0,879.0
313.0,873.0
314.0,952.0
315.0,948.0
316.0,934.0
317.0,760.0
318.0,701.0
319.0,689.0
320.0,597.0
321.0,598.0
322.0,640.0
323.0,840.0
324.0,949.0
325.0,848.0
326.0,741.0
327.0,749.0
328.0,823.0
329.0,791.0
330.0,704.0
331.0,590.0
332.0,616.0
333.0,714.0
334.0,701.0
335.0,751.0
336.0,773.0
337.0,763.0
338.0,734.0
339.0,781.0
340.0,779.0
341.0,664.0
342.0,657.0
343.0,752.0
344.0,911.0
345.0,997.0
346.0,995.0
347.0,1180.0
348.0,1196.0
349.0,983.0
350.0,893.0
351.0,975.0
352.0,1172.0
353.0,1278.0
354.0,1172.0
355.0,922.0
356.0,792.0
357.0,689.0
358.0,704.0
359.0,936.0
360.0,1051.0
361.0,932.0
362.0,927.0
363.0,873.0
364.0,800.0
365.0,729.0
366.0,803.0
367.0,812.0
368.0,749.0
369.0,746.0
370.0,891.0
371.0,956.0
372.0,942.0
373.0,921.0
374.0,967.0
375.0,1033.0
376.0,936.0
377.0,911.0
378.0,1044.0
379.0,954.0
380.0,1085.0
381.0,1078.0
382.0,950.0
383.0,903.0
384.0,802.0
385.0,885.0
386.0,1014.0
387.0,999.0
388.0,854.0
389.0,759.0
390.0,647.0
391.0,575.0
392.0,655.0
393.0,710.0
394.0,686.0
395.0,642.0
396.0,802.0
397.0,955.0
398.0,943.0
399.0,863.0
400.0,949.0
401.0,992.0
402.0,1042.0
403.0,1004.0
404.0,994.0
405.0,1123.0
406.0,1971.0
407.0,5059.0
408.0,5484.0
409.0,2137.0
410.0,875.0
411.0,929.0
412.0,858.0
413.0,836.0
414.0,789.0
415.0,763.0
416.0,911.0
417.0,1009.0
418.0,973.0
419.0,928.0
420.0,979.0
421.0,920.0
422.0,796.0
423.0,708.0
424.0,692.0
425.0,699.0
426.0,808.0
427.0,874.0
428.0,977.0
429.0,1306.0
430.0,1251.0
431.0,971.0
432.0,896.0
433.0,902.0
434.0,855.0
435.0,863.0
436.0,822.0
437.0,926.0
438.0,1000.0
439.0,917.0
440.0,890.0
441.0,962.0
442.0,1056.0
443.0,897.0
444.0,941.0
445.0,1215.0
446.0,1238.0
447.0,1169.0
448.0,1173.0
449.0,1227.0
450.0,1291.0
451.0,1142.0
452.0,972.0
453.0,1018.0
454.0,1081.0
455.0,938.0
456.0,823.0
457.0,766.0
458.0,764.0
459.0,794.0
460.0,850.0
461.0,867.0
462.0,1037.0
463.0,1182.0
464.0,1179.0
465.0,1222.0
466.0,1084.0
467.0,918.0
468.0,939.0
469.0,1049.0
470.0,1125.0
471.0,1118.0
472.0,990.0
473.0,948.0
474.0,995.0
475.0,1024.0
476.0,778.0
477.0,736.0
478.0,763.0
479.0,762.0
480.0,908.0
481.0,1033.0
482.0,1021.0
483.0,1006.0
484.0,1027.0
485.0,1002.0
486.0,1014.0
487.0,1127.0
488.0,1204.0
489.0,1070.0
490.0,1044.0
491.0,924.0
492.0,875.0
493.0,930.0
494.0,979.0
495.0,1021.0
496.0,1170.0
497.0,1336.0
498.0,1399.0
499.0,1150.0
500.0,1308.0
501.0,1713.0
502.0,1455.0
503.0,1238.0
504.0,1194.0
505.0,1026.0
506.0,988.0
507.0,832.0
508.0,805.0
509.0,944.0
510.0,931.0
511.0,815.0
512.0,935.0
513.0,1071.0
514.0,955.0
515.0,964.0
516.0,1188.0
517.0,1335.0
518.0,1317.0
519.0,1266.0
520.0,1354.0
521.0,1228.0
522.0,948.0
523.0,768.0
524.0,872.0
525.0,933.0
526.0,839.0
527.0,988.0
528.0,1301.0
529.0,1350.0
530.0,1187.0
531.0,959.0
532.0,1007.0
533.0,972.0
534.0,836.0
535.0,1030.0
536.0,1199.0
537.0,1204.0
538.0,1155.0
539.0,1002.0
540.0,935.0
541.0,1147.0
542.0,1089.0
543.0,971.0
544.0,1089.0
545.0,1144.0
546.0,1156.0
547.0,1320.0
548.0,1458.0
549.0,1215.0
550.0,1070.0
551.0,1129.0
552.0,1051.0
553.0,1016.0
554.0,953.0
555.0,1015.0
556.0,1098.0
557.0,1176.0
558.0,1036.0
559.0,855.0
560.0,863.0
561.0,995.0
562.0,975.0
563.0,1035.0
564.0,1111.0
565.0,1329.0
566.0,1335.0
567.0,1203.0
568.0,1250.0
569.0,1127.0
570.0,1008.0
571.0,819.0
572.0,697.0
573.0,695.0
574.0,754.0
575.0,937.0
576.0,1077.0
577.0,1056.0
578.0,1100.0
579.0,1177.0
580.0,1216.0
581.0,1225.0
582.0,1353.0
583.0,1261.0
584.0,1036.0
585.0,1058.0
586.0,1197.0
587.0,1376.0
588.0,1366.0
589.0,1173.0
590.0,1069.0
591.0,1058.0
592.0,1114.0
593.0,1226.0
594.0,1252.0
595.0,1278.0
596.0,1385.0
597.0,1136.0
598.0,1049.0
599.0,1113.0
600.0,1120.0
601.0,978.0
602.0,1005.0
603.0,1135.0
604.0,1325.0
605.0,1302.0
606.0,1215.0
607.0,1540.0
608.0,1696.0
609.0,1442.0
610.0,1338.0
611.0,1364.0
612.0,1270.0
613.0,1062.0
614.0,1037.0
615.0,1024.0
616.0,1065.0
617.0,1185.0
618.0,1207.0
619.0,1300.0
620.0,1271.0
621.0,1116.0
622.0,1119.0
623.0,1079.0
624.0,945.0
625.0,909.0
626.0,968.0
627.0,1195.0
628.0,1317.0
629.0,1050.0
630.0,968.0
631.0,1225.0
632.0,1204.0
633.0,1117.0
634.0,1161.0
635.0,1068.0
636.0,1066.0
637.0,1287.0
638.0,1375.0
639.0,1197.0
640.0,1100.0
641.0,957.0
642.0,945.0
643.0,1134.0
644.0,1344.0
645.0,1279.0
646.0,1191.0
647.0,1217.0
648.0,1117.0
649.0,1246.0
650.0,1494.0
651.0,1335.0
652.0,1071.0
653.0,1081.0
654.0,1038.0
655.0,1031.0
656.0,1089.0
657.0,1223.0
658.0,1256.0
659.0,1160.0
660.0,1172.0
661.0,1374.0
662.0,1534.0
663.0,1538.0
664.0,1416.0
665.0,1307.0
666.0,1358.0
667.0,1498.0
668.0,1370.0
669.0,1257.0
670.0,1198.0
671.0,1234.0
672.0,1317.0
673.0,1395.0
674.0,1448.0
675.0,1419.0
676.0,1444.0
677.0,1380.0
678.0,1300.0
679.0,1296.0
680.0,1389.0
681.0,1492.0
682.0,1441.0
683.0,1336.0
684.0,1547.0
685.0,1685.0
686.0,1657.0
687.0,1725.0
688.0,1651.0
689.0,1690.0
690.0,1663.0
691.0,1390.0
692.0,1331.0
693.0,1300.0
694.0,1305.0
695.0,1371.0
696.0,1466.0
697.0,1595.0
698.0,1534.0
699.0,1445.0
700.0,1432.0
701.0,1418.0
702.0,1478.0
703.0,1581.0
704.0,1840.0
705.0,1975.0
706.0,2138.0
707.0,2350.0
708.0,2313.0
709.0,2271.0
710.0,2366.0
711.0,2276.0
712.0,2026.0
713.0,2016.0
714.0,2053.0
715.0,2099.0
716.0,2100.0
717.0,2146.0
718.0,2579.0
719.0,3380.0
720.0,3872.0
721.0,33845.0
722.0,68834.0
723.0,122466.0
724.0,142179.0
725.0,143306.0
726.0,144172.0
727.0,144903.0
728.0,145463.0
729.0,145917.0
730.0,146352.0
731.0,146581.0
732.0,146743.0
733.0,146657.0
734.0,146248.0
735.0,145086.0
736.0,139651.0
737.0,123701.0
738.0,96818.0
739.0,68976.0
740.0,38181.0
741.0,5914.0
742.0,3157.0
743.0,2927.0
744.0,2811.0
745.0,2887.0
746.0,4005.0
747.0,6912.0
748.0,6482.0
749.0,4020.0
750.0,3417.0
751.0,3389.0
752.0,3481.0
753.0,3561.0
754.0,3445.0
755.0,3791.0
756.0,3869.0
757.0,3706.0
758.0,3831.0
759.0,3779.0
760.0,3970.0
761.0,4280.0
762.0,4484.0
763.0,25704.0
764.0,89428.0
765.0,139892.0
766.0,141745.0
767.0,142654.0
768.0,143299.0
769.0,143848.0
770.0,144348.0
771.0,144740.0
772.0,145151.0
773.0,145530.0
774.0,145873.0
775.0,146205.0
776.0,146459.0
777.0,146693.0
778.0,147017.0
779.0,147210.0
780.0,147365.0
781.0,147539.0
782.0,147621.0
783.0,147751.0
784.0,147759.0
785.0,147554.0
786.0,147058.0
787.0,145878.0
788.0,143408.0
789.0,134079.0
790.0,84334.0
791.0,50542.0
792.0,12305.0
793.0,3749.0
794.0,3778.0
795.0,3499.0
796.0,3669.0
797.0,3687.0
798.0,3249.0
799.0,2853.0
800.0,2876.0
801.0,2706.0
802.0,2420.0
803.0,2453.0
804.0,2485.0
805.0,2478.0
806.0,2244.0
807.0,2142.0
808.0,2406.0
809.0,2755.0
810.0,2680.0
811.0,2172.0
812.0,1931.0
813.0,1909.0
814.0,1970.0
815.0,2159.0
816.0,2020.0
817.0,1973.0
818.0,1959.0
819.0,2079.0
820.0,2175.0
821.0,1850.0
822.0,1686.0
823.0,1780.0
824.0,1778.0
825.0,1730.0
826.0,1679.0
827.0,1472.0
828.0,1631.0
829.0,2097.0
830.0,2211.0
831.0,1780.0
832.0,1413.0
833.0,1203.0
834.0,1119.0
835.0,1248.0
836.0,1503.0
837.0,1456.0
838.0,1170.0
839.0,1061.0
840.0,1205.0
841.0,1152.0
842.0,1253.0
843.0,1387.0
844.0,1266.0
845.0,1030.0
846.0,957.0
847.0,1016.0
848.0,1404.0
849.0,1599.0
850.0,1220.0
851.0,978.0
852.0,969.0
853.0,1137.0
854.0,1224.0
855.0,1107.0
856.0,1210.0
857.0,3163.0
858.0,4840.0
859.0,2741.0
860.0,1307.0
861.0,1584.0
862.0,1608.0
863.0,1198.0
864.0,1032.0
865.0,1063.0
866.0,1337.0
867.0,1411.0
868.0,1310.0
869.0,1259.0
870.0,1288.0
871.0,1185.0
872.0,1072.0
873.0,1151.0
874.0,1195.0
875.0,1507.0
876.0,1474.0
877.0,1137.0
878.0,1071.0
879.0,1227.0
880.0,1404.0
881.0,1303.0
882.0,1175.0
883.0,1262.0
884.0,1196.0
885.0,989.0
886.0,1110.0
887.0,1497.0
888.0,1506.0
889.0,1335.0
890.0,2321.0
891.0,3363.0
892.0,2635.0
893.0,1561.0
894.0,1274.0
895.0,979.0
896.0,912.0
897.0,1103.0
898.0,1181.0
899.0,1250.0
900.0,1164.0
901.0,1106.0
902.0,1154.0
903.0,1143.0
904.0,1200.0
905.0,1126.0
906.0,1020.0
907.0,836.0
908.0,738.0
909.0,919.0
910.0,1097.0
911.0,1063.0
912.0,1170.0
913.0,1690.0
914.0,1723.0
915.0,1302.0
916.0,1169.0
917.0,960.0
918.0,917.0
919.0,764.0
920.0,767.0
921.0,935.0
922.0,838.0
923.0,759.0
924.0,1010.0
925.0,1119.0
926.0,1024.0
927.0,746.0
928.0,785.0
929.0,1051.0
930.0,1202.0
931.0,1076.0
932.0,805.0
933.0,706.0
934.0,814.0
935.0,942.0
936.0,877.0
937.0,846.0
938.0,1052.0
939.0,945.0
940.0,734.0
941.0,611.0
942.0,524.0
943.0,615.0
944.0,783.0
945.0,809.0
946.0,908.0
947.0,1031.0
948.0,991.0
949.0,833.0
950.0,648.0
951.0,717.0
952.0,997.0
953.0,955.0
954.0,608.0
955.0,666.0
956.0,963.0
957.0,1259.0
958.0,1100.0
959.0,763.0
960.0,787.0
961.0,906.0
962.0,919.0
963.0,931.0
964.0,758.0
965.0,815.0
966.0,764.0
967.0,538.0
968.0,571.0
969.0,680.0
970.0,621.0
971.0,559.0
972.0,673.0
973.0,669.0
974.0,531.0
975.0,577.0
976.0,722.0
977.0,747.0
978.0,722.0
979.0,832.0
980.0,731.0
981.0,610.0
982.0,729.0
983.0,958.0
984.0,1010.0
985.0,797.0
986.0,775.0
987.0,931.0
988.0,858.0
989.0,732.0
990.0,612.0
991.0,636.0
992.0,843.0
993.0,1039.0
994.0,785.0
995.0,628.0
996.0,559.0
997.0,517.0
998.0,529.0
999.0,570.0
1000.0,801.0
1001.0,914.0
1002.0,697.0
1003.0,672.0
1004.0,732.0
1005.0,605.0
1006.0,595.0
1007.0,710.0
1008.0,754.0
1009.0,707.0
1010.0,709.0
1011.0,750.0
1012.0,758.0
1013.0,869.0
1014.0,959.0
1015.0,907.0
1016.0,664.0
1017.0,695.0
1018.0,721.0
1019.0,677.0
1020.0,559.0
1021.0,504.0
1022.0,582.0
1023.0,631.0
