0.0,50.0
1.0,78.0
2.0,70.0
3.0,68.0
4.0,68.0
5.0,61.0
6.0,67.0
7.0,77.0
8.0,73.0
9.0,70.0
10.0,82.0
11.0,97.0
12.0,112.0
13.0,91.0
14.0,87.0
15.0,66.0
16.0,85.0
17.0,85.0
18.0,87.0
19.0,77.0
20.0,99.0
21.0,91.0
22.0,90.0
23.0,87.0
24.0,89.0
25.0,98.0
26.0,96.0
27.0,98.0
28.0,79.0
29.0,78.0
30.0,88.0
31.0,96.0
32.0,73.0
33.0,99.0
34.0,81.0
35.0,92.0
36.0,80.0
37.0,114.0
38.0,109.0
39.0,95.0
40.0,104.0
41.0,113.0
42.0,89.0
43.0,118.0
44.0,118.0
45.0,115.0
46.0,119.0
47.0,113.0
48.0,112.0
49.0,97.0
50.0,97.0
51.0,104.0
52.0,110.0
53.0,124.0
54.0,149.0
55.0,113.0
56.0,120.0
57.0,102.0
58.0,121.0
59.0,119.0
60.0,149.0
61.0,147.0
62.0,139.0
63.0,138.0
64.0,156.0
65.0,136.0
66.0,150.0
67.0,169.0
68.0,168.0
69.0,169.0
70.0,163.0
71.0,131.0
72.0,140.0
73.0,169.0
74.0,169.0
75.0,248.0
76.0,284.0
77.0,231.0
78.0,186.0
79.0,151.0
80.0,181.0
81.0,173.0
82.0,143.0
83.0,167.0
84.0,165.0
85.0,162.0
86.0,178.0
87.0,167.0
88.0,200.0
89.0,197.0
90.0,163.0
91.0,170.0
92.0,193.0
93.0,211.0
94.0,210.0
95.0,181.0
96.0,173.0
97.0,169.0
98.0,186.0
99.0,230.0
100.0,251.0
101.0,270.0
102.0,231.0
103.0,230.0
104.0,224.0
105.0,223.0
106.0,249.0
107.0,235.0
108.0,239.0
109.0,265.0
110.0,272.0
111.0,272.0
112.0,283.0
113.0,371.0
114.0,538.0
115.0,612.0
116.0,522.0
117.0,505.0
118.0,581.0
119.0,821.0
120.0,1016.0
121.0,1435.0
122.0,1882.0
123.0,2067.0
124.0,2335.0
125.0,23388.0
126.0,59671.0
127.0,65933.0
128.0,97180.0
129.0,99001.0
130.0,103049.0
131.0,118284.0
132.0,112146.0
133.0,95876.0
134.0,92269.0
135.0,71832.0
136.0,52914.0
137.0,47213.0
138.0,9316.0
139.0,808.0
140.0,732.0
141.0,625.0
142.0,550.0
143.0,465.0
144.0,437.0
145.0,417.0
146.0,445.0
147.0,428.0
148.0,411.0
149.0,399.0
150.0,415.0
151.0,408.0
152.0,407.0
153.0,399.0
154.0,414.0
155.0,393.0
156.0,388.0
157.0,357.0
158.0,388.0
159.0,395.0
160.0,435.0
161.0,419.0
162.0,412.0
163.0,390.0
164.0,424.0
165.0,436.0
166.0,444.0
167.0,528.0
168.0,600.0
169.0,680.0
170.0,854.0
171.0,1090.0
172.0,1146.0
173.0,1230.0
174.0,1426.0
175.0,1942.0
176.0,17085.0
177.0,49589.0
178.0,78718.0
179.0,88083.0
180.0,90899.0
181.0,77844.0
182.0,55848.0
183.0,38087.0
184.0,6331.0
185.0,879.0
186.0,698.0
187.0,621.0
188.0,563.0
189.0,485.0
190.0,449.0
191.0,445.0
192.0,431.0
193.0,372.0
194.0,349.0
195.0,331.0
196.0,317.0
197.0,293.0
198.0,262.0
199.0,299.0
200.0,310.0
201.0,308.0
202.0,317.0
203.0,342.0
204.0,351.0
205.0,362.0
206.0,382.0
207.0,421.0
208.0,493.0
209.0,458.0
210.0,369.0
211.0,290.0
212.0,282.0
213.0,280.0
214.0,278.0
215.0,307.0
216.0,360.0
217.0,370.0
218.0,400.0
219.0,594.0
220.0,699.0
221.0,471.0
222.0,282.0
223.0,237.0
224.0,242.0
225.0,245.0
226.0,265.0
227.0,246.0
228.0,251.0
229.0,278.0
230.0,297.0
231.0,329.0
232.0,318.0
233.0,309.0
234.0,287.0
235.0,288.0
236.0,275.0
237.0,297.0
238.0,316.0
239.0,358.0
240.0,379.0
241.0,300.0
242.0,279.0
243.0,298.0
244.0,272.0
245.0,271.0
246.0,287.0
247.0,294.0
248.0,259.0
249.0,280.0
250.0,282.0
251.0,308.0
252.0,417.0
253.0,416.0
254.0,357.0
255.0,330.0
256.0,326.0
257.0,335.0
258.0,370.0
259.0,360.0
260.0,315.0
261.0,329.0
262.0,412.0
263.0,443.0
264.0,340.0
265.0,325.0
266.0,344.0
267.0,309.0
268.0,309.0
269.0,311.0
270.0,309.0
271.0,292.0
272.0,302.0
273.0,323.0
274.0,321.0
275.0,306.0
276.0,395.0
277.0,548.0
278.0,620.0
279.0,685.0
280.0,626.0
281.0,425.0
282.0,300.0
283.0,298.0
284.0,332.0
285.0,279.0
286.0,274.0
287.0,245.0
288.0,277.0
289.0,267.0
290.0,280.0
291.0,263.0
292.0,279.0
293.0,297.0
294.0,357.0
295.0,373.0
296.0,345.0
297.0,299.0
298.0,308.0
299.0,311.0
300.0,386.0
301.0,357.0
302.0,298.0
303.0,302.0
304.0,423.0
305.0,463.0
306.0,349.0
307.0,309.0
308.0,358.0
309.0,366.0
310.0,329.0
311.0,281.0
312.0,257.0
313.0,260.0
314.0,277.0
315.0,308.0
316.0,311.0
317.0,412.0
318.0,497.0
319.0,402.0
320.0,321.0
321.0,303.0
322.0,329.0
323.0,458.0
324.0,445.0
325.0,336.0
326.0,284.0
327.0,305.0
328.0,320.0
329.0,298.0
330.0,338.0
331.0,357.0
332.0,407.0
333.0,647.0
334.0,681.0
335.0,403.0
336.0,275.0
337.0,251.0
338.0,252.0
339.0,239.0
340.0,298.0
341.0,404.0
342.0,496.0
343.0,533.0
344.0,578.0
345.0,436.0
346.0,293.0
347.0,257.0
348.0,268.0
349.0,264.0
350.0,303.0
351.0,357.0
352.0,370.0
353.0,364.0
354.0,331.0
355.0,369.0
356.0,378.0
357.0,299.0
358.0,304.0
359.0,307.0
360.0,333.0
361.0,378.0
362.0,351.0
363.0,326.0
364.0,349.0
365.0,501.0
366.0,842.0
367.0,899.0
368.0,571.0
369.0,375.0
370.0,320.0
371.0,356.0
372.0,375.0
373.0,328.0
374.0,312.0
375.0,312.0
376.0,299.0
377.0,256.0
378.0,281.0
379.0,337.0
380.0,490.0
381.0,602.0
382.0,418.0
383.0,315.0
384.0,391.0
385.0,537.0
386.0,667.0
387.0,1933.0
388.0,5148.0
389.0,4926.0
390.0,1720.0
391.0,572.0
392.0,435.0
393.0,347.0
394.0,296.0
395.0,280.0
396.0,269.0
397.0,284.0
398.0,316.0
399.0,318.0
400.0,372.0
401.0,415.0
402.0,461.0
403.0,530.0
404.0,555.0
405.0,468.0
406.0,536.0
407.0,664.0
408.0,556.0
409.0,370.0
410.0,343.0
411.0,345.0
412.0,329.0
413.0,340.0
414.0,327.0
415.0,360.0
416.0,577.0
417.0,1499.0
418.0,2347.0
419.0,1399.0
420.0,503.0
421.0,430.0
422.0,457.0
423.0,383.0
424.0,403.0
425.0,588.0
426.0,683.0
427.0,544.0
428.0,472.0
429.0,492.0
430.0,376.0
431.0,359.0
432.0,372.0
433.0,358.0
434.0,364.0
435.0,312.0
436.0,307.0
437.0,316.0
438.0,409.0
439.0,505.0
440.0,571.0
441.0,577.0
442.0,449.0
443.0,514.0
444.0,622.0
445.0,575.0
446.0,595.0
447.0,625.0
448.0,545.0
449.0,438.0
450.0,380.0
451.0,343.0
452.0,395.0
453.0,945.0
454.0,2399.0
455.0,2643.0
456.0,1545.0
457.0,773.0
458.0,401.0
459.0,329.0
460.0,375.0
461.0,395.0
462.0,431.0
463.0,554.0
464.0,590.0
465.0,585.0
466.0,542.0
467.0,632.0
468.0,763.0
469.0,591.0
470.0,424.0
471.0,383.0
472.0,373.0
473.0,373.0
474.0,407.0
475.0,479.0
476.0,484.0
477.0,485.0
478.0,452.0
479.0,388.0
480.0,356.0
481.0,388.0
482.0,588.0
483.0,616.0
484.0,462.0
485.0,395.0
486.0,402.0
487.0,421.0
488.0,566.0
489.0,636.0
490.0,516.0
491.0,388.0
492.0,370.0
493.0,418.0
494.0,436.0
495.0,453.0
496.0,524.0
497.0,692.0
498.0,874.0
499.0,859.0
500.0,788.0
501.0,601.0
502.0,470.0
503.0,424.0
504.0,458.0
505.0,506.0
506.0,485.0
507.0,408.0
508.0,394.0
509.0,432.0
510.0,440.0
511.0,489.0
512.0,493.0
513.0,487.0
514.0,468.0
515.0,460.0
516.0,500.0
517.0,542.0
518.0,557.0
519.0,659.0
520.0,655.0
521.0,521.0
522.0,529.0
523.0,565.0
524.0,658.0
525.0,869.0
526.0,1078.0
527.0,847.0
528.0,684.0
529.0,628.0
530.0,622.0
531.0,660.0
532.0,661.0
533.0,785.0
534.0,1606.0
535.0,2336.0
536.0,1894.0
537.0,1482.0
538.0,1562.0
539.0,1809.0
540.0,9831.0
541.0,47293.0
542.0,66201.0
543.0,74856.0
544.0,93484.0
545.0,109879.0
546.0,123903.0
547.0,109784.0
548.0,107157.0
549.0,82962.0
550.0,72708.0
551.0,68372.0
552.0,47513.0
553.0,31727.0
554.0,1588.0
555.0,856.0
556.0,784.0
557.0,694.0
558.0,673.0
559.0,741.0
560.0,776.0
561.0,756.0
562.0,784.0
563.0,770.0
564.0,702.0
565.0,658.0
566.0,678.0
567.0,681.0
568.0,652.0
569.0,685.0
570.0,722.0
571.0,782.0
572.0,859.0
573.0,1097.0
574.0,1335.0
575.0,1373.0
576.0,1543.0
577.0,1811.0
578.0,17954.0
579.0,56628.0
580.0,72898.0
581.0,90299.0
582.0,81340.0
583.0,61871.0
584.0,50658.0
585.0,20843.0
586.0,1021.0
587.0,1148.0
588.0,1091.0
589.0,762.0
590.0,813.0
591.0,817.0
592.0,710.0
593.0,641.0
594.0,646.0
595.0,652.0
596.0,571.0
597.0,555.0
598.0,652.0
599.0,733.0
600.0,777.0
601.0,826.0
602.0,905.0
603.0,1022.0
604.0,1055.0
605.0,781.0
606.0,543.0
607.0,508.0
608.0,447.0
609.0,414.0
610.0,456.0
611.0,610.0
612.0,594.0
613.0,486.0
614.0,480.0
615.0,465.0
616.0,447.0
617.0,484.0
618.0,568.0
619.0,516.0
620.0,525.0
621.0,561.0
622.0,571.0
623.0,562.0
624.0,639.0
625.0,670.0
626.0,586.0
627.0,502.0
628.0,464.0
629.0,469.0
630.0,496.0
631.0,509.0
632.0,643.0
633.0,963.0
634.0,1164.0
635.0,970.0
636.0,821.0
637.0,591.0
638.0,454.0
639.0,490.0
640.0,496.0
641.0,474.0
642.0,456.0
643.0,563.0
644.0,534.0
645.0,486.0
646.0,542.0
647.0,659.0
648.0,660.0
649.0,649.0
650.0,646.0
651.0,767.0
652.0,766.0
653.0,1030.0
654.0,969.0
655.0,593.0
656.0,496.0
657.0,534.0
658.0,538.0
659.0,607.0
660.0,615.0
661.0,638.0
662.0,594.0
663.0,712.0
664.0,1067.0
665.0,1091.0
666.0,932.0
667.0,957.0
668.0,810.0
669.0,612.0
670.0,642.0
671.0,709.0
672.0,861.0
673.0,1127.0
674.0,932.0
675.0,656.0
676.0,556.0
677.0,444.0
678.0,492.0
679.0,575.0
680.0,827.0
681.0,1446.0
682.0,1483.0
683.0,1043.0
684.0,1031.0
685.0,905.0
686.0,868.0
687.0,774.0
688.0,577.0
689.0,540.0
690.0,645.0
691.0,743.0
692.0,1093.0
693.0,1304.0
694.0,1176.0
695.0,945.0
696.0,740.0
697.0,559.0
698.0,504.0
699.0,648.0
700.0,918.0
701.0,831.0
702.0,768.0
703.0,1064.0
704.0,1367.0
705.0,1379.0
706.0,1205.0
707.0,776.0
708.0,626.0
709.0,596.0
710.0,465.0
711.0,450.0
712.0,533.0
713.0,586.0
714.0,621.0
715.0,660.0
716.0,902.0
717.0,1156.0
718.0,1038.0
719.0,740.0
720.0,721.0
721.0,912.0
722.0,1115.0
723.0,865.0
724.0,746.0
725.0,922.0
726.0,681.0
727.0,434.0
728.0,416.0
729.0,486.0
730.0,667.0
731.0,1091.0
732.0,1497.0
733.0,1796.0
734.0,1427.0
735.0,882.0
736.0,669.0
737.0,617.0
738.0,730.0
739.0,768.0
740.0,941.0
741.0,1029.0
742.0,783.0
743.0,854.0
744.0,1110.0
745.0,987.0
746.0,724.0
747.0,727.0
748.0,690.0
749.0,610.0
750.0,935.0
751.0,1547.0
752.0,1291.0
753.0,833.0
754.0,755.0
755.0,620.0
756.0,572.0
757.0,545.0
758.0,524.0
759.0,560.0
760.0,626.0
761.0,933.0
762.0,1244.0
763.0,1046.0
764.0,830.0
765.0,1014.0
766.0,1111.0
767.0,852.0
768.0,603.0
769.0,494.0
770.0,586.0
771.0,1028.0
772.0,1453.0
773.0,1146.0
774.0,961.0
775.0,1216.0
776.0,1549.0
777.0,1621.0
778.0,1321.0
779.0,1100.0
780.0,806.0
781.0,586.0
782.0,625.0
783.0,698.0
784.0,769.0
785.0,1268.0
786.0,1432.0
787.0,884.0
788.0,618.0
789.0,530.0
790.0,601.0
791.0,641.0
792.0,613.0
793.0,714.0
794.0,1261.0
795.0,1910.0
796.0,1500.0
797.0,1038.0
798.0,1309.0
799.0,1373.0
800.0,979.0
801.0,872.0
802.0,1143.0
803.0,1892.0
804.0,2664.0
805.0,2197.0
806.0,1468.0
807.0,1535.0
808.0,1735.0
809.0,31032.0
810.0,53266.0
811.0,86837.0
812.0,89138.0
813.0,100958.0
814.0,122952.0
815.0,121030.0
816.0,106525.0
817.0,104090.0
818.0,88466.0
819.0,81323.0
820.0,66831.0
821.0,42947.0
822.0,22203.0
823.0,824.0
824.0,902.0
825.0,1144.0
826.0,1046.0
827.0,861.0
828.0,796.0
829.0,809.0
830.0,950.0
831.0,815.0
832.0,699.0
833.0,858.0
834.0,1048.0
835.0,929.0
836.0,708.0
837.0,600.0
838.0,780.0
839.0,1126.0
840.0,1382.0
841.0,1121.0
842.0,835.0
843.0,875.0
844.0,732.0
845.0,698.0
846.0,777.0
847.0,845.0
848.0,1429.0
849.0,1832.0
850.0,1453.0
851.0,1014.0
852.0,719.0
853.0,574.0
854.0,524.0
855.0,485.0
856.0,497.0
857.0,507.0
858.0,546.0
859.0,887.0
860.0,1400.0
861.0,1369.0
862.0,971.0
863.0,692.0
864.0,532.0
865.0,524.0
866.0,497.0
867.0,491.0
868.0,501.0
869.0,545.0
870.0,662.0
871.0,1068.0
872.0,1243.0
873.0,976.0
874.0,658.0
875.0,545.0
876.0,582.0
877.0,658.0
878.0,943.0
879.0,1720.0
880.0,1714.0
881.0,998.0
882.0,821.0
883.0,826.0
884.0,775.0
885.0,620.0
886.0,432.0
887.0,346.0
888.0,379.0
889.0,423.0
890.0,411.0
891.0,394.0
892.0,515.0
893.0,720.0
894.0,606.0
895.0,542.0
896.0,852.0
897.0,1227.0
898.0,1429.0
899.0,1223.0
900.0,844.0
901.0,644.0
902.0,620.0
903.0,749.0
904.0,942.0
905.0,989.0
906.0,874.0
907.0,644.0
908.0,602.0
909.0,683.0
910.0,680.0
911.0,753.0
912.0,1349.0
913.0,1526.0
914.0,852.0
915.0,621.0
916.0,698.0
917.0,647.0
918.0,483.0
919.0,357.0
920.0,411.0
921.0,354.0
922.0,315.0
923.0,330.0
924.0,388.0
925.0,484.0
926.0,614.0
927.0,706.0
928.0,978.0
929.0,897.0
930.0,675.0
931.0,828.0
932.0,930.0
933.0,755.0
934.0,837.0
935.0,921.0
936.0,690.0
937.0,554.0
938.0,584.0
939.0,838.0
940.0,1626.0
941.0,2008.0
942.0,1170.0
943.0,585.0
944.0,585.0
945.0,672.0
946.0,605.0
947.0,889.0
948.0,1107.0
949.0,682.0
950.0,380.0
951.0,406.0
952.0,468.0
953.0,593.0
954.0,539.0
955.0,414.0
956.0,407.0
957.0,626.0
958.0,798.0
959.0,696.0
960.0,553.0
961.0,615.0
962.0,673.0
963.0,663.0
964.0,774.0
965.0,1118.0
966.0,985.0
967.0,724.0
968.0,904.0
969.0,934.0
970.0,661.0
971.0,611.0
972.0,661.0
973.0,508.0
974.0,396.0
975.0,407.0
976.0,505.0
977.0,621.0
978.0,610.0
979.0,718.0
980.0,791.0
981.0,757.0
982.0,551.0
983.0,454.0
984.0,590.0
985.0,1039.0
986.0,1214.0
987.0,943.0
988.0,689.0
989.0,511.0
990.0,481.0
991.0,468.0
992.0,440.0
993.0,468.0
994.0,429.0
995.0,504.0
996.0,647.0
997.0,601.0
998.0,573.0
999.0,723.0
1000.0,935.0
1001.0,880.0
1002.0,733.0
1003.0,679.0
1004.0,706.0
1005.0,669.0
1006.0,521.0
1007.0,430.0
1008.0,360.0
1009.0,317.0
1010.0,417.0
1011.0,557.0
1012.0,644.0
1013.0,571.0
1014.0,490.0
1015.0,369.0
1016.0,312.0
1017.0,493.0
1018.0,548.0
1019.0,640.0
1020.0,822.0
1021.0,713.0
1022.0,503.0
1023.0,426.0
