0.0,45.0
1.0,60.0
2.0,75.0
3.0,63.0
4.0,74.0
5.0,62.0
6.0,77.0
7.0,77.0
8.0,72.0
9.0,71.0
10.0,83.0
11.0,76.0
12.0,82.0
13.0,91.0
14.0,104.0
15.0,102.0
16.0,97.0
17.0,83.0
18.0,92.0
19.0,86.0
20.0,82.0
21.0,94.0
22.0,84.0
23.0,98.0
24.0,82.0
25.0,101.0
26.0,84.0
27.0,108.0
28.0,89.0
29.0,86.0
30.0,92.0
31.0,72.0
32.0,95.0
33.0,81.0
34.0,71.0
35.0,101.0
36.0,102.0
37.0,93.0
38.0,93.0
39.0,126.0
40.0,99.0
41.0,107.0
42.0,91.0
43.0,117.0
44.0,96.0
45.0,97.0
46.0,118.0
47.0,128.0
48.0,138.0
49.0,159.0
50.0,116.0
51.0,106.0
52.0,109.0
53.0,127.0
54.0,126.0
55.0,128.0
56.0,129.0
57.0,126.0
58.0,102.0
59.0,117.0
60.0,128.0
61.0,138.0
62.0,147.0
63.0,159.0
64.0,146.0
65.0,146.0
66.0,159.0
67.0,152.0
68.0,183.0
69.0,175.0
70.0,155.0
71.0,137.0
72.0,174.0
73.0,160.0
74.0,158.0
75.0,165.0
76.0,202.0
77.0,192.0
78.0,190.0
79.0,158.0
80.0,158.0
81.0,163.0
82.0,173.0
83.0,144.0
84.0,178.0
85.0,175.0
86.0,173.0
87.0,196.0
88.0,181.0
89.0,186.0
90.0,188.0
91.0,186.0
92.0,152.0
93.0,178.0
94.0,202.0
95.0,232.0
96.0,212.0
97.0,209.0
98.0,180.0
99.0,194.0
100.0,192.0
101.0,249.0
102.0,274.0
103.0,242.0
104.0,240.0
105.0,238.0
106.0,241.0
107.0,242.0
108.0,231.0
109.0,256.0
110.0,264.0
111.0,276.0
112.0,286.0
113.0,288.0
114.0,312.0
115.0,412.0
116.0,647.0
117.0,574.0
118.0,446.0
119.0,488.0
120.0,605.0
121.0,821.0
122.0,1143.0
123.0,1579.0
124.0,2075.0
125.0,2256.0
126.0,7715.0
127.0,49009.0
128.0,63702.0
129.0,81118.0
130.0,97664.0
131.0,110539.0
132.0,132029.0
133.0,115548.0
134.0,112918.0
135.0,99234.0
136.0,75868.0
137.0,71921.0
138.0,44389.0
139.0,32883.0
140.0,6891.0
141.0,767.0
142.0,688.0
143.0,580.0
144.0,551.0
145.0,513.0
146.0,461.0
147.0,468.0
148.0,469.0
149.0,418.0
150.0,407.0
151.0,411.0
152.0,455.0
153.0,462.0
154.0,421.0
155.0,390.0
156.0,398.0
157.0,352.0
158.0,375.0
159.0,382.0
160.0,359.0
161.0,384.0
162.0,420.0
163.0,370.0
164.0,409.0
165.0,404.0
166.0,439.0
167.0,419.0
168.0,431.0
169.0,547.0
170.0,620.0
171.0,747.0
172.0,1001.0
173.0,1167.0
174.0,1190.0
175.0,1288.0
176.0,1596.0
177.0,3813.0
178.0,39409.0
179.0,66295.0
180.0,83418.0
181.0,97539.0
182.0,92243.0
183.0,64200.0
184.0,52512.0
185.0,30341.0
186.0,1234.0
187.0,798.0
188.0,699.0
189.0,631.0
190.0,568.0
191.0,488.0
192.0,466.0
193.0,489.0
194.0,409.0
195.0,355.0
196.0,332.0
197.0,344.0
198.0,321.0
199.0,304.0
200.0,302.0
201.0,299.0
202.0,315.0
203.0,321.0
204.0,324.0
205.0,348.0
206.0,360.0
207.0,348.0
208.0,401.0
209.0,468.0
210.0,542.0
211.0,454.0
212.0,326.0
213.0,297.0
214.0,283.0
215.0,273.0
216.0,290.0
217.0,335.0
218.0,365.0
219.0,339.0
220.0,457.0
221.0,733.0
222.0,670.0
223.0,356.0
224.0,255.0
225.0,239.0
226.0,270.0
227.0,277.0
228.0,245.0
229.0,257.0
230.0,291.0
231.0,317.0
232.0,329.0
233.0,362.0
234.0,337.0
235.0,271.0
236.0,295.0
237.0,308.0
238.0,308.0
239.0,308.0
240.0,358.0
241.0,426.0
242.0,361.0
243.0,309.0
244.0,295.0
245.0,311.0
246.0,292.0
247.0,321.0
248.0,324.0
249.0,300.0
250.0,277.0
251.0,286.0
252.0,303.0
253.0,384.0
254.0,463.0
255.0,429.0
256.0,334.0
257.0,309.0
258.0,324.0
259.0,365.0
260.0,386.0
261.0,367.0
262.0,314.0
263.0,374.0
264.0,451.0
265.0,397.0
266.0,337.0
267.0,340.0
268.0,325.0
269.0,326.0
270.0,316.0
271.0,340.0
272.0,339.0
273.0,329.0
274.0,346.0
275.0,349.0
276.0,332.0
277.0,357.0
278.0,506.0
279.0,620.0
280.0,669.0
281.0,704.0
282.0,552.0
283.0,349.0
284.0,314.0
285.0,321.0
286.0,312.0
287.0,305.0
288.0,261.0
289.0,267.0
290.0,262.0
291.0,293.0
292.0,283.0
293.0,257.0
294.0,294.0
295.0,329.0
296.0,363.0
297.0,369.0
298.0,332.0
299.0,300.0
300.0,310.0
301.0,384.0
302.0,417.0
303.0,346.0
304.0,283.0
305.0,358.0
306.0,484.0
307.0,427.0
308.0,324.0
309.0,328.0
310.0,368.0
311.0,354.0
312.0,290.0
313.0,269.0
314.0,259.0
315.0,273.0
316.0,291.0
317.0,288.0
318.0,349.0
319.0,455.0
320.0,498.0
321.0,359.0
322.0,311.0
323.0,315.0
324.0,360.0
325.0,480.0
326.0,384.0
327.0,279.0
328.0,310.0
329.0,305.0
330.0,269.0
331.0,308.0
332.0,331.0
333.0,369.0
334.0,503.0
335.0,731.0
336.0,586.0
337.0,311.0
338.0,280.0
339.0,267.0
340.0,243.0
341.0,235.0
342.0,335.0
343.0,460.0
344.0,504.0
345.0,638.0
346.0,552.0
347.0,364.0
348.0,260.0
349.0,263.0
350.0,254.0
351.0,301.0
352.0,319.0
353.0,378.0
354.0,373.0
355.0,365.0
356.0,345.0
357.0,379.0
358.0,362.0
359.0,302.0
360.0,316.0
361.0,310.0
362.0,345.0
363.0,348.0
364.0,330.0
365.0,327.0
366.0,382.0
367.0,672.0
368.0,938.0
369.0,744.0
370.0,437.0
371.0,328.0
372.0,329.0
373.0,397.0
374.0,374.0
375.0,332.0
376.0,304.0
377.0,306.0
378.0,283.0
379.0,282.0
380.0,286.0
381.0,421.0
382.0,601.0
383.0,555.0
384.0,359.0
385.0,331.0
386.0,424.0
387.0,510.0
388.0,826.0
389.0,3403.0
390.0,5696.0
391.0,3218.0
392.0,802.0
393.0,477.0
394.0,392.0
395.0,342.0
396.0,290.0
397.0,283.0
398.0,282.0
399.0,290.0
400.0,306.0
401.0,339.0
402.0,395.0
403.0,438.0
404.0,480.0
405.0,573.0
406.0,525.0
407.0,427.0
408.0,613.0
409.0,688.0
410.0,448.0
411.0,365.0
412.0,370.0
413.0,342.0
414.0,335.0
415.0,360.0
416.0,358.0
417.0,398.0
418.0,823.0
419.0,2225.0
420.0,2193.0
421.0,807.0
422.0,442.0
423.0,454.0
424.0,405.0
425.0,368.0
426.0,468.0
427.0,643.0
428.0,637.0
429.0,477.0
430.0,480.0
431.0,407.0
432.0,342.0
433.0,380.0
434.0,333.0
435.0,351.0
436.0,340.0
437.0,294.0
438.0,306.0
439.0,307.0
440.0,337.0
441.0,455.0
442.0,604.0
443.0,510.0
444.0,446.0
445.0,543.0
446.0,607.0
447.0,549.0
448.0,651.0
449.0,593.0
450.0,485.0
451.0,407.0
452.0,346.0
453.0,341.0
454.0,498.0
455.0,1678.0
456.0,2913.0
457.0,2198.0
458.0,1097.0
459.0,539.0
460.0,352.0
461.0,327.0
462.0,371.0
463.0,411.0
464.0,497.0
465.0,572.0
466.0,611.0
467.0,546.0
468.0,546.0
469.0,726.0
470.0,729.0
471.0,483.0
472.0,426.0
473.0,377.0
474.0,366.0
475.0,404.0
476.0,459.0
477.0,482.0
478.0,486.0
479.0,461.0
480.0,425.0
481.0,367.0
482.0,332.0
483.0,464.0
484.0,694.0
485.0,574.0
486.0,395.0
487.0,373.0
488.0,391.0
489.0,479.0
490.0,619.0
491.0,605.0
492.0,420.0
493.0,369.0
494.0,407.0
495.0,427.0
496.0,450.0
497.0,473.0
498.0,555.0
499.0,816.0
500.0,920.0
501.0,833.0
502.0,750.0
503.0,517.0
504.0,438.0
505.0,430.0
506.0,485.0
507.0,497.0
508.0,430.0
509.0,377.0
510.0,421.0
511.0,412.0
512.0,493.0
513.0,511.0
514.0,490.0
515.0,488.0
516.0,459.0
517.0,469.0
518.0,519.0
519.0,530.0
520.0,606.0
521.0,704.0
522.0,606.0
523.0,552.0
524.0,566.0
525.0,569.0
526.0,712.0
527.0,1020.0
528.0,953.0
529.0,719.0
530.0,666.0
531.0,610.0
532.0,647.0
533.0,662.0
534.0,653.0
535.0,998.0
536.0,2058.0
537.0,2183.0
538.0,1509.0
539.0,1448.0
540.0,1645.0
541.0,1844.0
542.0,21382.0
543.0,50673.0
544.0,73037.0
545.0,99162.0
546.0,110105.0
547.0,111885.0
548.0,126450.0
549.0,110798.0
550.0,101089.0
551.0,89964.0
552.0,72055.0
553.0,57496.0
554.0,41267.0
555.0,8872.0
556.0,916.0
557.0,804.0
558.0,740.0
559.0,678.0
560.0,696.0
561.0,739.0
562.0,821.0
563.0,776.0
564.0,808.0
565.0,741.0
566.0,709.0
567.0,686.0
568.0,682.0
569.0,695.0
570.0,682.0
571.0,677.0
572.0,711.0
573.0,781.0
574.0,919.0
575.0,1276.0
576.0,1369.0
577.0,1432.0
578.0,1622.0
579.0,3255.0
580.0,44214.0
581.0,59998.0
582.0,88305.0
583.0,81782.0
584.0,71514.0
585.0,55028.0
586.0,29329.0
587.0,2227.0
588.0,1039.0
589.0,1155.0
590.0,953.0
591.0,757.0
592.0,825.0
593.0,772.0
594.0,661.0
595.0,626.0
596.0,707.0
597.0,643.0
598.0,543.0
599.0,601.0
600.0,717.0
601.0,753.0
602.0,846.0
603.0,878.0
604.0,926.0
605.0,1079.0
606.0,911.0
607.0,587.0
608.0,487.0
609.0,494.0
610.0,425.0
611.0,440.0
612.0,548.0
613.0,656.0
614.0,562.0
615.0,481.0
616.0,489.0
617.0,469.0
618.0,471.0
619.0,556.0
620.0,548.0
621.0,524.0
622.0,549.0
623.0,546.0
624.0,579.0
625.0,607.0
626.0,682.0
627.0,629.0
628.0,551.0
629.0,496.0
630.0,481.0
631.0,463.0
632.0,510.0
633.0,561.0
634.0,738.0
635.0,1124.0
636.0,1065.0
637.0,917.0
638.0,754.0
639.0,493.0
640.0,435.0
641.0,515.0
642.0,527.0
643.0,465.0
644.0,504.0
645.0,580.0
646.0,523.0
647.0,486.0
648.0,634.0
649.0,650.0
650.0,650.0
651.0,643.0
652.0,709.0
653.0,772.0
654.0,835.0
655.0,1099.0
656.0,778.0
657.0,493.0
658.0,535.0
659.0,546.0
660.0,587.0
661.0,605.0
662.0,634.0
663.0,607.0
664.0,578.0
665.0,865.0
666.0,1117.0
667.0,958.0
668.0,935.0
669.0,941.0
670.0,687.0
671.0,602.0
672.0,637.0
673.0,727.0
674.0,1042.0
675.0,1115.0
676.0,733.0
677.0,607.0
678.0,510.0
679.0,448.0
680.0,533.0
681.0,673.0
682.0,1115.0
683.0,1592.0
684.0,1231.0
685.0,1011.0
686.0,1014.0
687.0,882.0
688.0,853.0
689.0,649.0
690.0,528.0
691.0,593.0
692.0,689.0
693.0,875.0
694.0,1266.0
695.0,1321.0
696.0,1062.0
697.0,805.0
698.0,649.0
699.0,482.0
700.0,559.0
701.0,832.0
702.0,927.0
703.0,727.0
704.0,854.0
705.0,1226.0
706.0,1392.0
707.0,1270.0
708.0,987.0
709.0,628.0
710.0,641.0
711.0,517.0
712.0,471.0
713.0,495.0
714.0,555.0
715.0,620.0
716.0,646.0
717.0,775.0
718.0,1024.0
719.0,1147.0
720.0,899.0
721.0,718.0
722.0,751.0
723.0,1059.0
724.0,1105.0
725.0,737.0
726.0,897.0
727.0,884.0
728.0,509.0
729.0,432.0
730.0,463.0
731.0,520.0
732.0,873.0
733.0,1242.0
734.0,1674.0
735.0,1700.0
736.0,1118.0
737.0,750.0
738.0,569.0
739.0,684.0
740.0,776.0
741.0,820.0
742.0,1055.0
743.0,939.0
744.0,725.0
745.0,1017.0
746.0,1120.0
747.0,806.0
748.0,725.0
749.0,737.0
750.0,611.0
751.0,672.0
752.0,1307.0
753.0,1582.0
754.0,988.0
755.0,830.0
756.0,699.0
757.0,617.0
758.0,559.0
759.0,552.0
760.0,539.0
761.0,579.0
762.0,747.0
763.0,1152.0
764.0,1164.0
765.0,874.0
766.0,904.0
767.0,1092.0
768.0,1037.0
769.0,696.0
770.0,549.0
771.0,520.0
772.0,750.0
773.0,1352.0
774.0,1429.0
775.0,952.0
776.0,1046.0
777.0,1417.0
778.0,1601.0
779.0,1439.0
780.0,1171.0
781.0,991.0
782.0,661.0
783.0,613.0
784.0,664.0
785.0,708.0
786.0,921.0
787.0,1430.0
788.0,1177.0
789.0,705.0
790.0,568.0
791.0,548.0
792.0,630.0
793.0,676.0
794.0,615.0
795.0,861.0
796.0,1654.0
797.0,1773.0
798.0,1176.0
799.0,1080.0
800.0,1442.0
801.0,1140.0
802.0,800.0
803.0,958.0
804.0,1386.0
805.0,2368.0
806.0,2579.0
807.0,1622.0
808.0,1356.0
809.0,1508.0
810.0,7943.0
811.0,47125.0
812.0,56294.0
813.0,77845.0
814.0,91794.0
815.0,106722.0
816.0,122397.0
817.0,108858.0
818.0,102876.0
819.0,86728.0
820.0,71342.0
821.0,68625.0
822.0,50692.0
823.0,31922.0
824.0,3297.0
825.0,824.0
826.0,1048.0
827.0,1105.0
828.0,917.0
829.0,777.0
830.0,755.0
831.0,920.0
832.0,878.0
833.0,665.0
834.0,736.0
835.0,948.0
836.0,1010.0
837.0,785.0
838.0,586.0
839.0,657.0
840.0,923.0
841.0,1294.0
842.0,1299.0
843.0,811.0
844.0,732.0
845.0,726.0
846.0,680.0
847.0,773.0
848.0,774.0
849.0,1015.0
850.0,1731.0
851.0,1647.0
852.0,1120.0
853.0,848.0
854.0,601.0
855.0,542.0
856.0,504.0
857.0,457.0
858.0,466.0
859.0,504.0
860.0,616.0
861.0,1135.0
862.0,1467.0
863.0,1189.0
864.0,790.0
865.0,545.0
866.0,497.0
867.0,500.0
868.0,481.0
869.0,493.0
870.0,496.0
871.0,571.0
872.0,836.0
873.0,1259.0
874.0,1118.0
875.0,737.0
876.0,505.0
877.0,517.0
878.0,584.0
879.0,695.0
880.0,1317.0
881.0,1901.0
882.0,1272.0
883.0,832.0
884.0,803.0
885.0,801.0
886.0,661.0
887.0,508.0
888.0,363.0
889.0,372.0
890.0,395.0
891.0,439.0
892.0,401.0
893.0,414.0
894.0,644.0
895.0,714.0
896.0,493.0
897.0,615.0
898.0,1010.0
899.0,1326.0
900.0,1315.0
901.0,1010.0
902.0,704.0
903.0,589.0
904.0,639.0
905.0,812.0
906.0,967.0
907.0,951.0
908.0,703.0
909.0,572.0
910.0,637.0
911.0,675.0
912.0,626.0
913.0,971.0
914.0,1526.0
915.0,1146.0
916.0,596.0
917.0,641.0
918.0,673.0
919.0,545.0
920.0,377.0
921.0,378.0
922.0,396.0
923.0,328.0
924.0,315.0
925.0,338.0
926.0,394.0
927.0,538.0
928.0,638.0
929.0,854.0
930.0,952.0
931.0,732.0
932.0,695.0
933.0,875.0
934.0,816.0
935.0,723.0
936.0,924.0
937.0,843.0
938.0,580.0
939.0,514.0
940.0,646.0
941.0,1081.0
942.0,1952.0
943.0,1597.0
944.0,701.0
945.0,525.0
946.0,636.0
947.0,615.0
948.0,654.0
949.0,1055.0
950.0,882.0
951.0,437.0
952.0,355.0
953.0,414.0
954.0,534.0
955.0,568.0
956.0,437.0
957.0,364.0
958.0,459.0
959.0,733.0
960.0,746.0
961.0,501.0
962.0,543.0
963.0,610.0
964.0,636.0
965.0,660.0
966.0,968.0
967.0,1043.0
968.0,757.0
969.0,729.0
970.0,924.0
971.0,789.0
972.0,544.0
973.0,646.0
974.0,575.0
975.0,398.0
976.0,398.0
977.0,440.0
978.0,580.0
979.0,608.0
980.0,610.0
981.0,741.0
982.0,776.0
983.0,669.0
984.0,420.0
985.0,465.0
986.0,763.0
987.0,1167.0
988.0,1105.0
989.0,704.0
990.0,536.0
991.0,481.0
992.0,464.0
993.0,431.0
994.0,451.0
995.0,440.0
996.0,456.0
997.0,583.0
998.0,603.0
999.0,539.0
1000.0,614.0
1001.0,796.0
1002.0,905.0
1003.0,777.0
1004.0,677.0
1005.0,701.0
1006.0,662.0
1007.0,560.0
1008.0,446.0
1009.0,387.0
1010.0,326.0
1011.0,305.0
1012.0,477.0
1013.0,621.0
1014.0,571.0
1015.0,521.0
1016.0,397.0
1017.0,303.0
1018.0,367.0
1019.0,523.0
1020.0,552.0
1021.0,746.0
1022.0,813.0
1023.0,541.0
