0.0,73.0
1.0,97.0
2.0,98.0
3.0,99.0
4.0,117.0
5.0,128.0
6.0,126.0
7.0,111.0
8.0,130.0
9.0,121.0
10.0,137.0
11.0,150.0
12.0,174.0
13.0,161.0
14.0,139.0
15.0,152.0
16.0,147.0
17.0,131.0
18.0,123.0
19.0,130.0
20.0,142.0
21.0,140.0
22.0,135.0
23.0,136.0
24.0,160.0
25.0,164.0
26.0,255.0
27.0,427.0
28.0,412.0
29.0,287.0
30.0,244.0
31.0,262.0
32.0,311.0
33.0,328.0
34.0,326.0
35.0,357.0
36.0,346.0
37.0,262.0
38.0,227.0
39.0,201.0
40.0,207.0
41.0,197.0
42.0,201.0
43.0,217.0
44.0,207.0
45.0,185.0
46.0,198.0
47.0,185.0
48.0,195.0
49.0,238.0
50.0,230.0
51.0,201.0
52.0,192.0
53.0,187.0
54.0,205.0
55.0,217.0
56.0,214.0
57.0,195.0
58.0,175.0
59.0,174.0
60.0,190.0
61.0,220.0
62.0,225.0
63.0,250.0
64.0,248.0
65.0,267.0
66.0,244.0
67.0,223.0
68.0,260.0
69.0,308.0
70.0,504.0
71.0,494.0
72.0,371.0
73.0,298.0
74.0,251.0
75.0,223.0
76.0,252.0
77.0,276.0
78.0,285.0
79.0,275.0
80.0,240.0
81.0,248.0
82.0,309.0
83.0,351.0
84.0,321.0
85.0,280.0
86.0,236.0
87.0,243.0
88.0,221.0
89.0,233.0
90.0,253.0
91.0,275.0
92.0,317.0
93.0,288.0
94.0,244.0
95.0,223.0
96.0,210.0
97.0,258.0
98.0,319.0
99.0,310.0
100.0,316.0
101.0,313.0
102.0,345.0
103.0,372.0
104.0,408.0
105.0,454.0
106.0,493.0
107.0,536.0
108.0,707.0
109.0,1225.0
110.0,4216.0
111.0,11697.0
112.0,12140.0
113.0,4649.0
114.0,743.0
115.0,384.0
116.0,311.0
117.0,266.0
118.0,292.0
119.0,330.0
120.0,340.0
121.0,373.0
122.0,409.0
123.0,392.0
124.0,343.0
125.0,302.0
126.0,338.0
127.0,395.0
128.0,383.0
129.0,315.0
130.0,337.0
131.0,348.0
132.0,401.0
133.0,464.0
134.0,478.0
135.0,418.0
136.0,419.0
137.0,497.0
138.0,543.0
139.0,520.0
140.0,513.0
141.0,390.0
142.0,385.0
143.0,494.0
144.0,573.0
145.0,577.0
146.0,479.0
147.0,454.0
148.0,529.0
149.0,889.0
150.0,1209.0
151.0,909.0
152.0,476.0
153.0,443.0
154.0,467.0
155.0,451.0
156.0,458.0
157.0,500.0
158.0,513.0
159.0,942.0
160.0,2805.0
161.0,5563.0
162.0,4506.0
163.0,1581.0
164.0,753.0
165.0,678.0
166.0,614.0
167.0,571.0
168.0,546.0
169.0,547.0
170.0,440.0
171.0,418.0
172.0,422.0
173.0,459.0
174.0,562.0
175.0,590.0
176.0,602.0
177.0,644.0
178.0,578.0
179.0,559.0
180.0,614.0
181.0,603.0
182.0,465.0
183.0,390.0
184.0,456.0
185.0,561.0
186.0,612.0
187.0,651.0
188.0,663.0
189.0,568.0
190.0,502.0
191.0,568.0
192.0,717.0
193.0,749.0
194.0,612.0
195.0,511.0
196.0,437.0
197.0,415.0
198.0,468.0
199.0,538.0
200.0,573.0
201.0,536.0
202.0,538.0
203.0,622.0
204.0,739.0
205.0,909.0
206.0,1017.0
207.0,1179.0
208.0,1061.0
209.0,738.0
210.0,566.0
211.0,564.0
212.0,643.0
213.0,702.0
214.0,682.0
215.0,705.0
216.0,775.0
217.0,730.0
218.0,606.0
219.0,571.0
220.0,512.0
221.0,569.0
222.0,733.0
223.0,820.0
224.0,777.0
225.0,746.0
226.0,735.0
227.0,623.0
228.0,541.0
229.0,556.0
230.0,593.0
231.0,675.0
232.0,802.0
233.0,911.0
234.0,914.0
235.0,967.0
236.0,1176.0
237.0,1347.0
238.0,1238.0
239.0,1071.0
240.0,925.0
241.0,838.0
242.0,814.0
243.0,780.0
244.0,983.0
245.0,1044.0
246.0,853.0
247.0,771.0
248.0,873.0
249.0,801.0
250.0,886.0
251.0,914.0
252.0,791.0
253.0,816.0
254.0,881.0
255.0,824.0
256.0,770.0
257.0,902.0
258.0,1093.0
259.0,1088.0
260.0,1104.0
261.0,1265.0
262.0,1206.0
263.0,1128.0
264.0,1028.0
265.0,1051.0
266.0,1140.0
267.0,1114.0
268.0,894.0
269.0,684.0
270.0,689.0
271.0,819.0
272.0,859.0
273.0,934.0
274.0,1028.0
275.0,1138.0
276.0,1192.0
277.0,1427.0
278.0,1730.0
279.0,1550.0
280.0,959.0
281.0,632.0
282.0,595.0
283.0,622.0
284.0,694.0
285.0,773.0
286.0,784.0
287.0,897.0
288.0,1031.0
289.0,1092.0
290.0,1363.0
291.0,1576.0
292.0,1466.0
293.0,1374.0
294.0,1550.0
295.0,1505.0
296.0,1090.0
297.0,925.0
298.0,1031.0
299.0,936.0
300.0,787.0
301.0,706.0
302.0,665.0
303.0,684.0
304.0,720.0
305.0,932.0
306.0,1348.0
307.0,1455.0
308.0,1248.0
309.0,1120.0
310.0,1110.0
311.0,1194.0
312.0,1352.0
313.0,1136.0
314.0,1017.0
315.0,1180.0
316.0,1068.0
317.0,864.0
318.0,925.0
319.0,896.0
320.0,822.0
321.0,851.0
322.0,1045.0
323.0,1627.0
324.0,2215.0
325.0,1872.0
326.0,1188.0
327.0,1506.0
328.0,2469.0
329.0,2469.0
330.0,1838.0
331.0,1681.0
332.0,1571.0
333.0,1161.0
334.0,908.0
335.0,1044.0
336.0,1286.0
337.0,1307.0
338.0,1187.0
339.0,1079.0
340.0,1098.0
341.0,1182.0
342.0,1248.0
343.0,1392.0
344.0,1733.0
345.0,1640.0
346.0,1384.0
347.0,1223.0
348.0,1013.0
349.0,1200.0
350.0,1319.0
351.0,1192.0
352.0,1377.0
353.0,1561.0
354.0,1525.0
355.0,1399.0
356.0,1249.0
357.0,1057.0
358.0,882.0
359.0,762.0
360.0,691.0
361.0,834.0
362.0,892.0
363.0,945.0
364.0,927.0
365.0,1313.0
366.0,1991.0
367.0,2174.0
368.0,1530.0
369.0,1193.0
370.0,1492.0
371.0,1760.0
372.0,1839.0
373.0,1545.0
374.0,1219.0
375.0,1333.0
376.0,1533.0
377.0,1569.0
378.0,1436.0
379.0,1179.0
380.0,1115.0
381.0,1258.0
382.0,1167.0
383.0,926.0
384.0,789.0
385.0,780.0
386.0,740.0
387.0,744.0
388.0,819.0
389.0,1211.0
390.0,1792.0
391.0,1577.0
392.0,1078.0
393.0,993.0
394.0,1085.0
395.0,1146.0
396.0,1196.0
397.0,1148.0
398.0,1046.0
399.0,824.0
400.0,821.0
401.0,1137.0
402.0,1496.0
403.0,1691.0
404.0,1646.0
405.0,1232.0
406.0,945.0
407.0,823.0
408.0,852.0
409.0,959.0
410.0,989.0
411.0,1064.0
412.0,1084.0
413.0,983.0
414.0,995.0
415.0,1552.0
416.0,2420.0
417.0,2252.0
418.0,1632.0
419.0,2477.0
420.0,3150.0
421.0,2488.0
422.0,1812.0
423.0,1393.0
424.0,1127.0
425.0,1078.0
426.0,1114.0
427.0,1114.0
428.0,1130.0
429.0,1229.0
430.0,1212.0
431.0,1348.0
432.0,1588.0
433.0,1449.0
434.0,1182.0
435.0,1248.0
436.0,1517.0
437.0,1391.0
438.0,1064.0
439.0,1032.0
440.0,1061.0
441.0,988.0
442.0,1008.0
443.0,1407.0
444.0,2028.0
445.0,2210.0
446.0,1880.0
447.0,1552.0
448.0,1646.0
449.0,1757.0
450.0,1484.0
451.0,1106.0
452.0,855.0
453.0,815.0
454.0,759.0
455.0,783.0
456.0,962.0
457.0,1075.0
458.0,1071.0
459.0,947.0
460.0,976.0
461.0,1296.0
462.0,1742.0
463.0,2224.0
464.0,2419.0
465.0,1937.0
466.0,1139.0
467.0,834.0
468.0,862.0
469.0,830.0
470.0,827.0
471.0,827.0
472.0,978.0
473.0,1415.0
474.0,2188.0
475.0,2326.0
476.0,1706.0
477.0,1024.0
478.0,901.0
479.0,1145.0
480.0,1416.0
481.0,1249.0
482.0,890.0
483.0,747.0
484.0,727.0
485.0,841.0
486.0,1076.0
487.0,1409.0
488.0,1502.0
489.0,1185.0
490.0,984.0
491.0,993.0
492.0,1182.0
493.0,1417.0
494.0,1408.0
495.0,1397.0
496.0,1280.0
497.0,1077.0
498.0,1112.0
499.0,1163.0
500.0,1297.0
501.0,1480.0
502.0,1429.0
503.0,1324.0
504.0,1712.0
505.0,2169.0
506.0,2311.0
507.0,2654.0
508.0,2699.0
509.0,2192.0
510.0,1726.0
511.0,1556.0
512.0,1480.0
513.0,1335.0
514.0,1173.0
515.0,1096.0
516.0,1280.0
517.0,1267.0
518.0,1102.0
519.0,1024.0
520.0,1106.0
521.0,1608.0
522.0,2107.0
523.0,2076.0
524.0,1776.0
525.0,1678.0
526.0,1882.0
527.0,2117.0
528.0,1992.0
529.0,1545.0
530.0,1320.0
531.0,1393.0
532.0,1293.0
533.0,1127.0
534.0,1086.0
535.0,1373.0
536.0,1846.0
537.0,2017.0
538.0,2195.0
539.0,2258.0
540.0,1878.0
541.0,1904.0
542.0,2011.0
543.0,1954.0
544.0,1730.0
545.0,1308.0
546.0,1321.0
547.0,1373.0
548.0,1549.0
549.0,1724.0
550.0,1881.0
551.0,1599.0
552.0,1053.0
553.0,1020.0
554.0,1266.0
555.0,1303.0
556.0,1566.0
557.0,1975.0
558.0,1997.0
559.0,1673.0
560.0,1622.0
561.0,1710.0
562.0,1616.0
563.0,1712.0
564.0,1997.0
565.0,1832.0
566.0,1263.0
567.0,1050.0
568.0,927.0
569.0,930.0
570.0,1013.0
571.0,1110.0
572.0,1086.0
573.0,1110.0
574.0,1269.0
575.0,1510.0
576.0,2038.0
577.0,2635.0
578.0,2462.0
579.0,2201.0
580.0,1745.0
581.0,1107.0
582.0,1204.0
583.0,1543.0
584.0,1537.0
585.0,1409.0
586.0,1747.0
587.0,1893.0
588.0,1538.0
589.0,1311.0
590.0,1717.0
591.0,1718.0
592.0,1429.0
593.0,1577.0
594.0,2115.0
595.0,2345.0
596.0,1912.0
597.0,1860.0
598.0,2151.0
599.0,2250.0
600.0,1835.0
601.0,1501.0
602.0,1747.0
603.0,2026.0
604.0,1592.0
605.0,1183.0
606.0,1055.0
607.0,988.0
608.0,1080.0
609.0,1334.0
610.0,1374.0
611.0,1286.0
612.0,1493.0
613.0,1570.0
614.0,1418.0
615.0,1509.0
616.0,1721.0
617.0,1744.0
618.0,1803.0
619.0,1826.0
620.0,3751.0
621.0,9847.0
622.0,9921.0
623.0,3707.0
624.0,1325.0
625.0,1221.0
626.0,1092.0
627.0,1441.0
628.0,2044.0
629.0,2136.0
630.0,1930.0
631.0,1868.0
632.0,1882.0
633.0,1669.0
634.0,1235.0
635.0,973.0
636.0,929.0
637.0,986.0
638.0,1105.0
639.0,1119.0
640.0,1210.0
641.0,1535.0
642.0,1795.0
643.0,2113.0
644.0,2409.0
645.0,1891.0
646.0,1271.0
647.0,1170.0
648.0,1149.0
649.0,1332.0
650.0,1320.0
651.0,1088.0
652.0,1292.0
653.0,1772.0
654.0,2162.0
655.0,2029.0
656.0,1663.0
657.0,1353.0
658.0,1399.0
659.0,1226.0
660.0,1138.0
661.0,1425.0
662.0,1602.0
663.0,2156.0
664.0,3201.0
665.0,3245.0
666.0,2555.0
667.0,2131.0
668.0,2596.0
669.0,5177.0
670.0,6483.0
671.0,6032.0
672.0,4883.0
673.0,3204.0
674.0,2487.0
675.0,1908.0
676.0,1369.0
677.0,1089.0
678.0,1106.0
679.0,1721.0
680.0,2287.0
681.0,1900.0
682.0,1760.0
683.0,2019.0
684.0,2500.0
685.0,5999.0
686.0,34244.0
687.0,64679.0
688.0,55498.0
689.0,17281.0
690.0,2983.0
691.0,1930.0
692.0,1555.0
693.0,1361.0
694.0,1736.0
695.0,2008.0
696.0,1877.0
697.0,2164.0
698.0,2498.0
699.0,2128.0
700.0,1793.0
701.0,1624.0
702.0,1534.0
703.0,1335.0
704.0,1064.0
705.0,1131.0
706.0,1171.0
707.0,1310.0
708.0,1707.0
709.0,1727.0
710.0,1391.0
711.0,1342.0
712.0,1291.0
713.0,1337.0
714.0,1467.0
715.0,1435.0
716.0,1303.0
717.0,1315.0
718.0,1448.0
719.0,1479.0
720.0,1522.0
721.0,1908.0
722.0,2137.0
723.0,2366.0
724.0,2156.0
725.0,1890.0
726.0,1644.0
727.0,1488.0
728.0,1473.0
729.0,1837.0
730.0,2491.0
731.0,2161.0
732.0,1382.0
733.0,1180.0
734.0,1142.0
735.0,996.0
736.0,1137.0
737.0,1608.0
738.0,1792.0
739.0,1647.0
740.0,1391.0
741.0,1523.0
742.0,1846.0
743.0,1791.0
744.0,1688.0
745.0,1472.0
746.0,1473.0
747.0,1548.0
748.0,1621.0
749.0,2016.0
750.0,2033.0
751.0,2208.0
752.0,2088.0
753.0,1700.0
754.0,1625.0
755.0,1598.0
756.0,1329.0
757.0,1511.0
758.0,1696.0
759.0,1569.0
760.0,1722.0
761.0,1541.0
762.0,1308.0
763.0,1309.0
764.0,1379.0
765.0,1505.0
766.0,1646.0
767.0,1648.0
768.0,1376.0
769.0,1383.0
770.0,1451.0
771.0,1372.0
772.0,1837.0
773.0,2436.0
774.0,1845.0
775.0,1306.0
776.0,1340.0
777.0,1444.0
778.0,1414.0
779.0,1392.0
780.0,1306.0
781.0,1127.0
782.0,1152.0
783.0,1450.0
784.0,1628.0
785.0,1584.0
786.0,1585.0
787.0,1808.0
788.0,1915.0
789.0,1409.0
790.0,1181.0
791.0,1425.0
792.0,2132.0
793.0,2944.0
794.0,2767.0
795.0,1712.0
796.0,1426.0
797.0,1479.0
798.0,1291.0
799.0,1282.0
800.0,1338.0
801.0,1173.0
802.0,1493.0
803.0,1894.0
804.0,1613.0
805.0,1373.0
806.0,1342.0
807.0,1114.0
808.0,1069.0
809.0,1257.0
810.0,1268.0
811.0,1332.0
812.0,1552.0
813.0,1819.0
814.0,1906.0
815.0,1522.0
816.0,1485.0
817.0,1598.0
818.0,1399.0
819.0,1309.0
820.0,1526.0
821.0,1729.0
822.0,1935.0
823.0,1954.0
824.0,1545.0
825.0,1204.0
826.0,928.0
827.0,873.0
828.0,1131.0
829.0,1482.0
830.0,1656.0
831.0,1716.0
832.0,1556.0
833.0,1363.0
834.0,1581.0
835.0,2203.0
836.0,2542.0
837.0,2311.0
838.0,1820.0
839.0,1413.0
840.0,1169.0
841.0,969.0
842.0,939.0
843.0,1039.0
844.0,1239.0
845.0,1823.0
846.0,3156.0
847.0,2980.0
848.0,1872.0
849.0,1416.0
850.0,1288.0
851.0,1121.0
852.0,1131.0
853.0,1304.0
854.0,1529.0
855.0,1592.0
856.0,1113.0
857.0,882.0
858.0,954.0
859.0,1189.0
860.0,1497.0
861.0,1267.0
862.0,1002.0
863.0,1200.0
864.0,1837.0
865.0,2121.0
866.0,1726.0
867.0,1250.0
868.0,1041.0
869.0,1073.0
870.0,1131.0
871.0,1006.0
872.0,874.0
873.0,890.0
874.0,865.0
875.0,904.0
876.0,911.0
877.0,824.0
878.0,801.0
879.0,921.0
880.0,1085.0
881.0,1159.0
882.0,1205.0
883.0,1382.0
884.0,1470.0
885.0,1137.0
886.0,879.0
887.0,983.0
888.0,1383.0
889.0,1478.0
890.0,1152.0
891.0,1136.0
892.0,1315.0
893.0,1344.0
894.0,1389.0
895.0,1393.0
896.0,1417.0
897.0,1435.0
898.0,1637.0
899.0,2590.0
900.0,2942.0
901.0,2024.0
902.0,1185.0
903.0,1077.0
904.0,1057.0
905.0,997.0
906.0,1101.0
907.0,1311.0
908.0,1399.0
909.0,1192.0
910.0,1019.0
911.0,991.0
912.0,1272.0
913.0,1641.0
914.0,1442.0
915.0,1217.0
916.0,1308.0
917.0,1098.0
918.0,792.0
919.0,819.0
920.0,894.0
921.0,1107.0
922.0,1232.0
923.0,1414.0
924.0,1380.0
925.0,1195.0
926.0,1102.0
927.0,862.0
928.0,686.0
929.0,700.0
930.0,768.0
931.0,943.0
932.0,1004.0
933.0,862.0
934.0,852.0
935.0,859.0
936.0,789.0
937.0,939.0
938.0,1001.0
939.0,1058.0
940.0,1542.0
941.0,2956.0
942.0,3683.0
943.0,2556.0
944.0,1473.0
945.0,967.0
946.0,1095.0
947.0,1110.0
948.0,933.0
949.0,800.0
950.0,837.0
951.0,1055.0
952.0,905.0
953.0,898.0
954.0,983.0
955.0,921.0
956.0,978.0
957.0,1258.0
958.0,1226.0
959.0,978.0
960.0,792.0
961.0,942.0
962.0,1010.0
963.0,1025.0
964.0,1286.0
965.0,1575.0
966.0,1273.0
967.0,990.0
968.0,1072.0
969.0,1258.0
970.0,1081.0
971.0,803.0
972.0,711.0
973.0,844.0
974.0,1001.0
975.0,1054.0
976.0,973.0
977.0,854.0
978.0,822.0
979.0,976.0
980.0,1025.0
981.0,781.0
982.0,847.0
983.0,1073.0
984.0,1029.0
985.0,849.0
986.0,854.0
987.0,781.0
988.0,755.0
989.0,685.0
990.0,729.0
991.0,686.0
992.0,642.0
993.0,583.0
994.0,580.0
995.0,595.0
996.0,615.0
997.0,577.0
998.0,651.0
999.0,951.0
1000.0,1166.0
1001.0,1069.0
1002.0,854.0
1003.0,652.0
1004.0,624.0
1005.0,877.0
1006.0,1090.0
1007.0,1182.0
1008.0,2567.0
1009.0,7845.0
1010.0,9471.0
1011.0,4116.0
1012.0,947.0
1013.0,728.0
1014.0,668.0
1015.0,605.0
1016.0,586.0
1017.0,612.0
1018.0,654.0
1019.0,754.0
1020.0,825.0
1021.0,769.0
1022.0,957.0
1023.0,1048.0
