0.0,34.0
1.0,31.0
2.0,26.0
3.0,44.0
4.0,45.0
5.0,40.0
6.0,53.0
7.0,45.0
8.0,43.0
9.0,46.0
10.0,56.0
11.0,56.0
12.0,40.0
13.0,58.0
14.0,58.0
15.0,66.0
16.0,61.0
17.0,59.0
18.0,64.0
19.0,71.0
20.0,53.0
21.0,56.0
22.0,66.0
23.0,52.0
24.0,52.0
25.0,64.0
26.0,56.0
27.0,69.0
28.0,63.0
29.0,56.0
30.0,60.0
31.0,70.0
32.0,54.0
33.0,63.0
34.0,48.0
35.0,56.0
36.0,57.0
37.0,68.0
38.0,61.0
39.0,57.0
40.0,77.0
41.0,60.0
42.0,64.0
43.0,61.0
44.0,56.0
45.0,45.0
46.0,67.0
47.0,58.0
48.0,64.0
49.0,64.0
50.0,49.0
51.0,59.0
52.0,65.0
53.0,57.0
54.0,64.0
55.0,56.0
56.0,60.0
57.0,65.0
58.0,62.0
59.0,54.0
60.0,69.0
61.0,70.0
62.0,76.0
63.0,62.0
64.0,65.0
65.0,60.0
66.0,49.0
67.0,53.0
68.0,55.0
69.0,69.0
70.0,73.0
71.0,52.0
72.0,74.0
73.0,68.0
74.0,54.0
75.0,61.0
76.0,62.0
77.0,62.0
78.0,57.0
79.0,81.0
80.0,53.0
81.0,62.0
82.0,69.0
83.0,71.0
84.0,70.0
85.0,67.0
86.0,55.0
87.0,59.0
88.0,72.0
89.0,72.0
90.0,69.0
91.0,52.0
92.0,62.0
93.0,64.0
94.0,72.0
95.0,78.0
96.0,68.0
97.0,62.0
98.0,73.0
99.0,57.0
100.0,64.0
101.0,78.0
102.0,65.0
103.0,73.0
104.0,65.0
105.0,66.0
106.0,64.0
107.0,63.0
108.0,74.0
109.0,80.0
110.0,66.0
111.0,77.0
112.0,57.0
113.0,68.0
114.0,76.0
115.0,73.0
116.0,78.0
117.0,80.0
118.0,52.0
119.0,75.0
120.0,63.0
121.0,72.0
122.0,57.0
123.0,72.0
124.0,79.0
125.0,60.0
126.0,76.0
127.0,77.0
128.0,64.0
129.0,79.0
130.0,74.0
131.0,66.0
132.0,77.0
133.0,60.0
134.0,78.0
135.0,66.0
136.0,69.0
137.0,77.0
138.0,93.0
139.0,70.0
140.0,83.0
141.0,77.0
142.0,71.0
143.0,90.0
144.0,76.0
145.0,77.0
146.0,78.0
147.0,81.0
148.0,81.0
149.0,78.0
150.0,76.0
151.0,85.0
152.0,81.0
153.0,79.0
154.0,75.0
155.0,78.0
156.0,86.0
157.0,69.0
158.0,66.0
159.0,76.0
160.0,86.0
161.0,86.0
162.0,78.0
163.0,87.0
164.0,94.0
165.0,97.0
166.0,118.0
167.0,106.0
168.0,93.0
169.0,81.0
170.0,86.0
171.0,81.0
172.0,91.0
173.0,90.0
174.0,97.0
175.0,77.0
176.0,85.0
177.0,85.0
178.0,75.0
179.0,89.0
180.0,75.0
181.0,82.0
182.0,75.0
183.0,80.0
184.0,81.0
185.0,90.0
186.0,85.0
187.0,89.0
188.0,76.0
189.0,74.0
190.0,65.0
191.0,80.0
192.0,71.0
193.0,88.0
194.0,79.0
195.0,90.0
196.0,83.0
197.0,86.0
198.0,68.0
199.0,84.0
200.0,83.0
201.0,87.0
202.0,86.0
203.0,86.0
204.0,84.0
205.0,75.0
206.0,96.0
207.0,92.0
208.0,92.0
209.0,87.0
210.0,83.0
211.0,110.0
212.0,137.0
213.0,111.0
214.0,99.0
215.0,84.0
216.0,87.0
217.0,85.0
218.0,109.0
219.0,106.0
220.0,95.0
221.0,87.0
222.0,83.0
223.0,84.0
224.0,97.0
225.0,83.0
226.0,84.0
227.0,85.0
228.0,114.0
229.0,120.0
230.0,155.0
231.0,142.0
232.0,104.0
233.0,94.0
234.0,90.0
235.0,88.0
236.0,85.0
237.0,85.0
238.0,77.0
239.0,92.0
240.0,90.0
241.0,86.0
242.0,99.0
243.0,96.0
244.0,88.0
245.0,80.0
246.0,100.0
247.0,104.0
248.0,87.0
249.0,91.0
250.0,71.0
251.0,95.0
252.0,99.0
253.0,94.0
254.0,94.0
255.0,89.0
256.0,86.0
257.0,86.0
258.0,81.0
259.0,94.0
260.0,89.0
261.0,81.0
262.0,103.0
263.0,78.0
264.0,92.0
265.0,92.0
266.0,98.0
267.0,93.0
268.0,88.0
269.0,92.0
270.0,109.0
271.0,92.0
272.0,85.0
273.0,99.0
274.0,98.0
275.0,89.0
276.0,106.0
277.0,119.0
278.0,155.0
279.0,135.0
280.0,113.0
281.0,91.0
282.0,101.0
283.0,77.0
284.0,88.0
285.0,101.0
286.0,92.0
287.0,106.0
288.0,89.0
289.0,111.0
290.0,108.0
291.0,96.0
292.0,102.0
293.0,87.0
294.0,100.0
295.0,98.0
296.0,94.0
297.0,83.0
298.0,103.0
299.0,91.0
300.0,98.0
301.0,97.0
302.0,101.0
303.0,90.0
304.0,98.0
305.0,89.0
306.0,96.0
307.0,97.0
308.0,103.0
309.0,84.0
310.0,93.0
311.0,99.0
312.0,103.0
313.0,102.0
314.0,88.0
315.0,96.0
316.0,101.0
317.0,95.0
318.0,92.0
319.0,104.0
320.0,103.0
321.0,109.0
322.0,104.0
323.0,101.0
324.0,130.0
325.0,214.0
326.0,242.0
327.0,171.0
328.0,101.0
329.0,98.0
330.0,94.0
331.0,105.0
332.0,91.0
333.0,102.0
334.0,119.0
335.0,168.0
336.0,197.0
337.0,138.0
338.0,101.0
339.0,100.0
340.0,112.0
341.0,102.0
342.0,110.0
343.0,104.0
344.0,96.0
345.0,121.0
346.0,112.0
347.0,103.0
348.0,102.0
349.0,93.0
350.0,89.0
351.0,85.0
352.0,92.0
353.0,95.0
354.0,106.0
355.0,93.0
356.0,95.0
357.0,105.0
358.0,108.0
359.0,123.0
360.0,128.0
361.0,199.0
362.0,330.0
363.0,309.0
364.0,193.0
365.0,105.0
366.0,106.0
367.0,102.0
368.0,94.0
369.0,107.0
370.0,106.0
371.0,108.0
372.0,103.0
373.0,105.0
374.0,104.0
375.0,105.0
376.0,95.0
377.0,91.0
378.0,109.0
379.0,108.0
380.0,111.0
381.0,130.0
382.0,110.0
383.0,105.0
384.0,108.0
385.0,96.0
386.0,104.0
387.0,120.0
388.0,120.0
389.0,105.0
390.0,105.0
391.0,113.0
392.0,101.0
393.0,100.0
394.0,90.0
395.0,100.0
396.0,118.0
397.0,113.0
398.0,162.0
399.0,251.0
400.0,202.0
401.0,139.0
402.0,115.0
403.0,105.0
404.0,113.0
405.0,113.0
406.0,107.0
407.0,106.0
408.0,82.0
409.0,94.0
410.0,99.0
411.0,100.0
412.0,96.0
413.0,99.0
414.0,108.0
415.0,108.0
416.0,109.0
417.0,112.0
418.0,97.0
419.0,100.0
420.0,107.0
421.0,126.0
422.0,130.0
423.0,108.0
424.0,104.0
425.0,110.0
426.0,100.0
427.0,95.0
428.0,131.0
429.0,173.0
430.0,296.0
431.0,354.0
432.0,222.0
433.0,132.0
434.0,114.0
435.0,116.0
436.0,114.0
437.0,100.0
438.0,97.0
439.0,105.0
440.0,128.0
441.0,192.0
442.0,238.0
443.0,142.0
444.0,113.0
445.0,94.0
446.0,104.0
447.0,101.0
448.0,97.0
449.0,116.0
450.0,127.0
451.0,124.0
452.0,113.0
453.0,109.0
454.0,105.0
455.0,95.0
456.0,95.0
457.0,81.0
458.0,101.0
459.0,117.0
460.0,103.0
461.0,100.0
462.0,104.0
463.0,109.0
464.0,107.0
465.0,94.0
466.0,118.0
467.0,113.0
468.0,102.0
469.0,105.0
470.0,106.0
471.0,115.0
472.0,110.0
473.0,97.0
474.0,115.0
475.0,112.0
476.0,112.0
477.0,107.0
478.0,98.0
479.0,103.0
480.0,101.0
481.0,117.0
482.0,109.0
483.0,111.0
484.0,105.0
485.0,96.0
486.0,118.0
487.0,106.0
488.0,99.0
489.0,119.0
490.0,109.0
491.0,114.0
492.0,134.0
493.0,137.0
494.0,169.0
495.0,206.0
496.0,349.0
497.0,764.0
498.0,901.0
499.0,457.0
500.0,176.0
501.0,137.0
502.0,125.0
503.0,118.0
504.0,123.0
505.0,129.0
506.0,112.0
507.0,119.0
508.0,101.0
509.0,118.0
510.0,123.0
511.0,107.0
512.0,108.0
513.0,111.0
514.0,107.0
515.0,105.0
516.0,114.0
517.0,138.0
518.0,124.0
519.0,132.0
520.0,112.0
521.0,100.0
522.0,122.0
523.0,117.0
524.0,108.0
525.0,105.0
526.0,113.0
527.0,125.0
528.0,93.0
529.0,119.0
530.0,107.0
531.0,121.0
532.0,117.0
533.0,127.0
534.0,130.0
535.0,125.0
536.0,107.0
537.0,108.0
538.0,101.0
539.0,123.0
540.0,109.0
541.0,134.0
542.0,113.0
543.0,115.0
544.0,109.0
545.0,100.0
546.0,101.0
547.0,105.0
548.0,120.0
549.0,132.0
550.0,117.0
551.0,126.0
552.0,101.0
553.0,117.0
554.0,110.0
555.0,95.0
556.0,109.0
557.0,96.0
558.0,100.0
559.0,102.0
560.0,104.0
561.0,99.0
562.0,111.0
563.0,108.0
564.0,121.0
565.0,105.0
566.0,111.0
567.0,96.0
568.0,112.0
569.0,120.0
570.0,107.0
571.0,105.0
572.0,115.0
573.0,100.0
574.0,92.0
575.0,112.0
576.0,110.0
577.0,141.0
578.0,125.0
579.0,119.0
580.0,104.0
581.0,130.0
582.0,113.0
583.0,107.0
584.0,101.0
585.0,125.0
586.0,116.0
587.0,114.0
588.0,132.0
589.0,128.0
590.0,118.0
591.0,116.0
592.0,101.0
593.0,105.0
594.0,121.0
595.0,118.0
596.0,116.0
597.0,109.0
598.0,114.0
599.0,111.0
600.0,131.0
601.0,115.0
602.0,104.0
603.0,117.0
604.0,108.0
605.0,113.0
606.0,129.0
607.0,100.0
608.0,113.0
609.0,107.0
610.0,117.0
611.0,125.0
612.0,118.0
613.0,119.0
614.0,109.0
615.0,122.0
616.0,110.0
617.0,126.0
618.0,141.0
619.0,154.0
620.0,144.0
621.0,151.0
622.0,141.0
623.0,158.0
624.0,133.0
625.0,134.0
626.0,138.0
627.0,139.0
628.0,128.0
629.0,150.0
630.0,290.0
631.0,376.0
632.0,219.0
633.0,142.0
634.0,132.0
635.0,117.0
636.0,129.0
637.0,117.0
638.0,125.0
639.0,109.0
640.0,134.0
641.0,131.0
642.0,127.0
643.0,124.0
644.0,137.0
645.0,136.0
646.0,119.0
647.0,129.0
648.0,141.0
649.0,113.0
650.0,127.0
651.0,115.0
652.0,131.0
653.0,117.0
654.0,99.0
655.0,125.0
656.0,132.0
657.0,122.0
658.0,131.0
659.0,129.0
660.0,130.0
661.0,138.0
662.0,137.0
663.0,135.0
664.0,126.0
665.0,134.0
666.0,128.0
667.0,128.0
668.0,126.0
669.0,132.0
670.0,158.0
671.0,189.0
672.0,189.0
673.0,170.0
674.0,180.0
675.0,241.0
676.0,263.0
677.0,380.0
678.0,588.0
679.0,1334.0
680.0,4950.0
681.0,12144.0
682.0,10682.0
683.0,3300.0
684.0,822.0
685.0,399.0
686.0,274.0
687.0,221.0
688.0,183.0
689.0,187.0
690.0,228.0
691.0,355.0
692.0,374.0
693.0,264.0
694.0,196.0
695.0,167.0
696.0,160.0
697.0,146.0
698.0,134.0
699.0,140.0
700.0,151.0
701.0,150.0
702.0,144.0
703.0,154.0
704.0,160.0
705.0,146.0
706.0,124.0
707.0,130.0
708.0,138.0
709.0,120.0
710.0,117.0
711.0,119.0
712.0,118.0
713.0,123.0
714.0,139.0
715.0,148.0
716.0,130.0
717.0,133.0
718.0,122.0
719.0,133.0
720.0,127.0
721.0,126.0
722.0,126.0
723.0,123.0
724.0,114.0
725.0,115.0
726.0,109.0
727.0,128.0
728.0,133.0
729.0,129.0
730.0,118.0
731.0,125.0
732.0,118.0
733.0,126.0
734.0,128.0
735.0,127.0
736.0,109.0
737.0,124.0
738.0,125.0
739.0,144.0
740.0,120.0
741.0,124.0
742.0,124.0
743.0,118.0
744.0,129.0
745.0,140.0
746.0,128.0
747.0,133.0
748.0,126.0
749.0,116.0
750.0,134.0
751.0,114.0
752.0,119.0
753.0,128.0
754.0,129.0
755.0,135.0
756.0,129.0
757.0,138.0
758.0,121.0
759.0,119.0
760.0,113.0
761.0,120.0
762.0,135.0
763.0,164.0
764.0,151.0
765.0,143.0
766.0,140.0
767.0,126.0
768.0,122.0
769.0,118.0
770.0,128.0
771.0,134.0
772.0,135.0
773.0,137.0
774.0,150.0
775.0,159.0
776.0,186.0
777.0,229.0
778.0,187.0
779.0,133.0
780.0,121.0
781.0,124.0
782.0,114.0
783.0,127.0
784.0,122.0
785.0,114.0
786.0,111.0
787.0,125.0
788.0,140.0
789.0,154.0
790.0,133.0
791.0,115.0
792.0,117.0
793.0,119.0
794.0,107.0
795.0,122.0
796.0,115.0
797.0,126.0
798.0,115.0
799.0,118.0
800.0,107.0
801.0,114.0
802.0,118.0
803.0,137.0
804.0,120.0
805.0,124.0
806.0,129.0
807.0,125.0
808.0,132.0
809.0,119.0
810.0,128.0
811.0,109.0
812.0,120.0
813.0,104.0
814.0,107.0
815.0,122.0
816.0,120.0
817.0,105.0
818.0,105.0
819.0,122.0
820.0,107.0
821.0,128.0
822.0,118.0
823.0,133.0
824.0,119.0
825.0,124.0
826.0,133.0
827.0,145.0
828.0,188.0
829.0,183.0
830.0,143.0
831.0,129.0
832.0,115.0
833.0,125.0
834.0,160.0
835.0,176.0
836.0,144.0
837.0,145.0
838.0,137.0
839.0,125.0
840.0,132.0
841.0,136.0
842.0,132.0
843.0,130.0
844.0,136.0
845.0,116.0
846.0,121.0
847.0,141.0
848.0,129.0
849.0,119.0
850.0,135.0
851.0,125.0
852.0,160.0
853.0,182.0
854.0,285.0
855.0,1332.0
856.0,4448.0
857.0,4010.0
858.0,928.0
859.0,213.0
860.0,177.0
861.0,135.0
862.0,160.0
863.0,140.0
864.0,130.0
865.0,123.0
866.0,123.0
867.0,130.0
868.0,132.0
869.0,136.0
870.0,112.0
871.0,117.0
872.0,101.0
873.0,129.0
874.0,123.0
875.0,137.0
876.0,135.0
877.0,134.0
878.0,117.0
879.0,144.0
880.0,154.0
881.0,140.0
882.0,115.0
883.0,112.0
884.0,118.0
885.0,112.0
886.0,130.0
887.0,168.0
888.0,224.0
889.0,173.0
890.0,114.0
891.0,129.0
892.0,128.0
893.0,104.0
894.0,128.0
895.0,122.0
896.0,120.0
897.0,108.0
898.0,107.0
899.0,101.0
900.0,124.0
901.0,123.0
902.0,129.0
903.0,123.0
904.0,107.0
905.0,106.0
906.0,123.0
907.0,127.0
908.0,117.0
909.0,130.0
910.0,133.0
911.0,116.0
912.0,103.0
913.0,113.0
914.0,102.0
915.0,102.0
916.0,119.0
917.0,117.0
918.0,127.0
919.0,128.0
920.0,153.0
921.0,195.0
922.0,244.0
923.0,175.0
924.0,120.0
925.0,122.0
926.0,121.0
927.0,129.0
928.0,119.0
929.0,109.0
930.0,96.0
931.0,126.0
932.0,131.0
933.0,137.0
934.0,131.0
935.0,140.0
936.0,132.0
937.0,124.0
938.0,121.0
939.0,133.0
940.0,114.0
941.0,108.0
942.0,109.0
943.0,123.0
944.0,134.0
945.0,112.0
946.0,114.0
947.0,117.0
948.0,103.0
949.0,106.0
950.0,105.0
951.0,104.0
952.0,119.0
953.0,110.0
954.0,116.0
955.0,116.0
956.0,108.0
957.0,115.0
958.0,117.0
959.0,108.0
960.0,106.0
961.0,115.0
962.0,115.0
963.0,95.0
964.0,107.0
965.0,112.0
966.0,103.0
967.0,120.0
968.0,122.0
969.0,122.0
970.0,116.0
971.0,111.0
972.0,106.0
973.0,127.0
974.0,125.0
975.0,115.0
976.0,122.0
977.0,114.0
978.0,109.0
979.0,106.0
980.0,113.0
981.0,113.0
982.0,112.0
983.0,125.0
984.0,103.0
985.0,110.0
986.0,123.0
987.0,105.0
988.0,108.0
989.0,109.0
990.0,101.0
991.0,125.0
992.0,134.0
993.0,135.0
994.0,131.0
995.0,129.0
996.0,125.0
997.0,109.0
998.0,108.0
999.0,116.0
1000.0,124.0
1001.0,110.0
1002.0,106.0
1003.0,103.0
1004.0,117.0
1005.0,117.0
1006.0,97.0
1007.0,115.0
1008.0,120.0
1009.0,102.0
1010.0,118.0
1011.0,112.0
1012.0,99.0
1013.0,93.0
1014.0,106.0
1015.0,111.0
1016.0,94.0
1017.0,112.0
1018.0,120.0
1019.0,119.0
1020.0,111.0
1021.0,107.0
1022.0,93.0
1023.0,106.0
