0.0,77.0
1.0,105.0
2.0,86.0
3.0,76.0
4.0,70.0
5.0,84.0
6.0,89.0
7.0,99.0
8.0,76.0
9.0,100.0
10.0,101.0
11.0,115.0
12.0,115.0
13.0,96.0
14.0,87.0
15.0,96.0
16.0,116.0
17.0,120.0
18.0,131.0
19.0,147.0
20.0,146.0
21.0,139.0
22.0,149.0
23.0,193.0
24.0,211.0
25.0,171.0
26.0,169.0
27.0,159.0
28.0,164.0
29.0,171.0
30.0,139.0
31.0,127.0
32.0,125.0
33.0,185.0
34.0,209.0
35.0,215.0
36.0,210.0
37.0,197.0
38.0,193.0
39.0,184.0
40.0,205.0
41.0,207.0
42.0,175.0
43.0,169.0
44.0,149.0
45.0,135.0
46.0,170.0
47.0,226.0
48.0,201.0
49.0,193.0
50.0,221.0
51.0,393.0
52.0,758.0
53.0,749.0
54.0,366.0
55.0,203.0
56.0,201.0
57.0,225.0
58.0,269.0
59.0,252.0
60.0,217.0
61.0,219.0
62.0,220.0
63.0,233.0
64.0,244.0
65.0,245.0
66.0,269.0
67.0,237.0
68.0,225.0
69.0,242.0
70.0,226.0
71.0,225.0
72.0,251.0
73.0,251.0
74.0,293.0
75.0,327.0
76.0,344.0
77.0,316.0
78.0,253.0
79.0,241.0
80.0,238.0
81.0,207.0
82.0,201.0
83.0,291.0
84.0,349.0
85.0,315.0
86.0,284.0
87.0,333.0
88.0,282.0
89.0,232.0
90.0,290.0
91.0,336.0
92.0,311.0
93.0,267.0
94.0,266.0
95.0,239.0
96.0,230.0
97.0,231.0
98.0,238.0
99.0,291.0
100.0,292.0
101.0,267.0
102.0,286.0
103.0,368.0
104.0,369.0
105.0,361.0
106.0,319.0
107.0,319.0
108.0,376.0
109.0,415.0
110.0,330.0
111.0,274.0
112.0,300.0
113.0,295.0
114.0,270.0
115.0,195.0
116.0,209.0
117.0,223.0
118.0,247.0
119.0,289.0
120.0,325.0
121.0,361.0
122.0,385.0
123.0,329.0
124.0,271.0
125.0,284.0
126.0,353.0
127.0,425.0
128.0,441.0
129.0,414.0
130.0,359.0
131.0,407.0
132.0,417.0
133.0,347.0
134.0,299.0
135.0,298.0
136.0,324.0
137.0,405.0
138.0,356.0
139.0,314.0
140.0,315.0
141.0,318.0
142.0,342.0
143.0,429.0
144.0,419.0
145.0,336.0
146.0,288.0
147.0,291.0
148.0,354.0
149.0,510.0
150.0,611.0
151.0,547.0
152.0,484.0
153.0,536.0
154.0,495.0
155.0,384.0
156.0,326.0
157.0,359.0
158.0,366.0
159.0,425.0
160.0,454.0
161.0,469.0
162.0,492.0
163.0,462.0
164.0,534.0
165.0,562.0
166.0,479.0
167.0,393.0
168.0,337.0
169.0,418.0
170.0,582.0
171.0,661.0
172.0,714.0
173.0,756.0
174.0,751.0
175.0,603.0
176.0,497.0
177.0,422.0
178.0,478.0
179.0,521.0
180.0,476.0
181.0,401.0
182.0,392.0
183.0,515.0
184.0,598.0
185.0,612.0
186.0,505.0
187.0,470.0
188.0,483.0
189.0,594.0
190.0,619.0
191.0,653.0
192.0,799.0
193.0,674.0
194.0,543.0
195.0,483.0
196.0,470.0
197.0,583.0
198.0,748.0
199.0,816.0
200.0,1069.0
201.0,1603.0
202.0,1476.0
203.0,792.0
204.0,522.0
205.0,515.0
206.0,608.0
207.0,694.0
208.0,687.0
209.0,791.0
210.0,747.0
211.0,615.0
212.0,543.0
213.0,612.0
214.0,686.0
215.0,707.0
216.0,678.0
217.0,625.0
218.0,679.0
219.0,1326.0
220.0,1978.0
221.0,1683.0
222.0,1118.0
223.0,1181.0
224.0,1174.0
225.0,1003.0
226.0,774.0
227.0,567.0
228.0,633.0
229.0,813.0
230.0,837.0
231.0,660.0
232.0,517.0
233.0,568.0
234.0,574.0
235.0,593.0
236.0,691.0
237.0,950.0
238.0,1198.0
239.0,1074.0
240.0,857.0
241.0,762.0
242.0,770.0
243.0,876.0
244.0,834.0
245.0,776.0
246.0,660.0
247.0,574.0
248.0,526.0
249.0,639.0
250.0,858.0
251.0,1038.0
252.0,1043.0
253.0,993.0
254.0,875.0
255.0,725.0
256.0,633.0
257.0,634.0
258.0,524.0
259.0,482.0
260.0,538.0
261.0,728.0
262.0,1033.0
263.0,1211.0
264.0,1226.0
265.0,1136.0
266.0,974.0
267.0,816.0
268.0,929.0
269.0,1011.0
270.0,833.0
271.0,874.0
272.0,1346.0
273.0,1541.0
274.0,1103.0
275.0,714.0
276.0,615.0
277.0,583.0
278.0,534.0
279.0,647.0
280.0,935.0
281.0,1471.0
282.0,1832.0
283.0,1482.0
284.0,1093.0
285.0,990.0
286.0,1046.0
287.0,1301.0
288.0,1409.0
289.0,1298.0
290.0,1295.0
291.0,1090.0
292.0,885.0
293.0,799.0
294.0,750.0
295.0,940.0
296.0,1155.0
297.0,1057.0
298.0,986.0
299.0,1107.0
300.0,1271.0
301.0,1318.0
302.0,1162.0
303.0,963.0
304.0,1195.0
305.0,1440.0
306.0,1622.0
307.0,1566.0
308.0,1097.0
309.0,872.0
310.0,1083.0
311.0,1296.0
312.0,1575.0
313.0,1786.0
314.0,1451.0
315.0,979.0
316.0,722.0
317.0,734.0
318.0,819.0
319.0,820.0
320.0,713.0
321.0,699.0
322.0,956.0
323.0,1303.0
324.0,1238.0
325.0,962.0
326.0,937.0
327.0,1097.0
328.0,1297.0
329.0,1269.0
330.0,1223.0
331.0,1089.0
332.0,926.0
333.0,961.0
334.0,1091.0
335.0,1094.0
336.0,980.0
337.0,970.0
338.0,1062.0
339.0,1175.0
340.0,1273.0
341.0,1388.0
342.0,1439.0
343.0,1466.0
344.0,1343.0
345.0,1090.0
346.0,945.0
347.0,992.0
348.0,1308.0
349.0,1750.0
350.0,2120.0
351.0,2044.0
352.0,1676.0
353.0,1329.0
354.0,1414.0
355.0,1469.0
356.0,1325.0
357.0,1331.0
358.0,1346.0
359.0,1310.0
360.0,1471.0
361.0,1528.0
362.0,1344.0
363.0,1112.0
364.0,903.0
365.0,939.0
366.0,1158.0
367.0,1376.0
368.0,1376.0
369.0,1286.0
370.0,1306.0
371.0,1227.0
372.0,1186.0
373.0,1476.0
374.0,1507.0
375.0,1264.0
376.0,1116.0
377.0,1152.0
378.0,1222.0
379.0,1300.0
380.0,1169.0
381.0,993.0
382.0,1097.0
383.0,1181.0
384.0,1217.0
385.0,1350.0
386.0,1695.0
387.0,1834.0
388.0,1412.0
389.0,1249.0
390.0,1317.0
391.0,1179.0
392.0,1113.0
393.0,1282.0
394.0,1664.0
395.0,1732.0
396.0,1502.0
397.0,1195.0
398.0,1214.0
399.0,1447.0
400.0,1582.0
401.0,1428.0
402.0,1368.0
403.0,1560.0
404.0,1698.0
405.0,1696.0
406.0,1635.0
407.0,1728.0
408.0,1947.0
409.0,1826.0
410.0,1574.0
411.0,1557.0
412.0,1740.0
413.0,1676.0
414.0,1330.0
415.0,1140.0
416.0,1079.0
417.0,1165.0
418.0,1380.0
419.0,2036.0
420.0,2347.0
421.0,1761.0
422.0,1137.0
423.0,1030.0
424.0,1097.0
425.0,1368.0
426.0,1503.0
427.0,1611.0
428.0,1821.0
429.0,1756.0
430.0,1846.0
431.0,3337.0
432.0,5672.0
433.0,5247.0
434.0,3697.0
435.0,11156.0
436.0,33754.0
437.0,40364.0
438.0,19827.0
439.0,4359.0
440.0,2018.0
441.0,1788.0
442.0,1537.0
443.0,1385.0
444.0,1597.0
445.0,1933.0
446.0,2222.0
447.0,3366.0
448.0,4435.0
449.0,3384.0
450.0,2125.0
451.0,1980.0
452.0,1559.0
453.0,1136.0
454.0,962.0
455.0,953.0
456.0,1088.0
457.0,1321.0
458.0,1650.0
459.0,1708.0
460.0,1448.0
461.0,1464.0
462.0,1608.0
463.0,1670.0
464.0,1860.0
465.0,2175.0
466.0,2225.0
467.0,2361.0
468.0,2637.0
469.0,2184.0
470.0,1996.0
471.0,2015.0
472.0,1786.0
473.0,1675.0
474.0,1981.0
475.0,2418.0
476.0,2478.0
477.0,2476.0
478.0,2098.0
479.0,2071.0
480.0,2253.0
481.0,2164.0
482.0,2043.0
483.0,1791.0
484.0,1371.0
485.0,1254.0
486.0,1234.0
487.0,1144.0
488.0,1162.0
489.0,1273.0
490.0,1390.0
491.0,1393.0
492.0,1483.0
493.0,1748.0
494.0,1645.0
495.0,1501.0
496.0,1481.0
497.0,1796.0
498.0,2756.0
499.0,3778.0
500.0,4074.0
501.0,3664.0
502.0,2574.0
503.0,1558.0
504.0,1239.0
505.0,1436.0
506.0,1950.0
507.0,1935.0
508.0,1704.0
509.0,2033.0
510.0,3619.0
511.0,7403.0
512.0,9013.0
513.0,5449.0
514.0,2357.0
515.0,1954.0
516.0,1899.0
517.0,2156.0
518.0,4341.0
519.0,7333.0
520.0,6471.0
521.0,3523.0
522.0,3270.0
523.0,4718.0
524.0,4836.0
525.0,3890.0
526.0,4501.0
527.0,6143.0
528.0,5802.0
529.0,3797.0
530.0,3314.0
531.0,3487.0
532.0,3064.0
533.0,2596.0
534.0,2118.0
535.0,1742.0
536.0,1440.0
537.0,1128.0
538.0,1145.0
539.0,1279.0
540.0,1265.0
541.0,1424.0
542.0,1728.0
543.0,1926.0
544.0,1902.0
545.0,2219.0
546.0,2617.0
547.0,2575.0
548.0,2608.0
549.0,2543.0
550.0,2315.0
551.0,2005.0
552.0,1952.0
553.0,2400.0
554.0,2513.0
555.0,2491.0
556.0,2345.0
557.0,1847.0
558.0,1547.0
559.0,1593.0
560.0,1619.0
561.0,2018.0
562.0,2630.0
563.0,2454.0
564.0,1881.0
565.0,1973.0
566.0,2199.0
567.0,2194.0
568.0,1952.0
569.0,1759.0
570.0,1984.0
571.0,2773.0
572.0,3129.0
573.0,3047.0
574.0,2879.0
575.0,2530.0
576.0,2376.0
577.0,3046.0
578.0,4735.0
579.0,7216.0
580.0,6257.0
581.0,3087.0
582.0,2265.0
583.0,2347.0
584.0,2051.0
585.0,2136.0
586.0,2605.0
587.0,2249.0
588.0,1848.0
589.0,2464.0
590.0,3121.0
591.0,2679.0
592.0,2043.0
593.0,2150.0
594.0,2214.0
595.0,2000.0
596.0,2080.0
597.0,2289.0
598.0,2635.0
599.0,2769.0
600.0,2711.0
601.0,2571.0
602.0,2130.0
603.0,1797.0
604.0,1864.0
605.0,2152.0
606.0,2185.0
607.0,2028.0
608.0,2089.0
609.0,2050.0
610.0,1879.0
611.0,1849.0
612.0,1864.0
613.0,2187.0
614.0,4029.0
615.0,6313.0
616.0,5557.0
617.0,3701.0
618.0,3210.0
619.0,2852.0
620.0,2805.0
621.0,3110.0
622.0,2871.0
623.0,2777.0
624.0,3085.0
625.0,2746.0
626.0,2094.0
627.0,1796.0
628.0,2188.0
629.0,2443.0
630.0,2036.0
631.0,1857.0
632.0,2283.0
633.0,2679.0
634.0,2584.0
635.0,2268.0
636.0,2599.0
637.0,2821.0
638.0,2680.0
639.0,2730.0
640.0,2431.0
641.0,2266.0
642.0,2293.0
643.0,2142.0
644.0,2200.0
645.0,2173.0
646.0,2125.0
647.0,2284.0
648.0,2298.0
649.0,1964.0
650.0,2017.0
651.0,1961.0
652.0,1744.0
653.0,1844.0
654.0,1967.0
655.0,2194.0
656.0,2294.0
657.0,2006.0
658.0,1808.0
659.0,1592.0
660.0,1933.0
661.0,2650.0
662.0,3122.0
663.0,2970.0
664.0,2558.0
665.0,2520.0
666.0,2541.0
667.0,2626.0
668.0,2516.0
669.0,1983.0
670.0,1932.0
671.0,2473.0
672.0,2849.0
673.0,2960.0
674.0,3342.0
675.0,3180.0
676.0,2626.0
677.0,2581.0
678.0,2411.0
679.0,2293.0
680.0,3330.0
681.0,4159.0
682.0,2924.0
683.0,1560.0
684.0,1487.0
685.0,1653.0
686.0,1725.0
687.0,1803.0
688.0,1865.0
689.0,2021.0
690.0,2415.0
691.0,2373.0
692.0,2124.0
693.0,2517.0
694.0,3413.0
695.0,4611.0
696.0,4200.0
697.0,2476.0
698.0,1846.0
699.0,2316.0
700.0,2343.0
701.0,1972.0
702.0,2220.0
703.0,2576.0
704.0,2637.0
705.0,2423.0
706.0,2467.0
707.0,2584.0
708.0,2268.0
709.0,1860.0
710.0,1797.0
711.0,2045.0
712.0,2612.0
713.0,3042.0
714.0,2973.0
715.0,3275.0
716.0,3653.0
717.0,3501.0
718.0,2731.0
719.0,1918.0
720.0,1725.0
721.0,1809.0
722.0,2222.0
723.0,2327.0
724.0,2175.0
725.0,2395.0
726.0,2725.0
727.0,2429.0
728.0,1945.0
729.0,1643.0
730.0,1959.0
731.0,2522.0
732.0,2368.0
733.0,2267.0
734.0,2499.0
735.0,2485.0
736.0,2559.0
737.0,3410.0
738.0,13411.0
739.0,46643.0
740.0,57941.0
741.0,31678.0
742.0,5668.0
743.0,2795.0
744.0,2472.0
745.0,2233.0
746.0,1726.0
747.0,1582.0
748.0,1800.0
749.0,1845.0
750.0,1921.0
751.0,1793.0
752.0,1604.0
753.0,1920.0
754.0,2493.0
755.0,2705.0
756.0,2788.0
757.0,2594.0
758.0,2485.0
759.0,2748.0
760.0,2791.0
761.0,2276.0
762.0,1884.0
763.0,1741.0
764.0,1646.0
765.0,1786.0
766.0,1872.0
767.0,2029.0
768.0,2323.0
769.0,2483.0
770.0,2769.0
771.0,2745.0
772.0,2203.0
773.0,1659.0
774.0,1601.0
775.0,1776.0
776.0,1638.0
777.0,1627.0
778.0,1721.0
779.0,1997.0
780.0,2465.0
781.0,2614.0
782.0,2429.0
783.0,2011.0
784.0,1864.0
785.0,1826.0
786.0,1948.0
787.0,3490.0
788.0,5882.0
789.0,4988.0
790.0,2418.0
791.0,2190.0
792.0,2458.0
793.0,2477.0
794.0,2101.0
795.0,1693.0
796.0,1530.0
797.0,1731.0
798.0,3087.0
799.0,4666.0
800.0,3950.0
801.0,2232.0
802.0,1687.0
803.0,1537.0
804.0,1523.0
805.0,1638.0
806.0,1674.0
807.0,2147.0
808.0,2796.0
809.0,2495.0
810.0,1899.0
811.0,2229.0
812.0,2592.0
813.0,2102.0
814.0,1322.0
815.0,1126.0
816.0,1254.0
817.0,1466.0
818.0,1597.0
819.0,1651.0
820.0,1783.0
821.0,1974.0
822.0,2662.0
823.0,4766.0
824.0,5573.0
825.0,3502.0
826.0,1770.0
827.0,1499.0
828.0,1268.0
829.0,1172.0
830.0,1325.0
831.0,1479.0
832.0,1341.0
833.0,1395.0
834.0,1431.0
835.0,1526.0
836.0,2063.0
837.0,2269.0
838.0,1878.0
839.0,1660.0
840.0,1757.0
841.0,1824.0
842.0,1880.0
843.0,1508.0
844.0,1080.0
845.0,1203.0
846.0,1854.0
847.0,2443.0
848.0,2015.0
849.0,1428.0
850.0,1472.0
851.0,1526.0
852.0,1628.0
853.0,1470.0
854.0,1068.0
855.0,917.0
856.0,931.0
857.0,1115.0
858.0,1237.0
859.0,1407.0
860.0,1507.0
861.0,1465.0
862.0,1301.0
863.0,1407.0
864.0,1856.0
865.0,2404.0
866.0,2201.0
867.0,1822.0
868.0,1809.0
869.0,1614.0
870.0,1295.0
871.0,1090.0
872.0,1205.0
873.0,1459.0
874.0,1428.0
875.0,1125.0
876.0,969.0
877.0,1276.0
878.0,1755.0
879.0,1900.0
880.0,1794.0
881.0,1659.0
882.0,1861.0
883.0,2276.0
884.0,2030.0
885.0,1319.0
886.0,1171.0
887.0,1556.0
888.0,1718.0
889.0,1466.0
890.0,1535.0
891.0,1522.0
892.0,1081.0
893.0,928.0
894.0,1117.0
895.0,1485.0
896.0,1479.0
897.0,1002.0
898.0,761.0
899.0,790.0
900.0,1124.0
901.0,1727.0
902.0,1998.0
903.0,2104.0
904.0,1822.0
905.0,1228.0
906.0,992.0
907.0,1170.0
908.0,1202.0
909.0,1033.0
910.0,935.0
911.0,960.0
912.0,1047.0
913.0,1305.0
914.0,1913.0
915.0,2183.0
916.0,1876.0
917.0,1494.0
918.0,1698.0
919.0,2359.0
920.0,5960.0
921.0,10416.0
922.0,9365.0
923.0,6588.0
924.0,7837.0
925.0,6621.0
926.0,3478.0
927.0,3441.0
928.0,5883.0
929.0,6693.0
930.0,3489.0
931.0,1185.0
932.0,974.0
933.0,1899.0
934.0,5732.0
935.0,8319.0
936.0,5286.0
937.0,3136.0
938.0,4558.0
939.0,4465.0
940.0,2922.0
941.0,3474.0
942.0,7426.0
943.0,9790.0
944.0,6249.0
945.0,2468.0
946.0,1439.0
947.0,1362.0
948.0,1885.0
949.0,4678.0
950.0,8634.0
951.0,9607.0
952.0,7248.0
953.0,3587.0
954.0,1404.0
955.0,1264.0
956.0,1292.0
957.0,2394.0
958.0,6193.0
959.0,7495.0
960.0,4696.0
961.0,3710.0
962.0,5480.0
963.0,6149.0
964.0,3230.0
965.0,1239.0
966.0,1007.0
967.0,2138.0
968.0,6185.0
969.0,7983.0
970.0,4370.0
971.0,1868.0
972.0,2259.0
973.0,3379.0
974.0,4490.0
975.0,6195.0
976.0,5127.0
977.0,2242.0
978.0,1390.0
979.0,3081.0
980.0,7743.0
981.0,7869.0
982.0,3461.0
983.0,1230.0
984.0,804.0
985.0,868.0
986.0,1502.0
987.0,2793.0
988.0,3751.0
989.0,5189.0
990.0,4970.0
991.0,2167.0
992.0,2202.0
993.0,6166.0
994.0,8170.0
995.0,4099.0
996.0,1265.0
997.0,1169.0
998.0,1464.0
999.0,1572.0
1000.0,1395.0
1001.0,1178.0
1002.0,2042.0
1003.0,3212.0
1004.0,3538.0
1005.0,4592.0
1006.0,4027.0
1007.0,2952.0
1008.0,6064.0
1009.0,8080.0
1010.0,4468.0
1011.0,1936.0
1012.0,1625.0
1013.0,1331.0
1014.0,1044.0
1015.0,936.0
1016.0,854.0
1017.0,717.0
1018.0,726.0
1019.0,1314.0
1020.0,2632.0
1021.0,3039.0
1022.0,3839.0
1023.0,4753.0
