0.0,58.0
1.0,91.0
2.0,108.0
3.0,153.0
4.0,128.0
5.0,121.0
6.0,113.0
7.0,125.0
8.0,139.0
9.0,141.0
10.0,142.0
11.0,142.0
12.0,150.0
13.0,145.0
14.0,128.0
15.0,99.0
16.0,96.0
17.0,100.0
18.0,104.0
19.0,137.0
20.0,149.0
21.0,165.0
22.0,160.0
23.0,156.0
24.0,151.0
25.0,126.0
26.0,139.0
27.0,184.0
28.0,171.0
29.0,153.0
30.0,142.0
31.0,161.0
32.0,204.0
33.0,237.0
34.0,188.0
35.0,173.0
36.0,168.0
37.0,172.0
38.0,184.0
39.0,178.0
40.0,173.0
41.0,170.0
42.0,168.0
43.0,152.0
44.0,119.0
45.0,144.0
46.0,169.0
47.0,162.0
48.0,145.0
49.0,165.0
50.0,177.0
51.0,155.0
52.0,136.0
53.0,181.0
54.0,186.0
55.0,179.0
56.0,187.0
57.0,211.0
58.0,194.0
59.0,153.0
60.0,227.0
61.0,268.0
62.0,281.0
63.0,256.0
64.0,223.0
65.0,251.0
66.0,273.0
67.0,260.0
68.0,242.0
69.0,215.0
70.0,226.0
71.0,273.0
72.0,299.0
73.0,283.0
74.0,239.0
75.0,238.0
76.0,216.0
77.0,183.0
78.0,193.0
79.0,211.0
80.0,299.0
81.0,297.0
82.0,250.0
83.0,254.0
84.0,282.0
85.0,239.0
86.0,235.0
87.0,253.0
88.0,295.0
89.0,276.0
90.0,274.0
91.0,273.0
92.0,308.0
93.0,300.0
94.0,326.0
95.0,358.0
96.0,370.0
97.0,288.0
98.0,275.0
99.0,300.0
100.0,296.0
101.0,284.0
102.0,244.0
103.0,227.0
104.0,224.0
105.0,280.0
106.0,293.0
107.0,318.0
108.0,330.0
109.0,295.0
110.0,228.0
111.0,219.0
112.0,254.0
113.0,256.0
114.0,294.0
115.0,281.0
116.0,271.0
117.0,268.0
118.0,299.0
119.0,392.0
120.0,441.0
121.0,370.0
122.0,315.0
123.0,405.0
124.0,529.0
125.0,562.0
126.0,572.0
127.0,449.0
128.0,375.0
129.0,418.0
130.0,471.0
131.0,505.0
132.0,436.0
133.0,341.0
134.0,286.0
135.0,279.0
136.0,281.0
137.0,297.0
138.0,322.0
139.0,363.0
140.0,423.0
141.0,402.0
142.0,403.0
143.0,593.0
144.0,1329.0
145.0,2008.0
146.0,1415.0
147.0,900.0
148.0,2257.0
149.0,4451.0
150.0,3488.0
151.0,1114.0
152.0,453.0
153.0,415.0
154.0,423.0
155.0,401.0
156.0,390.0
157.0,376.0
158.0,392.0
159.0,391.0
160.0,446.0
161.0,536.0
162.0,653.0
163.0,624.0
164.0,546.0
165.0,454.0
166.0,402.0
167.0,401.0
168.0,460.0
169.0,538.0
170.0,506.0
171.0,424.0
172.0,359.0
173.0,491.0
174.0,552.0
175.0,526.0
176.0,477.0
177.0,537.0
178.0,635.0
179.0,675.0
180.0,554.0
181.0,410.0
182.0,457.0
183.0,598.0
184.0,696.0
185.0,602.0
186.0,511.0
187.0,524.0
188.0,568.0
189.0,599.0
190.0,606.0
191.0,493.0
192.0,415.0
193.0,507.0
194.0,1026.0
195.0,1880.0
196.0,1629.0
197.0,884.0
198.0,771.0
199.0,661.0
200.0,581.0
201.0,511.0
202.0,489.0
203.0,477.0
204.0,531.0
205.0,633.0
206.0,628.0
207.0,693.0
208.0,909.0
209.0,968.0
210.0,887.0
211.0,708.0
212.0,534.0
213.0,487.0
214.0,490.0
215.0,540.0
216.0,560.0
217.0,514.0
218.0,583.0
219.0,764.0
220.0,870.0
221.0,744.0
222.0,755.0
223.0,833.0
224.0,875.0
225.0,789.0
226.0,648.0
227.0,685.0
228.0,759.0
229.0,637.0
230.0,565.0
231.0,594.0
232.0,664.0
233.0,715.0
234.0,753.0
235.0,795.0
236.0,795.0
237.0,814.0
238.0,673.0
239.0,604.0
240.0,586.0
241.0,636.0
242.0,668.0
243.0,573.0
244.0,512.0
245.0,510.0
246.0,576.0
247.0,625.0
248.0,673.0
249.0,690.0
250.0,737.0
251.0,787.0
252.0,880.0
253.0,1717.0
254.0,2903.0
255.0,2242.0
256.0,948.0
257.0,720.0
258.0,909.0
259.0,908.0
260.0,839.0
261.0,920.0
262.0,809.0
263.0,642.0
264.0,624.0
265.0,705.0
266.0,906.0
267.0,960.0
268.0,909.0
269.0,799.0
270.0,853.0
271.0,778.0
272.0,705.0
273.0,729.0
274.0,738.0
275.0,739.0
276.0,763.0
277.0,701.0
278.0,725.0
279.0,845.0
280.0,886.0
281.0,880.0
282.0,761.0
283.0,822.0
284.0,982.0
285.0,1013.0
286.0,828.0
287.0,755.0
288.0,671.0
289.0,648.0
290.0,768.0
291.0,783.0
292.0,782.0
293.0,838.0
294.0,847.0
295.0,814.0
296.0,860.0
297.0,1065.0
298.0,1034.0
299.0,811.0
300.0,727.0
301.0,767.0
302.0,793.0
303.0,979.0
304.0,1009.0
305.0,785.0
306.0,923.0
307.0,1107.0
308.0,932.0
309.0,846.0
310.0,814.0
311.0,692.0
312.0,707.0
313.0,823.0
314.0,772.0
315.0,869.0
316.0,927.0
317.0,776.0
318.0,710.0
319.0,688.0
320.0,726.0
321.0,872.0
322.0,995.0
323.0,911.0
324.0,720.0
325.0,769.0
326.0,890.0
327.0,929.0
328.0,841.0
329.0,696.0
330.0,722.0
331.0,759.0
332.0,864.0
333.0,971.0
334.0,941.0
335.0,909.0
336.0,1015.0
337.0,1203.0
338.0,1253.0
339.0,1593.0
340.0,4011.0
341.0,10636.0
342.0,11130.0
343.0,4660.0
344.0,1423.0
345.0,1168.0
346.0,1103.0
347.0,952.0
348.0,788.0
349.0,792.0
350.0,902.0
351.0,1049.0
352.0,1045.0
353.0,1011.0
354.0,1067.0
355.0,1202.0
356.0,1080.0
357.0,845.0
358.0,825.0
359.0,866.0
360.0,829.0
361.0,880.0
362.0,1237.0
363.0,1179.0
364.0,1055.0
365.0,1347.0
366.0,1573.0
367.0,1463.0
368.0,1385.0
369.0,1503.0
370.0,1667.0
371.0,1956.0
372.0,2267.0
373.0,2694.0
374.0,2959.0
375.0,31298.0
376.0,57081.0
377.0,79573.0
378.0,94850.0
379.0,110174.0
380.0,123219.0
381.0,132278.0
382.0,149521.0
383.0,138178.0
384.0,131378.0
385.0,124446.0
386.0,103223.0
387.0,93794.0
388.0,90506.0
389.0,58657.0
390.0,52770.0
391.0,27967.0
392.0,1432.0
393.0,1289.0
394.0,1246.0
395.0,1343.0
396.0,2046.0
397.0,3755.0
398.0,4838.0
399.0,3281.0
400.0,1415.0
401.0,1322.0
402.0,1246.0
403.0,1131.0
404.0,1070.0
405.0,1002.0
406.0,1011.0
407.0,1334.0
408.0,1794.0
409.0,1864.0
410.0,1664.0
411.0,1461.0
412.0,1041.0
413.0,936.0
414.0,1050.0
415.0,1065.0
416.0,982.0
417.0,900.0
418.0,996.0
419.0,1238.0
420.0,1356.0
421.0,1131.0
422.0,1021.0
423.0,1040.0
424.0,1073.0
425.0,1081.0
426.0,1178.0
427.0,1282.0
428.0,1465.0
429.0,1277.0
430.0,1101.0
431.0,1348.0
432.0,1903.0
433.0,4781.0
434.0,24215.0
435.0,51152.0
436.0,36587.0
437.0,8237.0
438.0,2086.0
439.0,1456.0
440.0,1427.0
441.0,1326.0
442.0,1175.0
443.0,1015.0
444.0,1072.0
445.0,1313.0
446.0,1318.0
447.0,1256.0
448.0,1691.0
449.0,1579.0
450.0,1137.0
451.0,1006.0
452.0,1023.0
453.0,1154.0
454.0,1143.0
455.0,1139.0
456.0,1471.0
457.0,3045.0
458.0,3826.0
459.0,2256.0
460.0,1093.0
461.0,1249.0
462.0,1757.0
463.0,2146.0
464.0,1796.0
465.0,1327.0
466.0,1228.0
467.0,1205.0
468.0,1093.0
469.0,1175.0
470.0,1408.0
471.0,1481.0
472.0,1318.0
473.0,1104.0
474.0,1460.0
475.0,1610.0
476.0,1248.0
477.0,1076.0
478.0,950.0
479.0,818.0
480.0,960.0
481.0,1219.0
482.0,1436.0
483.0,1359.0
484.0,1006.0
485.0,833.0
486.0,819.0
487.0,790.0
488.0,1030.0
489.0,1722.0
490.0,1840.0
491.0,1345.0
492.0,1111.0
493.0,943.0
494.0,931.0
495.0,1117.0
496.0,1436.0
497.0,1913.0
498.0,1871.0
499.0,1220.0
500.0,1041.0
501.0,1271.0
502.0,1087.0
503.0,766.0
504.0,716.0
505.0,768.0
506.0,725.0
507.0,742.0
508.0,875.0
509.0,1141.0
510.0,1408.0
511.0,1664.0
512.0,1817.0
513.0,1835.0
514.0,1566.0
515.0,1667.0
516.0,1756.0
517.0,2616.0
518.0,9974.0
519.0,20316.0
520.0,14195.0
521.0,2966.0
522.0,951.0
523.0,1099.0
524.0,1100.0
525.0,1055.0
526.0,1277.0
527.0,1296.0
528.0,1304.0
529.0,2326.0
530.0,3958.0
531.0,2895.0
532.0,1467.0
533.0,1265.0
534.0,1082.0
535.0,1062.0
536.0,1150.0
537.0,1249.0
538.0,1574.0
539.0,1627.0
540.0,1891.0
541.0,2274.0
542.0,2467.0
543.0,2499.0
544.0,2117.0
545.0,1500.0
546.0,1224.0
547.0,1221.0
548.0,1198.0
549.0,1295.0
550.0,1144.0
551.0,975.0
552.0,967.0
553.0,1252.0
554.0,1685.0
555.0,1524.0
556.0,1030.0
557.0,1133.0
558.0,1381.0
559.0,1632.0
560.0,2258.0
561.0,2066.0
562.0,1270.0
563.0,1220.0
564.0,1510.0
565.0,1622.0
566.0,1364.0
567.0,958.0
568.0,791.0
569.0,947.0
570.0,1186.0
571.0,969.0
572.0,687.0
573.0,789.0
574.0,993.0
575.0,1124.0
576.0,1195.0
577.0,1181.0
578.0,1045.0
579.0,996.0
580.0,1033.0
581.0,1101.0
582.0,1246.0
583.0,1196.0
584.0,1296.0
585.0,1605.0
586.0,1481.0
587.0,1462.0
588.0,2651.0
589.0,3010.0
590.0,1867.0
591.0,1329.0
592.0,1426.0
593.0,1153.0
594.0,870.0
595.0,893.0
596.0,921.0
597.0,883.0
598.0,696.0
599.0,753.0
600.0,838.0
601.0,848.0
602.0,864.0
603.0,984.0
604.0,1337.0
605.0,1990.0
606.0,1955.0
607.0,1816.0
608.0,1691.0
609.0,1157.0
610.0,828.0
611.0,856.0
612.0,1145.0
613.0,1463.0
614.0,1390.0
615.0,1335.0
616.0,1325.0
617.0,1135.0
618.0,1020.0
619.0,1010.0
620.0,905.0
621.0,858.0
622.0,953.0
623.0,886.0
624.0,879.0
625.0,950.0
626.0,913.0
627.0,950.0
628.0,1509.0
629.0,2154.0
630.0,2422.0
631.0,2025.0
632.0,1576.0
633.0,1321.0
634.0,1860.0
635.0,2196.0
636.0,1764.0
637.0,1216.0
638.0,920.0
639.0,924.0
640.0,1075.0
641.0,1183.0
642.0,1358.0
643.0,1554.0
644.0,1538.0
645.0,1474.0
646.0,1378.0
647.0,1860.0
648.0,2405.0
649.0,1945.0
650.0,1150.0
651.0,984.0
652.0,1131.0
653.0,1136.0
654.0,949.0
655.0,738.0
656.0,738.0
657.0,1011.0
658.0,1489.0
659.0,1668.0
660.0,1445.0
661.0,1096.0
662.0,931.0
663.0,993.0
664.0,970.0
665.0,1066.0
666.0,1169.0
667.0,1028.0
668.0,1089.0
669.0,1695.0
670.0,2140.0
671.0,2145.0
672.0,2076.0
673.0,1779.0
674.0,1251.0
675.0,904.0
676.0,949.0
677.0,1457.0
678.0,2186.0
679.0,1994.0
680.0,1347.0
681.0,1239.0
682.0,2614.0
683.0,11402.0
684.0,19739.0
685.0,11308.0
686.0,2543.0
687.0,2167.0
688.0,2391.0
689.0,1888.0
690.0,1486.0
691.0,1233.0
692.0,1255.0
693.0,1546.0
694.0,1488.0
695.0,1385.0
696.0,1382.0
697.0,1253.0
698.0,1152.0
699.0,1324.0
700.0,1753.0
701.0,4891.0
702.0,18867.0
703.0,26440.0
704.0,12380.0
705.0,2259.0
706.0,2004.0
707.0,1757.0
708.0,1136.0
709.0,1238.0
710.0,1580.0
711.0,1460.0
712.0,1458.0
713.0,1623.0
714.0,1619.0
715.0,1248.0
716.0,977.0
717.0,1050.0
718.0,1479.0
719.0,2267.0
720.0,2338.0
721.0,1779.0
722.0,1834.0
723.0,1673.0
724.0,1304.0
725.0,1535.0
726.0,1816.0
727.0,1660.0
728.0,1608.0
729.0,1551.0
730.0,1287.0
731.0,1163.0
732.0,1122.0
733.0,1172.0
734.0,1312.0
735.0,1503.0
736.0,1794.0
737.0,1681.0
738.0,1378.0
739.0,1383.0
740.0,1801.0
741.0,2225.0
742.0,2071.0
743.0,1515.0
744.0,1184.0
745.0,1325.0
746.0,1568.0
747.0,1654.0
748.0,1491.0
749.0,1358.0
750.0,1316.0
751.0,1168.0
752.0,1254.0
753.0,1632.0
754.0,1736.0
755.0,1907.0
756.0,2364.0
757.0,2420.0
758.0,2464.0
759.0,2254.0
760.0,1761.0
761.0,1886.0
762.0,1965.0
763.0,1679.0
764.0,1868.0
765.0,2004.0
766.0,1594.0
767.0,1364.0
768.0,1255.0
769.0,1265.0
770.0,1513.0
771.0,1869.0
772.0,2045.0
773.0,2107.0
774.0,1689.0
775.0,1220.0
776.0,1327.0
777.0,1737.0
778.0,1801.0
779.0,1610.0
780.0,1567.0
781.0,1830.0
782.0,1844.0
783.0,1600.0
784.0,1657.0
785.0,1470.0
786.0,1477.0
787.0,1931.0
788.0,2012.0
789.0,1820.0
790.0,1839.0
791.0,1742.0
792.0,1569.0
793.0,1675.0
794.0,2271.0
795.0,2717.0
796.0,2260.0
797.0,1776.0
798.0,1955.0
799.0,1938.0
800.0,1711.0
801.0,1686.0
802.0,2571.0
803.0,3114.0
804.0,1948.0
805.0,1322.0
806.0,1358.0
807.0,1325.0
808.0,1399.0
809.0,1670.0
810.0,1552.0
811.0,1296.0
812.0,1326.0
813.0,1589.0
814.0,1754.0
815.0,1858.0
816.0,2217.0
817.0,3646.0
818.0,3930.0
819.0,2137.0
820.0,1248.0
821.0,1139.0
822.0,1539.0
823.0,2155.0
824.0,1753.0
825.0,1569.0
826.0,1900.0
827.0,1597.0
828.0,1489.0
829.0,2133.0
830.0,3004.0
831.0,2513.0
832.0,1783.0
833.0,1632.0
834.0,1413.0
835.0,1208.0
836.0,1071.0
837.0,1193.0
838.0,1380.0
839.0,1683.0
840.0,1694.0
841.0,1491.0
842.0,1520.0
843.0,1530.0
844.0,1610.0
845.0,1502.0
846.0,1359.0
847.0,1444.0
848.0,1192.0
849.0,957.0
850.0,955.0
851.0,1124.0
852.0,1571.0
853.0,1441.0
854.0,1628.0
855.0,2157.0
856.0,1798.0
857.0,1261.0
858.0,1372.0
859.0,1552.0
860.0,1335.0
861.0,1198.0
862.0,1757.0
863.0,2455.0
864.0,2105.0
865.0,1757.0
866.0,1594.0
867.0,1406.0
868.0,1467.0
869.0,2051.0
870.0,8219.0
871.0,50188.0
872.0,66724.0
873.0,55606.0
874.0,17149.0
875.0,2152.0
876.0,1460.0
877.0,1436.0
878.0,1592.0
879.0,1427.0
880.0,1462.0
881.0,2737.0
882.0,3272.0
883.0,2152.0
884.0,1816.0
885.0,1853.0
886.0,1658.0
887.0,1734.0
888.0,1603.0
889.0,1584.0
890.0,1513.0
891.0,1283.0
892.0,1168.0
893.0,1498.0
894.0,2036.0
895.0,1808.0
896.0,1358.0
897.0,1255.0
898.0,1414.0
899.0,1235.0
900.0,1008.0
901.0,1050.0
902.0,1178.0
903.0,1246.0
904.0,2310.0
905.0,7228.0
906.0,8316.0
907.0,3341.0
908.0,1216.0
909.0,1204.0
910.0,1212.0
911.0,1257.0
912.0,1305.0
913.0,1278.0
914.0,1369.0
915.0,1687.0
916.0,2061.0
917.0,1796.0
918.0,1428.0
919.0,1174.0
920.0,868.0
921.0,1107.0
922.0,1812.0
923.0,1854.0
924.0,1591.0
925.0,1251.0
926.0,895.0
927.0,1013.0
928.0,1248.0
929.0,1103.0
930.0,893.0
931.0,1079.0
932.0,1100.0
933.0,811.0
934.0,760.0
935.0,968.0
936.0,1013.0
937.0,1038.0
938.0,946.0
939.0,931.0
940.0,1023.0
941.0,1025.0
942.0,1044.0
943.0,1351.0
944.0,1592.0
945.0,1674.0
946.0,1418.0
947.0,1204.0
948.0,1263.0
949.0,1519.0
950.0,1587.0
951.0,2134.0
952.0,3041.0
953.0,2743.0
954.0,1862.0
955.0,1662.0
956.0,1325.0
957.0,1081.0
958.0,1024.0
959.0,1050.0
960.0,1007.0
961.0,816.0
962.0,783.0
963.0,838.0
964.0,829.0
965.0,1015.0
966.0,1108.0
967.0,1140.0
968.0,1040.0
969.0,1081.0
970.0,1272.0
971.0,1276.0
972.0,1147.0
973.0,1198.0
974.0,1365.0
975.0,1149.0
976.0,992.0
977.0,987.0
978.0,1095.0
979.0,1320.0
980.0,1901.0
981.0,2732.0
982.0,2582.0
983.0,2368.0
984.0,2000.0
985.0,1139.0
986.0,989.0
987.0,1448.0
988.0,2088.0
989.0,1885.0
990.0,1266.0
991.0,913.0
992.0,1183.0
993.0,1357.0
994.0,1176.0
995.0,1644.0
996.0,2690.0
997.0,2424.0
998.0,1174.0
999.0,794.0
1000.0,1149.0
1001.0,2070.0
1002.0,2024.0
1003.0,1297.0
1004.0,913.0
1005.0,728.0
1006.0,821.0
1007.0,1633.0
1008.0,1943.0
1009.0,1237.0
1010.0,902.0
1011.0,898.0
1012.0,1077.0
1013.0,1749.0
1014.0,2142.0
1015.0,1719.0
1016.0,2156.0
1017.0,2141.0
1018.0,1344.0
1019.0,1154.0
1020.0,1050.0
1021.0,732.0
1022.0,602.0
1023.0,652.0
