0.0,37.0
1.0,43.0
2.0,41.0
3.0,45.0
4.0,56.0
5.0,55.0
6.0,55.0
7.0,61.0
8.0,33.0
9.0,60.0
10.0,62.0
11.0,66.0
12.0,55.0
13.0,57.0
14.0,55.0
15.0,56.0
16.0,73.0
17.0,70.0
18.0,62.0
19.0,77.0
20.0,54.0
21.0,64.0
22.0,75.0
23.0,68.0
24.0,66.0
25.0,78.0
26.0,67.0
27.0,87.0
28.0,91.0
29.0,86.0
30.0,73.0
31.0,79.0
32.0,77.0
33.0,86.0
34.0,78.0
35.0,71.0
36.0,82.0
37.0,77.0
38.0,94.0
39.0,102.0
40.0,114.0
41.0,93.0
42.0,108.0
43.0,86.0
44.0,86.0
45.0,112.0
46.0,110.0
47.0,108.0
48.0,101.0
49.0,107.0
50.0,106.0
51.0,99.0
52.0,98.0
53.0,110.0
54.0,124.0
55.0,138.0
56.0,127.0
57.0,106.0
58.0,102.0
59.0,128.0
60.0,125.0
61.0,109.0
62.0,103.0
63.0,114.0
64.0,181.0
65.0,273.0
66.0,211.0
67.0,166.0
68.0,132.0
69.0,152.0
70.0,163.0
71.0,170.0
72.0,184.0
73.0,174.0
74.0,189.0
75.0,178.0
76.0,185.0
77.0,178.0
78.0,162.0
79.0,172.0
80.0,151.0
81.0,145.0
82.0,149.0
83.0,166.0
84.0,173.0
85.0,199.0
86.0,181.0
87.0,183.0
88.0,187.0
89.0,212.0
90.0,229.0
91.0,229.0
92.0,227.0
93.0,204.0
94.0,227.0
95.0,204.0
96.0,178.0
97.0,175.0
98.0,159.0
99.0,187.0
100.0,185.0
101.0,222.0
102.0,211.0
103.0,191.0
104.0,224.0
105.0,235.0
106.0,250.0
107.0,282.0
108.0,230.0
109.0,193.0
110.0,209.0
111.0,224.0
112.0,291.0
113.0,341.0
114.0,332.0
115.0,289.0
116.0,226.0
117.0,263.0
118.0,276.0
119.0,274.0
120.0,239.0
121.0,206.0
122.0,185.0
123.0,179.0
124.0,211.0
125.0,222.0
126.0,309.0
127.0,364.0
128.0,348.0
129.0,364.0
130.0,422.0
131.0,315.0
132.0,254.0
133.0,262.0
134.0,310.0
135.0,359.0
136.0,360.0
137.0,344.0
138.0,271.0
139.0,274.0
140.0,290.0
141.0,309.0
142.0,310.0
143.0,320.0
144.0,346.0
145.0,364.0
146.0,485.0
147.0,532.0
148.0,441.0
149.0,299.0
150.0,269.0
151.0,290.0
152.0,386.0
153.0,499.0
154.0,495.0
155.0,431.0
156.0,410.0
157.0,472.0
158.0,488.0
159.0,551.0
160.0,561.0
161.0,479.0
162.0,527.0
163.0,643.0
164.0,551.0
165.0,520.0
166.0,643.0
167.0,663.0
168.0,527.0
169.0,387.0
170.0,324.0
171.0,317.0
172.0,353.0
173.0,471.0
174.0,576.0
175.0,483.0
176.0,484.0
177.0,659.0
178.0,631.0
179.0,612.0
180.0,732.0
181.0,762.0
182.0,634.0
183.0,526.0
184.0,400.0
185.0,362.0
186.0,348.0
187.0,384.0
188.0,453.0
189.0,682.0
190.0,994.0
191.0,1152.0
192.0,875.0
193.0,529.0
194.0,513.0
195.0,562.0
196.0,661.0
197.0,857.0
198.0,940.0
199.0,755.0
200.0,599.0
201.0,664.0
202.0,640.0
203.0,649.0
204.0,495.0
205.0,455.0
206.0,537.0
207.0,790.0
208.0,1021.0
209.0,892.0
210.0,645.0
211.0,664.0
212.0,762.0
213.0,780.0
214.0,827.0
215.0,834.0
216.0,670.0
217.0,580.0
218.0,619.0
219.0,678.0
220.0,811.0
221.0,760.0
222.0,570.0
223.0,563.0
224.0,722.0
225.0,773.0
226.0,956.0
227.0,1118.0
228.0,916.0
229.0,935.0
230.0,1042.0
231.0,834.0
232.0,740.0
233.0,1051.0
234.0,1240.0
235.0,1008.0
236.0,729.0
237.0,759.0
238.0,813.0
239.0,788.0
240.0,773.0
241.0,663.0
242.0,538.0
243.0,636.0
244.0,638.0
245.0,738.0
246.0,924.0
247.0,901.0
248.0,928.0
249.0,1138.0
250.0,1062.0
251.0,1053.0
252.0,1229.0
253.0,1313.0
254.0,1112.0
255.0,842.0
256.0,805.0
257.0,843.0
258.0,770.0
259.0,1053.0
260.0,1586.0
261.0,1622.0
262.0,1318.0
263.0,1184.0
264.0,1244.0
265.0,1387.0
266.0,1604.0
267.0,1402.0
268.0,891.0
269.0,749.0
270.0,844.0
271.0,891.0
272.0,901.0
273.0,753.0
274.0,621.0
275.0,828.0
276.0,1037.0
277.0,993.0
278.0,934.0
279.0,1276.0
280.0,1471.0
281.0,1303.0
282.0,1047.0
283.0,1252.0
284.0,1500.0
285.0,1381.0
286.0,1067.0
287.0,1046.0
288.0,1160.0
289.0,1287.0
290.0,1586.0
291.0,1916.0
292.0,1735.0
293.0,1229.0
294.0,837.0
295.0,679.0
296.0,771.0
297.0,917.0
298.0,931.0
299.0,803.0
300.0,857.0
301.0,1064.0
302.0,1035.0
303.0,1053.0
304.0,1810.0
305.0,2211.0
306.0,1665.0
307.0,1232.0
308.0,1357.0
309.0,1360.0
310.0,1344.0
311.0,1193.0
312.0,1168.0
313.0,1352.0
314.0,1264.0
315.0,1000.0
316.0,998.0
317.0,991.0
318.0,957.0
319.0,988.0
320.0,1262.0
321.0,1558.0
322.0,1578.0
323.0,1511.0
324.0,1231.0
325.0,1197.0
326.0,1868.0
327.0,2540.0
328.0,2177.0
329.0,1630.0
330.0,1404.0
331.0,1667.0
332.0,1913.0
333.0,1707.0
334.0,1085.0
335.0,938.0
336.0,1221.0
337.0,1314.0
338.0,1172.0
339.0,1035.0
340.0,1050.0
341.0,1162.0
342.0,1579.0
343.0,1902.0
344.0,1879.0
345.0,1637.0
346.0,1267.0
347.0,1323.0
348.0,1799.0
349.0,1935.0
350.0,2270.0
351.0,2183.0
352.0,1675.0
353.0,1298.0
354.0,1107.0
355.0,1108.0
356.0,1118.0
357.0,1108.0
358.0,1206.0
359.0,1374.0
360.0,1501.0
361.0,1481.0
362.0,1736.0
363.0,2112.0
364.0,1924.0
365.0,1389.0
366.0,1304.0
367.0,1204.0
368.0,1190.0
369.0,1202.0
370.0,1374.0
371.0,1762.0
372.0,1998.0
373.0,2076.0
374.0,2293.0
375.0,2625.0
376.0,2533.0
377.0,1936.0
378.0,1633.0
379.0,1571.0
380.0,1958.0
381.0,2509.0
382.0,2751.0
383.0,2070.0
384.0,1439.0
385.0,1501.0
386.0,1824.0
387.0,1798.0
388.0,1536.0
389.0,1510.0
390.0,1374.0
391.0,1186.0
392.0,1115.0
393.0,1404.0
394.0,1634.0
395.0,1801.0
396.0,2052.0
397.0,2426.0
398.0,2133.0
399.0,1779.0
400.0,1873.0
401.0,2409.0
402.0,2576.0
403.0,1882.0
404.0,1460.0
405.0,1369.0
406.0,1313.0
407.0,1287.0
408.0,1343.0
409.0,1681.0
410.0,1932.0
411.0,1729.0
412.0,1604.0
413.0,1720.0
414.0,2317.0
415.0,2600.0
416.0,2381.0
417.0,1695.0
418.0,1557.0
419.0,1579.0
420.0,1468.0
421.0,1405.0
422.0,1496.0
423.0,2061.0
424.0,2998.0
425.0,3418.0
426.0,3028.0
427.0,2393.0
428.0,2126.0
429.0,2805.0
430.0,3359.0
431.0,2495.0
432.0,1787.0
433.0,1790.0
434.0,1864.0
435.0,1819.0
436.0,1826.0
437.0,2447.0
438.0,2951.0
439.0,2554.0
440.0,2132.0
441.0,2173.0
442.0,2196.0
443.0,2131.0
444.0,1990.0
445.0,1687.0
446.0,1659.0
447.0,1936.0
448.0,1939.0
449.0,1523.0
450.0,1054.0
451.0,931.0
452.0,933.0
453.0,1107.0
454.0,1450.0
455.0,1795.0
456.0,1942.0
457.0,2002.0
458.0,1821.0
459.0,1798.0
460.0,2268.0
461.0,2482.0
462.0,2238.0
463.0,2315.0
464.0,2423.0
465.0,2207.0
466.0,2017.0
467.0,1787.0
468.0,1499.0
469.0,1546.0
470.0,1655.0
471.0,1772.0
472.0,2155.0
473.0,2476.0
474.0,2858.0
475.0,3086.0
476.0,2756.0
477.0,2391.0
478.0,2186.0
479.0,1797.0
480.0,1830.0
481.0,2135.0
482.0,2104.0
483.0,1890.0
484.0,1902.0
485.0,2298.0
486.0,3020.0
487.0,3880.0
488.0,3470.0
489.0,2625.0
490.0,2280.0
491.0,2151.0
492.0,2062.0
493.0,1665.0
494.0,1686.0
495.0,2103.0
496.0,2175.0
497.0,1880.0
498.0,1739.0
499.0,1650.0
500.0,1721.0
501.0,1868.0
502.0,1926.0
503.0,1875.0
504.0,1796.0
505.0,1681.0
506.0,1536.0
507.0,1566.0
508.0,2047.0
509.0,2867.0
510.0,3093.0
511.0,2549.0
512.0,1970.0
513.0,1885.0
514.0,1953.0
515.0,2056.0
516.0,2210.0
517.0,2497.0
518.0,2835.0
519.0,2334.0
520.0,1653.0
521.0,1344.0
522.0,1539.0
523.0,2171.0
524.0,2557.0
525.0,2718.0
526.0,2475.0
527.0,2010.0
528.0,1694.0
529.0,1895.0
530.0,2354.0
531.0,2898.0
532.0,2959.0
533.0,3211.0
534.0,3496.0
535.0,3155.0
536.0,2779.0
537.0,2458.0
538.0,2002.0
539.0,1872.0
540.0,2156.0
541.0,2438.0
542.0,2035.0
543.0,1640.0
544.0,1723.0
545.0,1745.0
546.0,1598.0
547.0,1620.0
548.0,1770.0
549.0,1940.0
550.0,1944.0
551.0,1817.0
552.0,1832.0
553.0,2183.0
554.0,2596.0
555.0,2533.0
556.0,2020.0
557.0,1640.0
558.0,2030.0
559.0,2421.0
560.0,2320.0
561.0,2453.0
562.0,2575.0
563.0,2022.0
564.0,1755.0
565.0,1877.0
566.0,1793.0
567.0,1617.0
568.0,2031.0
569.0,2906.0
570.0,3135.0
571.0,2493.0
572.0,2256.0
573.0,2137.0
574.0,2126.0
575.0,2484.0
576.0,2625.0
577.0,2341.0
578.0,1869.0
579.0,2072.0
580.0,2810.0
581.0,2646.0
582.0,1796.0
583.0,1372.0
584.0,1777.0
585.0,2366.0
586.0,1876.0
587.0,1296.0
588.0,1257.0
589.0,1480.0
590.0,1518.0
591.0,1467.0
592.0,1645.0
593.0,2047.0
594.0,2431.0
595.0,3027.0
596.0,3708.0
597.0,4066.0
598.0,2995.0
599.0,1639.0
600.0,1501.0
601.0,1509.0
602.0,1476.0
603.0,1852.0
604.0,2324.0
605.0,2266.0
606.0,1951.0
607.0,1970.0
608.0,2087.0
609.0,2469.0
610.0,4555.0
611.0,6029.0
612.0,4594.0
613.0,3236.0
614.0,2746.0
615.0,2015.0
616.0,1961.0
617.0,2845.0
618.0,2892.0
619.0,2325.0
620.0,1801.0
621.0,1577.0
622.0,1938.0
623.0,3088.0
624.0,3631.0
625.0,2989.0
626.0,2698.0
627.0,2901.0
628.0,2191.0
629.0,1521.0
630.0,1367.0
631.0,1448.0
632.0,1629.0
633.0,2255.0
634.0,2596.0
635.0,2853.0
636.0,3080.0
637.0,2863.0
638.0,2330.0
639.0,1584.0
640.0,1300.0
641.0,1424.0
642.0,1724.0
643.0,2012.0
644.0,2111.0
645.0,2401.0
646.0,2559.0
647.0,2568.0
648.0,2500.0
649.0,2395.0
650.0,2204.0
651.0,2063.0
652.0,2162.0
653.0,2365.0
654.0,2760.0
655.0,2849.0
656.0,2594.0
657.0,2386.0
658.0,2335.0
659.0,2113.0
660.0,1895.0
661.0,1733.0
662.0,1529.0
663.0,1565.0
664.0,2256.0
665.0,3222.0
666.0,3521.0
667.0,3931.0
668.0,3631.0
669.0,2658.0
670.0,2325.0
671.0,1975.0
672.0,1748.0
673.0,2323.0
674.0,2779.0
675.0,2798.0
676.0,2912.0
677.0,2777.0
678.0,2408.0
679.0,1974.0
680.0,1825.0
681.0,1683.0
682.0,1588.0
683.0,2053.0
684.0,2297.0
685.0,1869.0
686.0,1829.0
687.0,1946.0
688.0,1677.0
689.0,1605.0
690.0,1960.0
691.0,2522.0
692.0,2693.0
693.0,2735.0
694.0,2989.0
695.0,3083.0
696.0,2857.0
697.0,2290.0
698.0,2126.0
699.0,2440.0
700.0,2585.0
701.0,1945.0
702.0,1520.0
703.0,1988.0
704.0,3288.0
705.0,3429.0
706.0,2217.0
707.0,1817.0
708.0,2258.0
709.0,3027.0
710.0,3222.0
711.0,2965.0
712.0,2573.0
713.0,2135.0
714.0,2014.0
715.0,2318.0
716.0,2824.0
717.0,2570.0
718.0,2111.0
719.0,2155.0
720.0,2349.0
721.0,2054.0
722.0,1462.0
723.0,1135.0
724.0,1317.0
725.0,1664.0
726.0,1709.0
727.0,1832.0
728.0,2581.0
729.0,3875.0
730.0,4299.0
731.0,3295.0
732.0,2354.0
733.0,1662.0
734.0,1733.0
735.0,1759.0
736.0,1429.0
737.0,1427.0
738.0,1520.0
739.0,1825.0
740.0,2650.0
741.0,3130.0
742.0,3037.0
743.0,2789.0
744.0,2037.0
745.0,1816.0
746.0,2861.0
747.0,3342.0
748.0,2750.0
749.0,2141.0
750.0,1981.0
751.0,2007.0
752.0,1812.0
753.0,1665.0
754.0,1919.0
755.0,2377.0
756.0,2826.0
757.0,2864.0
758.0,2298.0
759.0,1804.0
760.0,1731.0
761.0,1977.0
762.0,2345.0
763.0,2467.0
764.0,2342.0
765.0,2797.0
766.0,3154.0
767.0,2810.0
768.0,2341.0
769.0,1840.0
770.0,1451.0
771.0,1405.0
772.0,1262.0
773.0,1543.0
774.0,2968.0
775.0,3998.0
776.0,3146.0
777.0,2659.0
778.0,2887.0
779.0,2631.0
780.0,2593.0
781.0,2576.0
782.0,2469.0
783.0,2214.0
784.0,1967.0
785.0,1993.0
786.0,2061.0
787.0,1854.0
788.0,1942.0
789.0,2332.0
790.0,2043.0
791.0,1642.0
792.0,1506.0
793.0,1730.0
794.0,1977.0
795.0,2308.0
796.0,2535.0
797.0,2373.0
798.0,1609.0
799.0,1762.0
800.0,2669.0
801.0,3150.0
802.0,2832.0
803.0,2443.0
804.0,3119.0
805.0,3735.0
806.0,3966.0
807.0,3586.0
808.0,2849.0
809.0,2164.0
810.0,1975.0
811.0,2344.0
812.0,2499.0
813.0,2110.0
814.0,1596.0
815.0,1481.0
816.0,1807.0
817.0,2129.0
818.0,2250.0
819.0,2510.0
820.0,2694.0
821.0,2352.0
822.0,1751.0
823.0,1411.0
824.0,1392.0
825.0,2010.0
826.0,3382.0
827.0,3814.0
828.0,2816.0
829.0,2358.0
830.0,2365.0
831.0,2389.0
832.0,2731.0
833.0,2792.0
834.0,2198.0
835.0,1694.0
836.0,2260.0
837.0,3037.0
838.0,3312.0
839.0,2938.0
840.0,2231.0
841.0,1877.0
842.0,1659.0
843.0,1932.0
844.0,2168.0
845.0,1889.0
846.0,1595.0
847.0,1217.0
848.0,1475.0
849.0,2404.0
850.0,2442.0
851.0,1902.0
852.0,1876.0
853.0,2193.0
854.0,2834.0
855.0,2740.0
856.0,2093.0
857.0,2158.0
858.0,2695.0
859.0,3020.0
860.0,2493.0
861.0,2418.0
862.0,2878.0
863.0,2949.0
864.0,2682.0
865.0,2315.0
866.0,1857.0
867.0,1825.0
868.0,2388.0
869.0,2441.0
870.0,1860.0
871.0,1254.0
872.0,1183.0
873.0,1378.0
874.0,1633.0
875.0,1588.0
876.0,2102.0
877.0,2853.0
878.0,3255.0
879.0,2916.0
880.0,2619.0
881.0,2800.0
882.0,2665.0
883.0,2342.0
884.0,2082.0
885.0,1900.0
886.0,1796.0
887.0,1875.0
888.0,2369.0
889.0,2512.0
890.0,2598.0
891.0,2724.0
892.0,3007.0
893.0,2840.0
894.0,2208.0
895.0,1667.0
896.0,1540.0
897.0,1994.0
898.0,2086.0
899.0,1441.0
900.0,1184.0
901.0,1736.0
902.0,2446.0
903.0,2265.0
904.0,1830.0
905.0,1982.0
906.0,1831.0
907.0,1524.0
908.0,1482.0
909.0,1504.0
910.0,1479.0
911.0,1590.0
912.0,1530.0
913.0,1451.0
914.0,1562.0
915.0,1833.0
916.0,2243.0
917.0,2062.0
918.0,1675.0
919.0,1477.0
920.0,1748.0
921.0,2232.0
922.0,2045.0
923.0,1504.0
924.0,1351.0
925.0,1682.0
926.0,2137.0
927.0,2371.0
928.0,2441.0
929.0,2067.0
930.0,1608.0
931.0,1636.0
932.0,1627.0
933.0,1267.0
934.0,965.0
935.0,929.0
936.0,925.0
937.0,1515.0
938.0,2237.0
939.0,2167.0
940.0,1643.0
941.0,1597.0
942.0,1789.0
943.0,1730.0
944.0,1490.0
945.0,1403.0
946.0,1612.0
947.0,1870.0
948.0,1862.0
949.0,1378.0
950.0,1225.0
951.0,1554.0
952.0,1862.0
953.0,1748.0
954.0,1400.0
955.0,880.0
956.0,576.0
957.0,696.0
958.0,1070.0
959.0,1228.0
960.0,824.0
961.0,657.0
962.0,1037.0
963.0,1364.0
964.0,1523.0
965.0,1752.0
966.0,1926.0
967.0,1823.0
968.0,1624.0
969.0,1487.0
970.0,1389.0
971.0,1119.0
972.0,861.0
973.0,849.0
974.0,1105.0
975.0,1568.0
976.0,1917.0
977.0,1828.0
978.0,1594.0
979.0,1279.0
980.0,944.0
981.0,858.0
982.0,988.0
983.0,1073.0
984.0,1272.0
985.0,1186.0
986.0,1131.0
987.0,920.0
988.0,745.0
989.0,825.0
990.0,1121.0
991.0,1294.0
992.0,1450.0
993.0,1662.0
994.0,1420.0
995.0,1061.0
996.0,811.0
997.0,914.0
998.0,1075.0
999.0,839.0
1000.0,677.0
1001.0,786.0
1002.0,913.0
1003.0,920.0
1004.0,864.0
1005.0,796.0
1006.0,780.0
1007.0,807.0
1008.0,817.0
1009.0,770.0
1010.0,756.0
1011.0,635.0
1012.0,487.0
1013.0,528.0
1014.0,668.0
1015.0,804.0
1016.0,1008.0
1017.0,954.0
1018.0,719.0
1019.0,650.0
1020.0,689.0
1021.0,776.0
1022.0,737.0
1023.0,572.0
