0.0,39.0
1.0,43.0
2.0,45.0
3.0,58.0
4.0,75.0
5.0,62.0
6.0,85.0
7.0,91.0
8.0,93.0
9.0,98.0
10.0,91.0
11.0,108.0
12.0,119.0
13.0,162.0
14.0,361.0
15.0,1299.0
16.0,2306.0
17.0,1450.0
18.0,375.0
19.0,156.0
20.0,114.0
21.0,94.0
22.0,74.0
23.0,77.0
24.0,79.0
25.0,76.0
26.0,73.0
27.0,83.0
28.0,81.0
29.0,79.0
30.0,86.0
31.0,90.0
32.0,87.0
33.0,91.0
34.0,76.0
35.0,66.0
36.0,79.0
37.0,90.0
38.0,91.0
39.0,78.0
40.0,65.0
41.0,78.0
42.0,84.0
43.0,100.0
44.0,98.0
45.0,108.0
46.0,93.0
47.0,87.0
48.0,79.0
49.0,86.0
50.0,86.0
51.0,84.0
52.0,70.0
53.0,67.0
54.0,78.0
55.0,99.0
56.0,82.0
57.0,91.0
58.0,81.0
59.0,85.0
60.0,104.0
61.0,104.0
62.0,108.0
63.0,111.0
64.0,97.0
65.0,99.0
66.0,104.0
67.0,94.0
68.0,101.0
69.0,96.0
70.0,104.0
71.0,115.0
72.0,97.0
73.0,101.0
74.0,108.0
75.0,100.0
76.0,95.0
77.0,106.0
78.0,117.0
79.0,121.0
80.0,107.0
81.0,96.0
82.0,102.0
83.0,102.0
84.0,92.0
85.0,87.0
86.0,98.0
87.0,102.0
88.0,129.0
89.0,148.0
90.0,139.0
91.0,143.0
92.0,118.0
93.0,131.0
94.0,114.0
95.0,108.0
96.0,107.0
97.0,109.0
98.0,102.0
99.0,106.0
100.0,116.0
101.0,115.0
102.0,106.0
103.0,115.0
104.0,121.0
105.0,119.0
106.0,119.0
107.0,126.0
108.0,120.0
109.0,101.0
110.0,102.0
111.0,101.0
112.0,131.0
113.0,135.0
114.0,141.0
115.0,156.0
116.0,142.0
117.0,122.0
118.0,121.0
119.0,127.0
120.0,109.0
121.0,127.0
122.0,122.0
123.0,120.0
124.0,109.0
125.0,111.0
126.0,118.0
127.0,140.0
128.0,153.0
129.0,140.0
130.0,133.0
131.0,132.0
132.0,123.0
133.0,111.0
134.0,139.0
135.0,134.0
136.0,131.0
137.0,138.0
138.0,147.0
139.0,153.0
140.0,140.0
141.0,144.0
142.0,164.0
143.0,133.0
144.0,146.0
145.0,161.0
146.0,158.0
147.0,110.0
148.0,111.0
149.0,132.0
150.0,130.0
151.0,129.0
152.0,140.0
153.0,148.0
154.0,154.0
155.0,145.0
156.0,138.0
157.0,136.0
158.0,164.0
159.0,217.0
160.0,199.0
161.0,170.0
162.0,164.0
163.0,146.0
164.0,148.0
165.0,135.0
166.0,157.0
167.0,168.0
168.0,178.0
169.0,158.0
170.0,148.0
171.0,145.0
172.0,126.0
173.0,128.0
174.0,143.0
175.0,151.0
176.0,176.0
177.0,150.0
178.0,173.0
179.0,209.0
180.0,229.0
181.0,172.0
182.0,189.0
183.0,190.0
184.0,226.0
185.0,182.0
186.0,131.0
187.0,119.0
188.0,119.0
189.0,152.0
190.0,203.0
191.0,223.0
192.0,178.0
193.0,185.0
194.0,181.0
195.0,171.0
196.0,145.0
197.0,199.0
198.0,173.0
199.0,155.0
200.0,147.0
201.0,202.0
202.0,411.0
203.0,1425.0
204.0,1791.0
205.0,804.0
206.0,236.0
207.0,174.0
208.0,178.0
209.0,191.0
210.0,173.0
211.0,150.0
212.0,209.0
213.0,232.0
214.0,186.0
215.0,171.0
216.0,174.0
217.0,150.0
218.0,176.0
219.0,169.0
220.0,153.0
221.0,180.0
222.0,208.0
223.0,201.0
224.0,195.0
225.0,175.0
226.0,177.0
227.0,169.0
228.0,151.0
229.0,128.0
230.0,160.0
231.0,186.0
232.0,201.0
233.0,149.0
234.0,154.0
235.0,167.0
236.0,164.0
237.0,204.0
238.0,227.0
239.0,195.0
240.0,191.0
241.0,218.0
242.0,228.0
243.0,198.0
244.0,184.0
245.0,164.0
246.0,181.0
247.0,182.0
248.0,188.0
249.0,172.0
250.0,157.0
251.0,176.0
252.0,183.0
253.0,206.0
254.0,210.0
255.0,195.0
256.0,190.0
257.0,214.0
258.0,263.0
259.0,406.0
260.0,1706.0
261.0,3622.0
262.0,2490.0
263.0,612.0
264.0,303.0
265.0,260.0
266.0,196.0
267.0,295.0
268.0,370.0
269.0,318.0
270.0,258.0
271.0,236.0
272.0,239.0
273.0,225.0
274.0,163.0
275.0,154.0
276.0,148.0
277.0,154.0
278.0,186.0
279.0,172.0
280.0,173.0
281.0,185.0
282.0,212.0
283.0,213.0
284.0,204.0
285.0,177.0
286.0,164.0
287.0,177.0
288.0,211.0
289.0,236.0
290.0,232.0
291.0,222.0
292.0,196.0
293.0,185.0
294.0,188.0
295.0,169.0
296.0,201.0
297.0,177.0
298.0,207.0
299.0,167.0
300.0,167.0
301.0,195.0
302.0,245.0
303.0,242.0
304.0,185.0
305.0,198.0
306.0,176.0
307.0,206.0
308.0,201.0
309.0,164.0
310.0,188.0
311.0,212.0
312.0,288.0
313.0,295.0
314.0,218.0
315.0,163.0
316.0,193.0
317.0,183.0
318.0,181.0
319.0,202.0
320.0,269.0
321.0,303.0
322.0,242.0
323.0,182.0
324.0,155.0
325.0,148.0
326.0,147.0
327.0,137.0
328.0,137.0
329.0,162.0
330.0,180.0
331.0,175.0
332.0,147.0
333.0,182.0
334.0,203.0
335.0,177.0
336.0,157.0
337.0,150.0
338.0,200.0
339.0,235.0
340.0,259.0
341.0,273.0
342.0,225.0
343.0,184.0
344.0,163.0
345.0,175.0
346.0,235.0
347.0,245.0
348.0,214.0
349.0,164.0
350.0,173.0
351.0,181.0
352.0,190.0
353.0,200.0
354.0,181.0
355.0,199.0
356.0,213.0
357.0,216.0
358.0,244.0
359.0,273.0
360.0,274.0
361.0,216.0
362.0,171.0
363.0,176.0
364.0,170.0
365.0,229.0
366.0,272.0
367.0,251.0
368.0,197.0
369.0,168.0
370.0,216.0
371.0,258.0
372.0,286.0
373.0,215.0
374.0,185.0
375.0,184.0
376.0,183.0
377.0,190.0
378.0,186.0
379.0,192.0
380.0,195.0
381.0,268.0
382.0,287.0
383.0,284.0
384.0,283.0
385.0,262.0
386.0,244.0
387.0,249.0
388.0,280.0
389.0,263.0
390.0,216.0
391.0,215.0
392.0,204.0
393.0,240.0
394.0,220.0
395.0,166.0
396.0,171.0
397.0,177.0
398.0,174.0
399.0,176.0
400.0,190.0
401.0,205.0
402.0,237.0
403.0,276.0
404.0,240.0
405.0,221.0
406.0,251.0
407.0,237.0
408.0,241.0
409.0,265.0
410.0,214.0
411.0,186.0
412.0,207.0
413.0,201.0
414.0,213.0
415.0,197.0
416.0,203.0
417.0,237.0
418.0,337.0
419.0,296.0
420.0,269.0
421.0,292.0
422.0,279.0
423.0,222.0
424.0,231.0
425.0,288.0
426.0,299.0
427.0,227.0
428.0,217.0
429.0,223.0
430.0,214.0
431.0,209.0
432.0,225.0
433.0,195.0
434.0,176.0
435.0,174.0
436.0,238.0
437.0,254.0
438.0,225.0
439.0,187.0
440.0,175.0
441.0,183.0
442.0,198.0
443.0,217.0
444.0,221.0
445.0,217.0
446.0,213.0
447.0,197.0
448.0,240.0
449.0,290.0
450.0,243.0
451.0,239.0
452.0,237.0
453.0,213.0
454.0,219.0
455.0,194.0
456.0,192.0
457.0,202.0
458.0,194.0
459.0,198.0
460.0,194.0
461.0,238.0
462.0,280.0
463.0,304.0
464.0,243.0
465.0,219.0
466.0,253.0
467.0,251.0
468.0,253.0
469.0,269.0
470.0,198.0
471.0,221.0
472.0,223.0
473.0,211.0
474.0,197.0
475.0,187.0
476.0,193.0
477.0,238.0
478.0,268.0
479.0,261.0
480.0,246.0
481.0,249.0
482.0,259.0
483.0,231.0
484.0,227.0
485.0,258.0
486.0,291.0
487.0,338.0
488.0,375.0
489.0,308.0
490.0,211.0
491.0,198.0
492.0,243.0
493.0,246.0
494.0,262.0
495.0,234.0
496.0,254.0
497.0,206.0
498.0,196.0
499.0,229.0
500.0,283.0
501.0,248.0
502.0,196.0
503.0,222.0
504.0,213.0
505.0,260.0
506.0,268.0
507.0,216.0
508.0,226.0
509.0,270.0
510.0,306.0
511.0,294.0
512.0,304.0
513.0,316.0
514.0,271.0
515.0,279.0
516.0,307.0
517.0,342.0
518.0,341.0
519.0,258.0
520.0,258.0
521.0,234.0
522.0,284.0
523.0,402.0
524.0,339.0
525.0,272.0
526.0,226.0
527.0,196.0
528.0,206.0
529.0,207.0
530.0,220.0
531.0,226.0
532.0,216.0
533.0,219.0
534.0,232.0
535.0,260.0
536.0,259.0
537.0,297.0
538.0,298.0
539.0,297.0
540.0,282.0
541.0,271.0
542.0,253.0
543.0,280.0
544.0,298.0
545.0,322.0
546.0,343.0
547.0,294.0
548.0,271.0
549.0,257.0
550.0,269.0
551.0,349.0
552.0,413.0
553.0,363.0
554.0,314.0
555.0,258.0
556.0,325.0
557.0,329.0
558.0,275.0
559.0,274.0
560.0,257.0
561.0,252.0
562.0,284.0
563.0,252.0
564.0,245.0
565.0,260.0
566.0,269.0
567.0,272.0
568.0,264.0
569.0,255.0
570.0,299.0
571.0,345.0
572.0,341.0
573.0,325.0
574.0,317.0
575.0,386.0
576.0,465.0
577.0,542.0
578.0,661.0
579.0,760.0
580.0,893.0
581.0,989.0
582.0,1360.0
583.0,3927.0
584.0,47086.0
585.0,66350.0
586.0,86543.0
587.0,73765.0
588.0,64075.0
589.0,39936.0
590.0,11373.0
591.0,827.0
592.0,642.0
593.0,523.0
594.0,508.0
595.0,442.0
596.0,432.0
597.0,368.0
598.0,324.0
599.0,314.0
600.0,286.0
601.0,340.0
602.0,364.0
603.0,324.0
604.0,276.0
605.0,301.0
606.0,312.0
607.0,345.0
608.0,315.0
609.0,309.0
610.0,381.0
611.0,344.0
612.0,338.0
613.0,349.0
614.0,314.0
615.0,325.0
616.0,372.0
617.0,372.0
618.0,389.0
619.0,413.0
620.0,454.0
621.0,407.0
622.0,353.0
623.0,289.0
624.0,282.0
625.0,297.0
626.0,323.0
627.0,303.0
628.0,265.0
629.0,302.0
630.0,339.0
631.0,302.0
632.0,292.0
633.0,262.0
634.0,261.0
635.0,303.0
636.0,280.0
637.0,287.0
638.0,292.0
639.0,304.0
640.0,341.0
641.0,309.0
642.0,348.0
643.0,305.0
644.0,262.0
645.0,238.0
646.0,250.0
647.0,258.0
648.0,301.0
649.0,389.0
650.0,453.0
651.0,416.0
652.0,295.0
653.0,299.0
654.0,329.0
655.0,312.0
656.0,276.0
657.0,261.0
658.0,252.0
659.0,252.0
660.0,266.0
661.0,318.0
662.0,350.0
663.0,390.0
664.0,513.0
665.0,388.0
666.0,336.0
667.0,320.0
668.0,277.0
669.0,246.0
670.0,223.0
671.0,240.0
672.0,219.0
673.0,232.0
674.0,248.0
675.0,264.0
676.0,350.0
677.0,377.0
678.0,439.0
679.0,463.0
680.0,356.0
681.0,401.0
682.0,383.0
683.0,314.0
684.0,316.0
685.0,286.0
686.0,325.0
687.0,354.0
688.0,315.0
689.0,295.0
690.0,249.0
691.0,251.0
692.0,280.0
693.0,268.0
694.0,220.0
695.0,226.0
696.0,216.0
697.0,232.0
698.0,288.0
699.0,309.0
700.0,306.0
701.0,283.0
702.0,300.0
703.0,546.0
704.0,1016.0
705.0,957.0
706.0,493.0
707.0,420.0
708.0,365.0
709.0,304.0
710.0,278.0
711.0,270.0
712.0,286.0
713.0,310.0
714.0,319.0
715.0,280.0
716.0,340.0
717.0,349.0
718.0,322.0
719.0,367.0
720.0,393.0
721.0,352.0
722.0,288.0
723.0,277.0
724.0,325.0
725.0,329.0
726.0,295.0
727.0,319.0
728.0,400.0
729.0,406.0
730.0,384.0
731.0,341.0
732.0,264.0
733.0,264.0
734.0,284.0
735.0,320.0
736.0,327.0
737.0,340.0
738.0,332.0
739.0,299.0
740.0,348.0
741.0,318.0
742.0,307.0
743.0,294.0
744.0,362.0
745.0,405.0
746.0,384.0
747.0,312.0
748.0,342.0
749.0,346.0
750.0,363.0
751.0,383.0
752.0,394.0
753.0,315.0
754.0,268.0
755.0,225.0
756.0,237.0
757.0,243.0
758.0,255.0
759.0,244.0
760.0,307.0
761.0,302.0
762.0,315.0
763.0,320.0
764.0,281.0
765.0,239.0
766.0,272.0
767.0,374.0
768.0,469.0
769.0,420.0
770.0,343.0
771.0,379.0
772.0,430.0
773.0,352.0
774.0,321.0
775.0,257.0
776.0,257.0
777.0,231.0
778.0,207.0
779.0,201.0
780.0,192.0
781.0,241.0
782.0,313.0
783.0,312.0
784.0,290.0
785.0,256.0
786.0,300.0
787.0,317.0
788.0,279.0
789.0,274.0
790.0,276.0
791.0,276.0
792.0,317.0
793.0,359.0
794.0,325.0
795.0,337.0
796.0,310.0
797.0,282.0
798.0,273.0
799.0,283.0
800.0,312.0
801.0,293.0
802.0,247.0
803.0,229.0
804.0,242.0
805.0,261.0
806.0,303.0
807.0,360.0
808.0,346.0
809.0,359.0
810.0,350.0
811.0,259.0
812.0,265.0
813.0,262.0
814.0,287.0
815.0,351.0
816.0,318.0
817.0,305.0
818.0,316.0
819.0,274.0
820.0,286.0
821.0,279.0
822.0,292.0
823.0,292.0
824.0,289.0
825.0,278.0
826.0,275.0
827.0,317.0
828.0,354.0
829.0,308.0
830.0,269.0
831.0,285.0
832.0,284.0
833.0,305.0
834.0,296.0
835.0,290.0
836.0,311.0
837.0,337.0
838.0,354.0
839.0,381.0
840.0,350.0
841.0,340.0
842.0,345.0
843.0,313.0
844.0,280.0
845.0,295.0
846.0,331.0
847.0,354.0
848.0,316.0
849.0,275.0
850.0,254.0
851.0,253.0
852.0,240.0
853.0,282.0
854.0,329.0
855.0,357.0
856.0,380.0
857.0,375.0
858.0,367.0
859.0,374.0
860.0,395.0
861.0,441.0
862.0,489.0
863.0,591.0
864.0,772.0
865.0,1249.0
866.0,3714.0
867.0,23481.0
868.0,55876.0
869.0,65931.0
870.0,64838.0
871.0,39720.0
872.0,4834.0
873.0,937.0
874.0,636.0
875.0,534.0
876.0,511.0
877.0,453.0
878.0,382.0
879.0,391.0
880.0,490.0
881.0,497.0
882.0,359.0
883.0,336.0
884.0,323.0
885.0,332.0
886.0,269.0
887.0,283.0
888.0,305.0
889.0,321.0
890.0,347.0
891.0,340.0
892.0,341.0
893.0,350.0
894.0,324.0
895.0,292.0
896.0,286.0
897.0,293.0
898.0,267.0
899.0,296.0
900.0,327.0
901.0,317.0
902.0,344.0
903.0,360.0
904.0,334.0
905.0,334.0
906.0,340.0
907.0,324.0
908.0,309.0
909.0,294.0
910.0,267.0
911.0,273.0
912.0,305.0
913.0,334.0
914.0,295.0
915.0,301.0
916.0,309.0
917.0,333.0
918.0,352.0
919.0,335.0
920.0,368.0
921.0,324.0
922.0,326.0
923.0,322.0
924.0,324.0
925.0,364.0
926.0,382.0
927.0,407.0
928.0,431.0
929.0,460.0
930.0,429.0
931.0,371.0
932.0,387.0
933.0,369.0
934.0,395.0
935.0,421.0
936.0,427.0
937.0,464.0
938.0,562.0
939.0,591.0
940.0,547.0
941.0,565.0
942.0,678.0
943.0,799.0
944.0,970.0
945.0,26608.0
946.0,51645.0
947.0,68530.0
948.0,86660.0
949.0,89337.0
950.0,104113.0
951.0,99170.0
952.0,87665.0
953.0,86577.0
954.0,82237.0
955.0,61976.0
956.0,50952.0
957.0,39887.0
958.0,16031.0
959.0,2818.0
960.0,590.0
961.0,547.0
962.0,525.0
963.0,490.0
964.0,430.0
965.0,384.0
966.0,402.0
967.0,400.0
968.0,385.0
969.0,397.0
970.0,362.0
971.0,416.0
972.0,382.0
973.0,352.0
974.0,360.0
975.0,361.0
976.0,334.0
977.0,357.0
978.0,373.0
979.0,384.0
980.0,365.0
981.0,377.0
982.0,432.0
983.0,671.0
984.0,686.0
985.0,403.0
986.0,323.0
987.0,310.0
988.0,354.0
989.0,387.0
990.0,377.0
991.0,355.0
992.0,340.0
993.0,369.0
994.0,369.0
995.0,393.0
996.0,453.0
997.0,500.0
998.0,526.0
999.0,451.0
1000.0,449.0
1001.0,490.0
1002.0,508.0
1003.0,569.0
1004.0,685.0
1005.0,817.0
1006.0,10026.0
1007.0,34300.0
1008.0,64050.0
1009.0,69261.0
1010.0,75780.0
1011.0,96747.0
1012.0,92737.0
1013.0,72429.0
1014.0,69198.0
1015.0,67438.0
1016.0,55165.0
1017.0,39377.0
1018.0,19290.0
1019.0,3187.0
1020.0,562.0
1021.0,535.0
1022.0,472.0
1023.0,415.0
