0.0,38.0
1.0,30.0
2.0,60.0
3.0,57.0
4.0,49.0
5.0,53.0
6.0,56.0
7.0,72.0
8.0,63.0
9.0,73.0
10.0,69.0
11.0,67.0
12.0,66.0
13.0,62.0
14.0,63.0
15.0,61.0
16.0,74.0
17.0,67.0
18.0,67.0
19.0,90.0
20.0,96.0
21.0,86.0
22.0,71.0
23.0,91.0
24.0,95.0
25.0,92.0
26.0,94.0
27.0,85.0
28.0,64.0
29.0,79.0
30.0,110.0
31.0,110.0
32.0,117.0
33.0,138.0
34.0,186.0
35.0,160.0
36.0,107.0
37.0,88.0
38.0,80.0
39.0,86.0
40.0,123.0
41.0,169.0
42.0,161.0
43.0,109.0
44.0,82.0
45.0,99.0
46.0,107.0
47.0,136.0
48.0,202.0
49.0,312.0
50.0,397.0
51.0,310.0
52.0,130.0
53.0,90.0
54.0,94.0
55.0,97.0
56.0,91.0
57.0,105.0
58.0,171.0
59.0,253.0
60.0,301.0
61.0,143.0
62.0,125.0
63.0,130.0
64.0,131.0
65.0,155.0
66.0,337.0
67.0,728.0
68.0,821.0
69.0,366.0
70.0,144.0
71.0,122.0
72.0,122.0
73.0,129.0
74.0,130.0
75.0,147.0
76.0,153.0
77.0,169.0
78.0,335.0
79.0,511.0
80.0,388.0
81.0,185.0
82.0,146.0
83.0,169.0
84.0,180.0
85.0,356.0
86.0,1012.0
87.0,1449.0
88.0,901.0
89.0,280.0
90.0,168.0
91.0,152.0
92.0,148.0
93.0,138.0
94.0,145.0
95.0,148.0
96.0,159.0
97.0,184.0
98.0,259.0
99.0,449.0
100.0,791.0
101.0,661.0
102.0,318.0
103.0,260.0
104.0,267.0
105.0,332.0
106.0,752.0
107.0,1714.0
108.0,1843.0
109.0,1178.0
110.0,629.0
111.0,294.0
112.0,213.0
113.0,226.0
114.0,232.0
115.0,252.0
116.0,242.0
117.0,239.0
118.0,250.0
119.0,282.0
120.0,360.0
121.0,464.0
122.0,880.0
123.0,1102.0
124.0,693.0
125.0,315.0
126.0,256.0
127.0,320.0
128.0,891.0
129.0,2099.0
130.0,2148.0
131.0,1213.0
132.0,1226.0
133.0,933.0
134.0,373.0
135.0,243.0
136.0,267.0
137.0,243.0
138.0,260.0
139.0,300.0
140.0,320.0
141.0,404.0
142.0,427.0
143.0,366.0
144.0,329.0
145.0,484.0
146.0,1180.0
147.0,1764.0
148.0,1208.0
149.0,570.0
150.0,504.0
151.0,692.0
152.0,1856.0
153.0,3076.0
154.0,2139.0
155.0,822.0
156.0,1328.0
157.0,1742.0
158.0,1136.0
159.0,458.0
160.0,330.0
161.0,281.0
162.0,300.0
163.0,359.0
164.0,383.0
165.0,376.0
166.0,345.0
167.0,341.0
168.0,336.0
169.0,341.0
170.0,381.0
171.0,652.0
172.0,1458.0
173.0,1667.0
174.0,990.0
175.0,656.0
176.0,1048.0
177.0,2575.0
178.0,4394.0
179.0,3171.0
180.0,1003.0
181.0,777.0
182.0,1561.0
183.0,2159.0
184.0,1441.0
185.0,548.0
186.0,419.0
187.0,416.0
188.0,400.0
189.0,471.0
190.0,485.0
191.0,461.0
192.0,510.0
193.0,546.0
194.0,526.0
195.0,501.0
196.0,501.0
197.0,516.0
198.0,806.0
199.0,1599.0
200.0,1919.0
201.0,1220.0
202.0,771.0
203.0,1563.0
204.0,3794.0
205.0,4510.0
206.0,2327.0
207.0,857.0
208.0,676.0
209.0,1187.0
210.0,2383.0
211.0,2465.0
212.0,1177.0
213.0,493.0
214.0,468.0
215.0,514.0
216.0,589.0
217.0,607.0
218.0,659.0
219.0,641.0
220.0,626.0
221.0,656.0
222.0,688.0
223.0,659.0
224.0,621.0
225.0,749.0
226.0,908.0
227.0,1448.0
228.0,2301.0
229.0,2150.0
230.0,1244.0
231.0,1777.0
232.0,4325.0
233.0,4993.0
234.0,2571.0
235.0,999.0
236.0,744.0
237.0,739.0
238.0,1263.0
239.0,2646.0
240.0,3052.0
241.0,1563.0
242.0,683.0
243.0,745.0
244.0,798.0
245.0,779.0
246.0,767.0
247.0,777.0
248.0,621.0
249.0,543.0
250.0,576.0
251.0,594.0
252.0,638.0
253.0,673.0
254.0,803.0
255.0,1036.0
256.0,1431.0
257.0,1957.0
258.0,2752.0
259.0,2811.0
260.0,2460.0
261.0,5355.0
262.0,8778.0
263.0,6435.0
264.0,2069.0
265.0,928.0
266.0,738.0
267.0,754.0
268.0,1151.0
269.0,2479.0
270.0,3690.0
271.0,2750.0
272.0,1118.0
273.0,648.0
274.0,617.0
275.0,696.0
276.0,841.0
277.0,857.0
278.0,789.0
279.0,661.0
280.0,677.0
281.0,699.0
282.0,861.0
283.0,986.0
284.0,1152.0
285.0,1129.0
286.0,1258.0
287.0,1460.0
288.0,2019.0
289.0,3569.0
290.0,4680.0
291.0,4124.0
292.0,4643.0
293.0,6513.0
294.0,4659.0
295.0,1667.0
296.0,894.0
297.0,880.0
298.0,941.0
299.0,1028.0
300.0,1420.0
301.0,2892.0
302.0,4138.0
303.0,3028.0
304.0,1419.0
305.0,1076.0
306.0,1044.0
307.0,976.0
308.0,953.0
309.0,946.0
310.0,946.0
311.0,892.0
312.0,838.0
313.0,765.0
314.0,802.0
315.0,856.0
316.0,1103.0
317.0,1408.0
318.0,1429.0
319.0,1163.0
320.0,999.0
321.0,1315.0
322.0,2355.0
323.0,3185.0
324.0,4283.0
325.0,6490.0
326.0,5939.0
327.0,2621.0
328.0,1113.0
329.0,954.0
330.0,941.0
331.0,966.0
332.0,995.0
333.0,1395.0
334.0,2845.0
335.0,4891.0
336.0,4389.0
337.0,2080.0
338.0,1187.0
339.0,1047.0
340.0,1052.0
341.0,980.0
342.0,949.0
343.0,1166.0
344.0,1580.0
345.0,1611.0
346.0,1324.0
347.0,1125.0
348.0,1022.0
349.0,1020.0
350.0,1122.0
351.0,1203.0
352.0,1281.0
353.0,1344.0
354.0,1238.0
355.0,1295.0
356.0,2109.0
357.0,4057.0
358.0,6575.0
359.0,7460.0
360.0,4827.0
361.0,1766.0
362.0,1065.0
363.0,1029.0
364.0,1201.0
365.0,1197.0
366.0,1148.0
367.0,1302.0
368.0,2071.0
369.0,4380.0
370.0,5962.0
371.0,4526.0
372.0,2456.0
373.0,1821.0
374.0,1681.0
375.0,1584.0
376.0,1372.0
377.0,1247.0
378.0,1312.0
379.0,1478.0
380.0,1526.0
381.0,1416.0
382.0,1265.0
383.0,1243.0
384.0,1304.0
385.0,1358.0
386.0,1260.0
387.0,1120.0
388.0,1180.0
389.0,1332.0
390.0,1608.0
391.0,1947.0
392.0,3297.0
393.0,6858.0
394.0,9104.0
395.0,6435.0
396.0,2487.0
397.0,1596.0
398.0,1649.0
399.0,1504.0
400.0,1310.0
401.0,1223.0
402.0,1269.0
403.0,1464.0
404.0,2168.0
405.0,4180.0
406.0,5678.0
407.0,4180.0
408.0,2219.0
409.0,1631.0
410.0,1489.0
411.0,1492.0
412.0,1391.0
413.0,1361.0
414.0,1481.0
415.0,1715.0
416.0,1843.0
417.0,1930.0
418.0,1641.0
419.0,1254.0
420.0,1281.0
421.0,1476.0
422.0,1748.0
423.0,1940.0
424.0,1792.0
425.0,1296.0
426.0,952.0
427.0,1065.0
428.0,1706.0
429.0,4300.0
430.0,8699.0
431.0,8862.0
432.0,4221.0
433.0,1610.0
434.0,1332.0
435.0,1301.0
436.0,1373.0
437.0,1745.0
438.0,2362.0
439.0,2563.0
440.0,2110.0
441.0,1930.0
442.0,3270.0
443.0,5394.0
444.0,4645.0
445.0,2254.0
446.0,1373.0
447.0,1249.0
448.0,1180.0
449.0,1093.0
450.0,980.0
451.0,1034.0
452.0,1343.0
453.0,1531.0
454.0,1645.0
455.0,1732.0
456.0,1645.0
457.0,1743.0
458.0,1940.0
459.0,1727.0
460.0,1427.0
461.0,1356.0
462.0,1450.0
463.0,1665.0
464.0,2005.0
465.0,2059.0
466.0,2251.0
467.0,4144.0
468.0,7079.0
469.0,7260.0
470.0,4531.0
471.0,2534.0
472.0,1652.0
473.0,1523.0
474.0,1583.0
475.0,1753.0
476.0,2148.0
477.0,2322.0
478.0,1834.0
479.0,1573.0
480.0,2051.0
481.0,4029.0
482.0,5516.0
483.0,3984.0
484.0,2170.0
485.0,1933.0
486.0,1621.0
487.0,1421.0
488.0,1531.0
489.0,1571.0
490.0,1499.0
491.0,1546.0
492.0,1739.0
493.0,2022.0
494.0,2095.0
495.0,1770.0
496.0,1648.0
497.0,1673.0
498.0,1694.0
499.0,1708.0
500.0,1709.0
501.0,1701.0
502.0,1491.0
503.0,1485.0
504.0,2149.0
505.0,3171.0
506.0,4392.0
507.0,6249.0
508.0,6024.0
509.0,3324.0
510.0,1810.0
511.0,1653.0
512.0,1959.0
513.0,2037.0
514.0,1823.0
515.0,1621.0
516.0,1398.0
517.0,1189.0
518.0,1057.0
519.0,1197.0
520.0,2063.0
521.0,4552.0
522.0,6111.0
523.0,4655.0
524.0,2485.0
525.0,1890.0
526.0,1994.0
527.0,2219.0
528.0,2132.0
529.0,1986.0
530.0,1954.0
531.0,1695.0
532.0,1576.0
533.0,1555.0
534.0,1635.0
535.0,1955.0
536.0,2121.0
537.0,1938.0
538.0,1960.0
539.0,1977.0
540.0,1799.0
541.0,1683.0
542.0,1558.0
543.0,1599.0
544.0,1654.0
545.0,1803.0
546.0,2620.0
547.0,5486.0
548.0,7569.0
549.0,5492.0
550.0,2560.0
551.0,2162.0
552.0,2390.0
553.0,2422.0
554.0,2058.0
555.0,1693.0
556.0,1988.0
557.0,2180.0
558.0,1661.0
559.0,1288.0
560.0,1478.0
561.0,2150.0
562.0,3956.0
563.0,5425.0
564.0,4605.0
565.0,3229.0
566.0,2822.0
567.0,2189.0
568.0,1645.0
569.0,1477.0
570.0,1498.0
571.0,1715.0
572.0,1812.0
573.0,1623.0
574.0,1661.0
575.0,2500.0
576.0,3339.0
577.0,2998.0
578.0,2413.0
579.0,2518.0
580.0,2674.0
581.0,2286.0
582.0,1936.0
583.0,2055.0
584.0,2048.0
585.0,2192.0
586.0,2200.0
587.0,1935.0
588.0,1782.0
589.0,2287.0
590.0,3301.0
591.0,4491.0
592.0,5366.0
593.0,4184.0
594.0,2080.0
595.0,1315.0
596.0,1354.0
597.0,1534.0
598.0,1574.0
599.0,1715.0
600.0,2032.0
601.0,2270.0
602.0,2603.0
603.0,2928.0
604.0,3372.0
605.0,4755.0
606.0,4817.0
607.0,3074.0
608.0,2332.0
609.0,2195.0
610.0,2151.0
611.0,2399.0
612.0,2927.0
613.0,2724.0
614.0,1809.0
615.0,1271.0
616.0,1355.0
617.0,1552.0
618.0,1619.0
619.0,1732.0
620.0,1727.0
621.0,1910.0
622.0,2245.0
623.0,2414.0
624.0,2257.0
625.0,1989.0
626.0,1483.0
627.0,1514.0
628.0,1972.0
629.0,2145.0
630.0,2774.0
631.0,4860.0
632.0,5205.0
633.0,3711.0
634.0,3500.0
635.0,5101.0
636.0,8459.0
637.0,7911.0
638.0,3604.0
639.0,1550.0
640.0,1213.0
641.0,1233.0
642.0,1251.0
643.0,1264.0
644.0,1535.0
645.0,1974.0
646.0,2169.0
647.0,2071.0
648.0,2817.0
649.0,4205.0
650.0,3679.0
651.0,2288.0
652.0,1770.0
653.0,1708.0
654.0,1982.0
655.0,2060.0
656.0,1975.0
657.0,1923.0
658.0,1780.0
659.0,1553.0
660.0,1450.0
661.0,1462.0
662.0,1414.0
663.0,1444.0
664.0,1820.0
665.0,1996.0
666.0,1890.0
667.0,1601.0
668.0,1532.0
669.0,1680.0
670.0,1874.0
671.0,1862.0
672.0,2010.0
673.0,2346.0
674.0,2565.0
675.0,3415.0
676.0,4105.0
677.0,2902.0
678.0,1849.0
679.0,1996.0
680.0,2139.0
681.0,1997.0
682.0,1937.0
683.0,2042.0
684.0,1915.0
685.0,1684.0
686.0,1511.0
687.0,1664.0
688.0,1855.0
689.0,1844.0
690.0,1977.0
691.0,1902.0
692.0,1799.0
693.0,2795.0
694.0,4005.0
695.0,3257.0
696.0,2231.0
697.0,1937.0
698.0,1613.0
699.0,1364.0
700.0,1435.0
701.0,1579.0
702.0,1463.0
703.0,1375.0
704.0,1506.0
705.0,1716.0
706.0,2022.0
707.0,2246.0
708.0,1899.0
709.0,1451.0
710.0,1400.0
711.0,1481.0
712.0,1497.0
713.0,1425.0
714.0,1392.0
715.0,1596.0
716.0,1754.0
717.0,1615.0
718.0,1642.0
719.0,1923.0
720.0,2485.0
721.0,3747.0
722.0,3879.0
723.0,2627.0
724.0,1949.0
725.0,1955.0
726.0,1886.0
727.0,1583.0
728.0,1478.0
729.0,1403.0
730.0,1528.0
731.0,1508.0
732.0,1324.0
733.0,1337.0
734.0,1440.0
735.0,1721.0
736.0,1741.0
737.0,1492.0
738.0,1504.0
739.0,2250.0
740.0,3393.0
741.0,3157.0
742.0,2153.0
743.0,2144.0
744.0,2060.0
745.0,1529.0
746.0,1111.0
747.0,1154.0
748.0,1422.0
749.0,1580.0
750.0,1529.0
751.0,1272.0
752.0,1152.0
753.0,1420.0
754.0,2013.0
755.0,2334.0
756.0,1935.0
757.0,1516.0
758.0,1602.0
759.0,1749.0
760.0,1591.0
761.0,1350.0
762.0,1116.0
763.0,969.0
764.0,1041.0
765.0,1287.0
766.0,1754.0
767.0,2632.0
768.0,3544.0
769.0,2920.0
770.0,1741.0
771.0,1530.0
772.0,2035.0
773.0,2368.0
774.0,2171.0
775.0,1921.0
776.0,1633.0
777.0,1395.0
778.0,1599.0
779.0,1790.0
780.0,1661.0
781.0,1338.0
782.0,1166.0
783.0,1281.0
784.0,1434.0
785.0,1682.0
786.0,2247.0
787.0,3039.0
788.0,3323.0
789.0,2743.0
790.0,2403.0
791.0,2161.0
792.0,1995.0
793.0,1760.0
794.0,1454.0
795.0,1379.0
796.0,1527.0
797.0,1649.0
798.0,1508.0
799.0,1524.0
800.0,1826.0
801.0,2056.0
802.0,1901.0
803.0,1827.0
804.0,1996.0
805.0,1805.0
806.0,1544.0
807.0,1229.0
808.0,1046.0
809.0,1071.0
810.0,1313.0
811.0,1487.0
812.0,2108.0
813.0,4128.0
814.0,5047.0
815.0,3575.0
816.0,2729.0
817.0,2741.0
818.0,1988.0
819.0,1429.0
820.0,1399.0
821.0,1523.0
822.0,1551.0
823.0,1406.0
824.0,1279.0
825.0,1228.0
826.0,1197.0
827.0,1023.0
828.0,927.0
829.0,1062.0
830.0,1158.0
831.0,1299.0
832.0,1370.0
833.0,1264.0
834.0,1179.0
835.0,1506.0
836.0,2069.0
837.0,2080.0
838.0,1470.0
839.0,1020.0
840.0,925.0
841.0,1063.0
842.0,1204.0
843.0,1214.0
844.0,1292.0
845.0,1372.0
846.0,1214.0
847.0,1098.0
848.0,1108.0
849.0,1177.0
850.0,1139.0
851.0,1188.0
852.0,1306.0
853.0,1360.0
854.0,1174.0
855.0,1132.0
856.0,1320.0
857.0,1230.0
858.0,1123.0
859.0,1231.0
860.0,1522.0
861.0,1518.0
862.0,1418.0
863.0,1719.0
864.0,1768.0
865.0,1336.0
866.0,1157.0
867.0,1057.0
868.0,1001.0
869.0,1022.0
870.0,1184.0
871.0,1329.0
872.0,1251.0
873.0,1098.0
874.0,954.0
875.0,947.0
876.0,1015.0
877.0,1097.0
878.0,1390.0
879.0,1577.0
880.0,1215.0
881.0,1139.0
882.0,1297.0
883.0,1200.0
884.0,999.0
885.0,1084.0
886.0,1454.0
887.0,1502.0
888.0,1206.0
889.0,1039.0
890.0,1132.0
891.0,1273.0
892.0,1266.0
893.0,1550.0
894.0,1919.0
895.0,1477.0
896.0,872.0
897.0,705.0
898.0,752.0
899.0,802.0
900.0,845.0
901.0,784.0
902.0,756.0
903.0,918.0
904.0,1102.0
905.0,1029.0
906.0,884.0
907.0,890.0
908.0,940.0
909.0,992.0
910.0,1036.0
911.0,964.0
912.0,974.0
913.0,1233.0
914.0,1362.0
915.0,1159.0
916.0,822.0
917.0,740.0
918.0,782.0
919.0,763.0
920.0,807.0
921.0,863.0
922.0,824.0
923.0,777.0
924.0,799.0
925.0,903.0
926.0,975.0
927.0,913.0
928.0,997.0
929.0,1084.0
930.0,1075.0
931.0,958.0
932.0,907.0
933.0,1053.0
934.0,1057.0
935.0,894.0
936.0,816.0
937.0,791.0
938.0,870.0
939.0,1011.0
940.0,1075.0
941.0,915.0
942.0,860.0
943.0,745.0
944.0,618.0
945.0,604.0
946.0,619.0
947.0,641.0
948.0,673.0
949.0,571.0
950.0,556.0
951.0,668.0
952.0,647.0
953.0,587.0
954.0,538.0
955.0,552.0
956.0,579.0
957.0,644.0
958.0,687.0
959.0,767.0
960.0,924.0
961.0,1179.0
962.0,1079.0
963.0,846.0
964.0,736.0
965.0,783.0
966.0,716.0
967.0,597.0
968.0,524.0
969.0,457.0
970.0,485.0
971.0,502.0
972.0,534.0
973.0,563.0
974.0,575.0
975.0,612.0
976.0,619.0
977.0,605.0
978.0,570.0
979.0,541.0
980.0,499.0
981.0,560.0
982.0,607.0
983.0,605.0
984.0,609.0
985.0,598.0
986.0,671.0
987.0,619.0
988.0,442.0
989.0,428.0
990.0,461.0
991.0,455.0
992.0,444.0
993.0,446.0
994.0,452.0
995.0,450.0
996.0,475.0
997.0,546.0
998.0,619.0
999.0,647.0
1000.0,514.0
1001.0,393.0
1002.0,401.0
1003.0,472.0
1004.0,514.0
1005.0,542.0
1006.0,462.0
1007.0,387.0
1008.0,386.0
1009.0,471.0
1010.0,472.0
1011.0,421.0
1012.0,401.0
1013.0,381.0
1014.0,397.0
1015.0,415.0
1016.0,461.0
1017.0,526.0
1018.0,496.0
1019.0,393.0
1020.0,350.0
1021.0,306.0
1022.0,305.0
1023.0,281.0
