0.0,53.0
1.0,76.0
2.0,62.0
3.0,76.0
4.0,68.0
5.0,82.0
6.0,81.0
7.0,95.0
8.0,76.0
9.0,77.0
10.0,75.0
11.0,89.0
12.0,89.0
13.0,70.0
14.0,78.0
15.0,77.0
16.0,85.0
17.0,69.0
18.0,77.0
19.0,95.0
20.0,112.0
21.0,111.0
22.0,98.0
23.0,83.0
24.0,89.0
25.0,78.0
26.0,88.0
27.0,86.0
28.0,90.0
29.0,93.0
30.0,106.0
31.0,101.0
32.0,100.0
33.0,123.0
34.0,171.0
35.0,190.0
36.0,147.0
37.0,98.0
38.0,95.0
39.0,97.0
40.0,92.0
41.0,93.0
42.0,85.0
43.0,79.0
44.0,84.0
45.0,99.0
46.0,82.0
47.0,84.0
48.0,81.0
49.0,86.0
50.0,99.0
51.0,108.0
52.0,96.0
53.0,124.0
54.0,111.0
55.0,81.0
56.0,105.0
57.0,95.0
58.0,104.0
59.0,105.0
60.0,92.0
61.0,80.0
62.0,74.0
63.0,108.0
64.0,127.0
65.0,206.0
66.0,245.0
67.0,193.0
68.0,119.0
69.0,116.0
70.0,87.0
71.0,112.0
72.0,120.0
73.0,103.0
74.0,90.0
75.0,95.0
76.0,103.0
77.0,107.0
78.0,101.0
79.0,110.0
80.0,117.0
81.0,90.0
82.0,105.0
83.0,111.0
84.0,118.0
85.0,115.0
86.0,130.0
87.0,105.0
88.0,114.0
89.0,114.0
90.0,112.0
91.0,111.0
92.0,119.0
93.0,136.0
94.0,135.0
95.0,139.0
96.0,121.0
97.0,133.0
98.0,148.0
99.0,110.0
100.0,114.0
101.0,117.0
102.0,118.0
103.0,120.0
104.0,136.0
105.0,130.0
106.0,152.0
107.0,157.0
108.0,155.0
109.0,144.0
110.0,124.0
111.0,132.0
112.0,104.0
113.0,142.0
114.0,141.0
115.0,133.0
116.0,131.0
117.0,114.0
118.0,124.0
119.0,128.0
120.0,134.0
121.0,130.0
122.0,110.0
123.0,125.0
124.0,123.0
125.0,121.0
126.0,126.0
127.0,139.0
128.0,123.0
129.0,148.0
130.0,150.0
131.0,142.0
132.0,142.0
133.0,140.0
134.0,137.0
135.0,143.0
136.0,133.0
137.0,154.0
138.0,141.0
139.0,134.0
140.0,116.0
141.0,143.0
142.0,150.0
143.0,152.0
144.0,166.0
145.0,157.0
146.0,140.0
147.0,119.0
148.0,134.0
149.0,161.0
150.0,175.0
151.0,165.0
152.0,145.0
153.0,139.0
154.0,173.0
155.0,163.0
156.0,163.0
157.0,194.0
158.0,185.0
159.0,171.0
160.0,154.0
161.0,145.0
162.0,139.0
163.0,148.0
164.0,151.0
165.0,164.0
166.0,185.0
167.0,188.0
168.0,165.0
169.0,142.0
170.0,151.0
171.0,127.0
172.0,151.0
173.0,142.0
174.0,154.0
175.0,141.0
176.0,159.0
177.0,129.0
178.0,141.0
179.0,166.0
180.0,181.0
181.0,161.0
182.0,149.0
183.0,149.0
184.0,152.0
185.0,156.0
186.0,199.0
187.0,207.0
188.0,225.0
189.0,221.0
190.0,198.0
191.0,192.0
192.0,202.0
193.0,191.0
194.0,181.0
195.0,206.0
196.0,214.0
197.0,254.0
198.0,184.0
199.0,179.0
200.0,148.0
201.0,165.0
202.0,167.0
203.0,173.0
204.0,191.0
205.0,229.0
206.0,200.0
207.0,182.0
208.0,173.0
209.0,163.0
210.0,176.0
211.0,203.0
212.0,157.0
213.0,172.0
214.0,180.0
215.0,212.0
216.0,221.0
217.0,192.0
218.0,193.0
219.0,189.0
220.0,204.0
221.0,208.0
222.0,227.0
223.0,213.0
224.0,200.0
225.0,173.0
226.0,240.0
227.0,258.0
228.0,236.0
229.0,180.0
230.0,176.0
231.0,182.0
232.0,179.0
233.0,163.0
234.0,162.0
235.0,191.0
236.0,227.0
237.0,224.0
238.0,213.0
239.0,204.0
240.0,204.0
241.0,181.0
242.0,155.0
243.0,166.0
244.0,183.0
245.0,187.0
246.0,215.0
247.0,179.0
248.0,203.0
249.0,256.0
250.0,309.0
251.0,316.0
252.0,256.0
253.0,216.0
254.0,230.0
255.0,229.0
256.0,208.0
257.0,179.0
258.0,170.0
259.0,183.0
260.0,187.0
261.0,237.0
262.0,246.0
263.0,326.0
264.0,456.0
265.0,990.0
266.0,2616.0
267.0,4223.0
268.0,2948.0
269.0,971.0
270.0,358.0
271.0,302.0
272.0,308.0
273.0,283.0
274.0,271.0
275.0,286.0
276.0,290.0
277.0,293.0
278.0,417.0
279.0,436.0
280.0,309.0
281.0,215.0
282.0,216.0
283.0,196.0
284.0,203.0
285.0,191.0
286.0,207.0
287.0,232.0
288.0,265.0
289.0,279.0
290.0,304.0
291.0,297.0
292.0,320.0
293.0,332.0
294.0,281.0
295.0,238.0
296.0,258.0
297.0,263.0
298.0,273.0
299.0,245.0
300.0,212.0
301.0,185.0
302.0,182.0
303.0,172.0
304.0,166.0
305.0,174.0
306.0,186.0
307.0,188.0
308.0,219.0
309.0,273.0
310.0,285.0
311.0,273.0
312.0,278.0
313.0,291.0
314.0,271.0
315.0,326.0
316.0,293.0
317.0,222.0
318.0,193.0
319.0,168.0
320.0,165.0
321.0,179.0
322.0,199.0
323.0,195.0
324.0,208.0
325.0,230.0
326.0,283.0
327.0,255.0
328.0,253.0
329.0,320.0
330.0,313.0
331.0,267.0
332.0,264.0
333.0,312.0
334.0,261.0
335.0,244.0
336.0,238.0
337.0,188.0
338.0,196.0
339.0,226.0
340.0,229.0
341.0,199.0
342.0,184.0
343.0,245.0
344.0,282.0
345.0,249.0
346.0,240.0
347.0,238.0
348.0,191.0
349.0,178.0
350.0,179.0
351.0,196.0
352.0,180.0
353.0,193.0
354.0,251.0
355.0,255.0
356.0,248.0
357.0,275.0
358.0,326.0
359.0,300.0
360.0,247.0
361.0,201.0
362.0,233.0
363.0,258.0
364.0,289.0
365.0,256.0
366.0,267.0
367.0,294.0
368.0,274.0
369.0,291.0
370.0,350.0
371.0,368.0
372.0,317.0
373.0,296.0
374.0,253.0
375.0,231.0
376.0,237.0
377.0,238.0
378.0,219.0
379.0,259.0
380.0,307.0
381.0,285.0
382.0,281.0
383.0,327.0
384.0,373.0
385.0,316.0
386.0,262.0
387.0,265.0
388.0,274.0
389.0,300.0
390.0,302.0
391.0,307.0
392.0,369.0
393.0,315.0
394.0,252.0
395.0,247.0
396.0,225.0
397.0,198.0
398.0,220.0
399.0,249.0
400.0,272.0
401.0,284.0
402.0,288.0
403.0,286.0
404.0,291.0
405.0,338.0
406.0,401.0
407.0,398.0
408.0,330.0
409.0,345.0
410.0,359.0
411.0,342.0
412.0,299.0
413.0,267.0
414.0,239.0
415.0,230.0
416.0,257.0
417.0,329.0
418.0,311.0
419.0,269.0
420.0,304.0
421.0,354.0
422.0,330.0
423.0,276.0
424.0,259.0
425.0,282.0
426.0,219.0
427.0,293.0
428.0,348.0
429.0,286.0
430.0,223.0
431.0,223.0
432.0,282.0
433.0,317.0
434.0,314.0
435.0,296.0
436.0,334.0
437.0,379.0
438.0,412.0
439.0,476.0
440.0,440.0
441.0,311.0
442.0,297.0
443.0,322.0
444.0,311.0
445.0,324.0
446.0,310.0
447.0,299.0
448.0,264.0
449.0,282.0
450.0,257.0
451.0,245.0
452.0,244.0
453.0,242.0
454.0,278.0
455.0,294.0
456.0,288.0
457.0,285.0
458.0,300.0
459.0,293.0
460.0,306.0
461.0,343.0
462.0,338.0
463.0,342.0
464.0,311.0
465.0,343.0
466.0,364.0
467.0,370.0
468.0,406.0
469.0,477.0
470.0,447.0
471.0,400.0
472.0,385.0
473.0,353.0
474.0,283.0
475.0,288.0
476.0,342.0
477.0,306.0
478.0,315.0
479.0,301.0
480.0,328.0
481.0,386.0
482.0,374.0
483.0,352.0
484.0,380.0
485.0,383.0
486.0,305.0
487.0,303.0
488.0,325.0
489.0,298.0
490.0,306.0
491.0,302.0
492.0,319.0
493.0,343.0
494.0,368.0
495.0,367.0
496.0,342.0
497.0,415.0
498.0,479.0
499.0,415.0
500.0,338.0
501.0,368.0
502.0,347.0
503.0,347.0
504.0,418.0
505.0,442.0
506.0,375.0
507.0,315.0
508.0,303.0
509.0,306.0
510.0,313.0
511.0,427.0
512.0,992.0
513.0,1436.0
514.0,858.0
515.0,368.0
516.0,307.0
517.0,300.0
518.0,317.0
519.0,328.0
520.0,367.0
521.0,444.0
522.0,475.0
523.0,468.0
524.0,494.0
525.0,491.0
526.0,425.0
527.0,367.0
528.0,341.0
529.0,319.0
530.0,339.0
531.0,418.0
532.0,430.0
533.0,429.0
534.0,443.0
535.0,417.0
536.0,443.0
537.0,576.0
538.0,695.0
539.0,807.0
540.0,947.0
541.0,1154.0
542.0,1335.0
543.0,1633.0
544.0,16563.0
545.0,51942.0
546.0,65835.0
547.0,76421.0
548.0,92888.0
549.0,91211.0
550.0,83936.0
551.0,55511.0
552.0,52430.0
553.0,39950.0
554.0,8258.0
555.0,829.0
556.0,709.0
557.0,669.0
558.0,634.0
559.0,592.0
560.0,535.0
561.0,477.0
562.0,491.0
563.0,524.0
564.0,535.0
565.0,566.0
566.0,546.0
567.0,535.0
568.0,698.0
569.0,593.0
570.0,449.0
571.0,467.0
572.0,492.0
573.0,540.0
574.0,497.0
575.0,453.0
576.0,391.0
577.0,351.0
578.0,406.0
579.0,406.0
580.0,380.0
581.0,386.0
582.0,418.0
583.0,479.0
584.0,591.0
585.0,896.0
586.0,835.0
587.0,539.0
588.0,477.0
589.0,476.0
590.0,375.0
591.0,399.0
592.0,423.0
593.0,418.0
594.0,405.0
595.0,344.0
596.0,354.0
597.0,354.0
598.0,325.0
599.0,303.0
600.0,346.0
601.0,381.0
602.0,433.0
603.0,367.0
604.0,358.0
605.0,375.0
606.0,365.0
607.0,365.0
608.0,369.0
609.0,370.0
610.0,342.0
611.0,345.0
612.0,290.0
613.0,286.0
614.0,298.0
615.0,322.0
616.0,334.0
617.0,388.0
618.0,440.0
619.0,473.0
620.0,432.0
621.0,366.0
622.0,316.0
623.0,349.0
624.0,361.0
625.0,326.0
626.0,324.0
627.0,330.0
628.0,307.0
629.0,304.0
630.0,369.0
631.0,408.0
632.0,389.0
633.0,341.0
634.0,348.0
635.0,320.0
636.0,333.0
637.0,322.0
638.0,335.0
639.0,352.0
640.0,362.0
641.0,369.0
642.0,344.0
643.0,334.0
644.0,326.0
645.0,346.0
646.0,329.0
647.0,318.0
648.0,321.0
649.0,360.0
650.0,383.0
651.0,395.0
652.0,365.0
653.0,358.0
654.0,345.0
655.0,333.0
656.0,268.0
657.0,258.0
658.0,334.0
659.0,447.0
660.0,431.0
661.0,382.0
662.0,397.0
663.0,466.0
664.0,422.0
665.0,345.0
666.0,386.0
667.0,388.0
668.0,344.0
669.0,333.0
670.0,501.0
671.0,1473.0
672.0,2691.0
673.0,2026.0
674.0,700.0
675.0,432.0
676.0,360.0
677.0,334.0
678.0,327.0
679.0,381.0
680.0,414.0
681.0,348.0
682.0,472.0
683.0,1094.0
684.0,1460.0
685.0,877.0
686.0,444.0
687.0,397.0
688.0,340.0
689.0,288.0
690.0,287.0
691.0,408.0
692.0,774.0
693.0,1115.0
694.0,819.0
695.0,411.0
696.0,339.0
697.0,355.0
698.0,355.0
699.0,286.0
700.0,289.0
701.0,325.0
702.0,335.0
703.0,323.0
704.0,411.0
705.0,424.0
706.0,396.0
707.0,358.0
708.0,332.0
709.0,349.0
710.0,378.0
711.0,419.0
712.0,433.0
713.0,492.0
714.0,1265.0
715.0,4484.0
716.0,6236.0
717.0,3159.0
718.0,751.0
719.0,436.0
720.0,366.0
721.0,334.0
722.0,313.0
723.0,294.0
724.0,272.0
725.0,283.0
726.0,319.0
727.0,375.0
728.0,338.0
729.0,298.0
730.0,286.0
731.0,336.0
732.0,449.0
733.0,372.0
734.0,267.0
735.0,283.0
736.0,323.0
737.0,350.0
738.0,342.0
739.0,347.0
740.0,360.0
741.0,409.0
742.0,429.0
743.0,358.0
744.0,309.0
745.0,297.0
746.0,320.0
747.0,314.0
748.0,316.0
749.0,283.0
750.0,271.0
751.0,300.0
752.0,285.0
753.0,290.0
754.0,362.0
755.0,417.0
756.0,354.0
757.0,303.0
758.0,351.0
759.0,339.0
760.0,328.0
761.0,372.0
762.0,451.0
763.0,349.0
764.0,298.0
765.0,247.0
766.0,261.0
767.0,288.0
768.0,332.0
769.0,325.0
770.0,307.0
771.0,324.0
772.0,343.0
773.0,357.0
774.0,332.0
775.0,316.0
776.0,336.0
777.0,345.0
778.0,384.0
779.0,323.0
780.0,310.0
781.0,299.0
782.0,293.0
783.0,299.0
784.0,270.0
785.0,298.0
786.0,435.0
787.0,699.0
788.0,626.0
789.0,381.0
790.0,269.0
791.0,274.0
792.0,309.0
793.0,323.0
794.0,345.0
795.0,317.0
796.0,323.0
797.0,372.0
798.0,379.0
799.0,351.0
800.0,310.0
801.0,282.0
802.0,293.0
803.0,252.0
804.0,266.0
805.0,265.0
806.0,274.0
807.0,263.0
808.0,277.0
809.0,310.0
810.0,343.0
811.0,448.0
812.0,449.0
813.0,307.0
814.0,314.0
815.0,347.0
816.0,383.0
817.0,383.0
818.0,410.0
819.0,1272.0
820.0,5284.0
821.0,6645.0
822.0,2629.0
823.0,536.0
824.0,363.0
825.0,315.0
826.0,331.0
827.0,311.0
828.0,287.0
829.0,266.0
830.0,303.0
831.0,328.0
832.0,357.0
833.0,394.0
834.0,357.0
835.0,300.0
836.0,275.0
837.0,264.0
838.0,281.0
839.0,292.0
840.0,321.0
841.0,420.0
842.0,455.0
843.0,334.0
844.0,332.0
845.0,378.0
846.0,360.0
847.0,392.0
848.0,363.0
849.0,327.0
850.0,264.0
851.0,263.0
852.0,290.0
853.0,278.0
854.0,270.0
855.0,250.0
856.0,269.0
857.0,278.0
858.0,318.0
859.0,302.0
860.0,304.0
861.0,363.0
862.0,388.0
863.0,402.0
864.0,1127.0
865.0,3281.0
866.0,2963.0
867.0,1017.0
868.0,488.0
869.0,338.0
870.0,351.0
871.0,353.0
872.0,332.0
873.0,319.0
874.0,276.0
875.0,285.0
876.0,346.0
877.0,348.0
878.0,349.0
879.0,337.0
880.0,434.0
881.0,805.0
882.0,1202.0
883.0,869.0
884.0,424.0
885.0,330.0
886.0,340.0
887.0,413.0
888.0,417.0
889.0,317.0
890.0,270.0
891.0,283.0
892.0,284.0
893.0,272.0
894.0,266.0
895.0,272.0
896.0,282.0
897.0,356.0
898.0,331.0
899.0,272.0
900.0,305.0
901.0,317.0
902.0,413.0
903.0,391.0
904.0,308.0
905.0,286.0
906.0,274.0
907.0,343.0
908.0,481.0
909.0,530.0
910.0,387.0
911.0,280.0
912.0,266.0
913.0,286.0
914.0,287.0
915.0,296.0
916.0,296.0
917.0,303.0
918.0,367.0
919.0,303.0
920.0,249.0
921.0,263.0
922.0,318.0
923.0,279.0
924.0,259.0
925.0,221.0
926.0,222.0
927.0,216.0
928.0,219.0
929.0,248.0
930.0,263.0
931.0,284.0
932.0,320.0
933.0,363.0
934.0,361.0
935.0,356.0
936.0,317.0
937.0,305.0
938.0,297.0
939.0,344.0
940.0,345.0
941.0,392.0
942.0,328.0
943.0,289.0
944.0,322.0
945.0,253.0
946.0,256.0
947.0,270.0
948.0,237.0
949.0,221.0
950.0,245.0
951.0,250.0
952.0,220.0
953.0,230.0
954.0,230.0
955.0,226.0
956.0,236.0
957.0,250.0
958.0,267.0
959.0,295.0
960.0,366.0
961.0,359.0
962.0,267.0
963.0,236.0
964.0,260.0
965.0,255.0
966.0,268.0
967.0,243.0
968.0,248.0
969.0,290.0
970.0,411.0
971.0,358.0
972.0,280.0
973.0,293.0
974.0,271.0
975.0,232.0
976.0,239.0
977.0,259.0
978.0,270.0
979.0,264.0
980.0,341.0
981.0,335.0
982.0,304.0
983.0,341.0
984.0,328.0
985.0,324.0
986.0,315.0
987.0,296.0
988.0,276.0
989.0,335.0
990.0,389.0
991.0,388.0
992.0,368.0
993.0,290.0
994.0,300.0
995.0,350.0
996.0,307.0
997.0,256.0
998.0,231.0
999.0,239.0
1000.0,256.0
1001.0,287.0
1002.0,280.0
1003.0,280.0
1004.0,261.0
1005.0,297.0
1006.0,291.0
1007.0,325.0
1008.0,322.0
1009.0,244.0
1010.0,232.0
1011.0,257.0
1012.0,249.0
1013.0,268.0
1014.0,311.0
1015.0,317.0
1016.0,278.0
1017.0,333.0
1018.0,378.0
1019.0,319.0
1020.0,273.0
1021.0,243.0
1022.0,245.0
1023.0,244.0
