0.0,10.0
1.0,37.0
2.0,36.0
3.0,56.0
4.0,53.0
5.0,42.0
6.0,51.0
7.0,44.0
8.0,57.0
9.0,31.0
10.0,49.0
11.0,63.0
12.0,61.0
13.0,49.0
14.0,42.0
15.0,56.0
16.0,72.0
17.0,53.0
18.0,56.0
19.0,52.0
20.0,61.0
21.0,52.0
22.0,46.0
23.0,61.0
24.0,66.0
25.0,72.0
26.0,72.0
27.0,60.0
28.0,74.0
29.0,77.0
30.0,65.0
31.0,76.0
32.0,71.0
33.0,76.0
34.0,78.0
35.0,85.0
36.0,80.0
37.0,74.0
38.0,68.0
39.0,82.0
40.0,82.0
41.0,84.0
42.0,91.0
43.0,81.0
44.0,96.0
45.0,90.0
46.0,104.0
47.0,111.0
48.0,95.0
49.0,71.0
50.0,119.0
51.0,125.0
52.0,106.0
53.0,116.0
54.0,124.0
55.0,140.0
56.0,122.0
57.0,133.0
58.0,117.0
59.0,108.0
60.0,113.0
61.0,103.0
62.0,82.0
63.0,123.0
64.0,186.0
65.0,184.0
66.0,152.0
67.0,170.0
68.0,181.0
69.0,162.0
70.0,163.0
71.0,167.0
72.0,164.0
73.0,164.0
74.0,158.0
75.0,139.0
76.0,155.0
77.0,149.0
78.0,138.0
79.0,164.0
80.0,186.0
81.0,159.0
82.0,142.0
83.0,151.0
84.0,166.0
85.0,178.0
86.0,216.0
87.0,232.0
88.0,214.0
89.0,189.0
90.0,157.0
91.0,211.0
92.0,268.0
93.0,299.0
94.0,252.0
95.0,248.0
96.0,312.0
97.0,367.0
98.0,394.0
99.0,362.0
100.0,316.0
101.0,267.0
102.0,235.0
103.0,268.0
104.0,290.0
105.0,302.0
106.0,253.0
107.0,213.0
108.0,238.0
109.0,270.0
110.0,306.0
111.0,305.0
112.0,337.0
113.0,348.0
114.0,365.0
115.0,277.0
116.0,231.0
117.0,250.0
118.0,267.0
119.0,398.0
120.0,558.0
121.0,531.0
122.0,383.0
123.0,376.0
124.0,406.0
125.0,399.0
126.0,474.0
127.0,471.0
128.0,405.0
129.0,341.0
130.0,374.0
131.0,510.0
132.0,591.0
133.0,588.0
134.0,497.0
135.0,401.0
136.0,365.0
137.0,329.0
138.0,430.0
139.0,451.0
140.0,423.0
141.0,373.0
142.0,326.0
143.0,306.0
144.0,506.0
145.0,584.0
146.0,498.0
147.0,415.0
148.0,466.0
149.0,595.0
150.0,715.0
151.0,647.0
152.0,507.0
153.0,579.0
154.0,672.0
155.0,765.0
156.0,687.0
157.0,627.0
158.0,721.0
159.0,800.0
160.0,762.0
161.0,725.0
162.0,595.0
163.0,489.0
164.0,596.0
165.0,724.0
166.0,720.0
167.0,527.0
168.0,403.0
169.0,408.0
170.0,416.0
171.0,565.0
172.0,545.0
173.0,604.0
174.0,813.0
175.0,1096.0
176.0,1058.0
177.0,921.0
178.0,902.0
179.0,1050.0
180.0,934.0
181.0,856.0
182.0,756.0
183.0,729.0
184.0,679.0
185.0,717.0
186.0,850.0
187.0,981.0
188.0,1024.0
189.0,1069.0
190.0,1130.0
191.0,1244.0
192.0,1129.0
193.0,885.0
194.0,692.0
195.0,703.0
196.0,929.0
197.0,975.0
198.0,667.0
199.0,553.0
200.0,723.0
201.0,1091.0
202.0,1202.0
203.0,934.0
204.0,898.0
205.0,994.0
206.0,885.0
207.0,738.0
208.0,769.0
209.0,802.0
210.0,738.0
211.0,852.0
212.0,831.0
213.0,808.0
214.0,846.0
215.0,961.0
216.0,1230.0
217.0,1260.0
218.0,1067.0
219.0,892.0
220.0,900.0
221.0,1130.0
222.0,1372.0
223.0,1204.0
224.0,900.0
225.0,863.0
226.0,1067.0
227.0,1305.0
228.0,1489.0
229.0,1603.0
230.0,1518.0
231.0,1112.0
232.0,1046.0
233.0,1161.0
234.0,1061.0
235.0,833.0
236.0,677.0
237.0,686.0
238.0,688.0
239.0,1090.0
240.0,1705.0
241.0,1685.0
242.0,1285.0
243.0,1227.0
244.0,1335.0
245.0,1416.0
246.0,1315.0
247.0,1103.0
248.0,1208.0
249.0,1387.0
250.0,1520.0
251.0,1537.0
252.0,1112.0
253.0,1089.0
254.0,1327.0
255.0,1608.0
256.0,1634.0
257.0,1401.0
258.0,947.0
259.0,613.0
260.0,590.0
261.0,827.0
262.0,1170.0
263.0,1175.0
264.0,726.0
265.0,699.0
266.0,1092.0
267.0,1413.0
268.0,1657.0
269.0,1865.0
270.0,2086.0
271.0,2029.0
272.0,1879.0
273.0,1750.0
274.0,1654.0
275.0,1483.0
276.0,1203.0
277.0,906.0
278.0,1065.0
279.0,1499.0
280.0,2040.0
281.0,2338.0
282.0,2278.0
283.0,1953.0
284.0,1688.0
285.0,1262.0
286.0,1114.0
287.0,1281.0
288.0,1394.0
289.0,1642.0
290.0,1789.0
291.0,1667.0
292.0,1460.0
293.0,1234.0
294.0,1017.0
295.0,1281.0
296.0,1706.0
297.0,2013.0
298.0,2230.0
299.0,2629.0
300.0,2479.0
301.0,1904.0
302.0,1408.0
303.0,1314.0
304.0,1740.0
305.0,1682.0
306.0,1275.0
307.0,1217.0
308.0,1442.0
309.0,1654.0
310.0,1688.0
311.0,1621.0
312.0,1509.0
313.0,1481.0
314.0,1576.0
315.0,1628.0
316.0,1552.0
317.0,1498.0
318.0,1397.0
319.0,1155.0
320.0,968.0
321.0,1190.0
322.0,1513.0
323.0,1883.0
324.0,2299.0
325.0,2172.0
326.0,1653.0
327.0,1521.0
328.0,1599.0
329.0,1735.0
330.0,1947.0
331.0,1547.0
332.0,1210.0
333.0,1263.0
334.0,1555.0
335.0,2029.0
336.0,2344.0
337.0,2290.0
338.0,1963.0
339.0,1724.0
340.0,1401.0
341.0,1007.0
342.0,931.0
343.0,1139.0
344.0,1543.0
345.0,1808.0
346.0,1855.0
347.0,2005.0
348.0,2182.0
349.0,2022.0
350.0,1754.0
351.0,1863.0
352.0,2011.0
353.0,1947.0
354.0,1645.0
355.0,1514.0
356.0,1520.0
357.0,1609.0
358.0,1686.0
359.0,1823.0
360.0,1900.0
361.0,2005.0
362.0,1868.0
363.0,1381.0
364.0,1165.0
365.0,1470.0
366.0,2104.0
367.0,2531.0
368.0,3051.0
369.0,2708.0
370.0,1980.0
371.0,1705.0
372.0,1786.0
373.0,1592.0
374.0,1278.0
375.0,1193.0
376.0,1190.0
377.0,1192.0
378.0,1182.0
379.0,1331.0
380.0,1595.0
381.0,1819.0
382.0,1963.0
383.0,1935.0
384.0,1733.0
385.0,1681.0
386.0,2058.0
387.0,2300.0
388.0,2201.0
389.0,1807.0
390.0,1429.0
391.0,1385.0
392.0,1616.0
393.0,1897.0
394.0,2071.0
395.0,2102.0
396.0,1921.0
397.0,1631.0
398.0,1675.0
399.0,1943.0
400.0,2045.0
401.0,1884.0
402.0,1591.0
403.0,1737.0
404.0,2683.0
405.0,3242.0
406.0,2798.0
407.0,2059.0
408.0,1637.0
409.0,1535.0
410.0,1499.0
411.0,1443.0
412.0,1486.0
413.0,1585.0
414.0,1387.0
415.0,1252.0
416.0,2011.0
417.0,4650.0
418.0,6010.0
419.0,4614.0
420.0,3400.0
421.0,2613.0
422.0,2029.0
423.0,1815.0
424.0,1916.0
425.0,1966.0
426.0,1809.0
427.0,1828.0
428.0,1933.0
429.0,2327.0
430.0,2462.0
431.0,2271.0
432.0,2300.0
433.0,2417.0
434.0,2694.0
435.0,3337.0
436.0,3591.0
437.0,3988.0
438.0,4014.0
439.0,2720.0
440.0,1435.0
441.0,1213.0
442.0,1244.0
443.0,1248.0
444.0,1446.0
445.0,1848.0
446.0,2101.0
447.0,2189.0
448.0,2121.0
449.0,2104.0
450.0,2053.0
451.0,1979.0
452.0,2129.0
453.0,2162.0
454.0,1871.0
455.0,1658.0
456.0,1682.0
457.0,1806.0
458.0,1734.0
459.0,1527.0
460.0,1553.0
461.0,1870.0
462.0,2260.0
463.0,2360.0
464.0,2280.0
465.0,2172.0
466.0,1961.0
467.0,2091.0
468.0,2185.0
469.0,1936.0
470.0,1972.0
471.0,2112.0
472.0,2320.0
473.0,2445.0
474.0,2336.0
475.0,2104.0
476.0,1853.0
477.0,2104.0
478.0,2283.0
479.0,2273.0
480.0,2069.0
481.0,2216.0
482.0,2196.0
483.0,1974.0
484.0,2000.0
485.0,2108.0
486.0,2023.0
487.0,1999.0
488.0,1824.0
489.0,2098.0
490.0,2517.0
491.0,2185.0
492.0,1960.0
493.0,2160.0
494.0,2033.0
495.0,2154.0
496.0,2340.0
497.0,2157.0
498.0,2079.0
499.0,2066.0
500.0,2195.0
501.0,2477.0
502.0,2447.0
503.0,2686.0
504.0,3052.0
505.0,3481.0
506.0,3614.0
507.0,3233.0
508.0,3018.0
509.0,2669.0
510.0,2405.0
511.0,2357.0
512.0,2015.0
513.0,1929.0
514.0,1988.0
515.0,1676.0
516.0,1538.0
517.0,1744.0
518.0,2038.0
519.0,2254.0
520.0,2354.0
521.0,2103.0
522.0,2093.0
523.0,2111.0
524.0,1766.0
525.0,1417.0
526.0,1238.0
527.0,1649.0
528.0,2284.0
529.0,2414.0
530.0,2590.0
531.0,2998.0
532.0,2962.0
533.0,2467.0
534.0,2148.0
535.0,2291.0
536.0,2485.0
537.0,2526.0
538.0,2255.0
539.0,1929.0
540.0,2094.0
541.0,2125.0
542.0,1864.0
543.0,1725.0
544.0,2207.0
545.0,2324.0
546.0,2025.0
547.0,2179.0
548.0,2375.0
549.0,2193.0
550.0,1869.0
551.0,1807.0
552.0,1756.0
553.0,2041.0
554.0,2456.0
555.0,2230.0
556.0,2164.0
557.0,1982.0
558.0,2370.0
559.0,3348.0
560.0,3348.0
561.0,2817.0
562.0,2730.0
563.0,3373.0
564.0,3079.0
565.0,2406.0
566.0,2338.0
567.0,2329.0
568.0,2325.0
569.0,2455.0
570.0,2188.0
571.0,1754.0
572.0,1879.0
573.0,2215.0
574.0,2497.0
575.0,2795.0
576.0,2745.0
577.0,2583.0
578.0,2369.0
579.0,2327.0
580.0,2546.0
581.0,2327.0
582.0,2328.0
583.0,2885.0
584.0,3689.0
585.0,4232.0
586.0,3872.0
587.0,3259.0
588.0,2929.0
589.0,2446.0
590.0,2207.0
591.0,2188.0
592.0,2167.0
593.0,1856.0
594.0,1435.0
595.0,1126.0
596.0,1029.0
597.0,1103.0
598.0,1351.0
599.0,1411.0
600.0,1479.0
601.0,1751.0
602.0,1662.0
603.0,1641.0
604.0,1747.0
605.0,1829.0
606.0,2186.0
607.0,2483.0
608.0,2169.0
609.0,1822.0
610.0,1881.0
611.0,2079.0
612.0,1984.0
613.0,2018.0
614.0,2388.0
615.0,2233.0
616.0,2091.0
617.0,2342.0
618.0,2402.0
619.0,2175.0
620.0,2124.0
621.0,2136.0
622.0,2194.0
623.0,2000.0
624.0,1616.0
625.0,1595.0
626.0,1782.0
627.0,2140.0
628.0,2440.0
629.0,2232.0
630.0,2112.0
631.0,2191.0
632.0,1874.0
633.0,1780.0
634.0,2009.0
635.0,2186.0
636.0,1939.0
637.0,1649.0
638.0,1687.0
639.0,1619.0
640.0,1577.0
641.0,1819.0
642.0,2145.0
643.0,2149.0
644.0,2094.0
645.0,2138.0
646.0,1784.0
647.0,1640.0
648.0,1947.0
649.0,2061.0
650.0,2083.0
651.0,2442.0
652.0,5073.0
653.0,16114.0
654.0,25687.0
655.0,24189.0
656.0,19753.0
657.0,14623.0
658.0,10135.0
659.0,13886.0
660.0,14140.0
661.0,8443.0
662.0,5325.0
663.0,6879.0
664.0,14199.0
665.0,13226.0
666.0,5074.0
667.0,3975.0
668.0,6821.0
669.0,8100.0
670.0,15786.0
671.0,27424.0
672.0,25380.0
673.0,15779.0
674.0,7536.0
675.0,10399.0
676.0,13840.0
677.0,9670.0
678.0,12848.0
679.0,15893.0
680.0,10003.0
681.0,13488.0
682.0,17327.0
683.0,8954.0
684.0,2831.0
685.0,2393.0
686.0,3177.0
687.0,9762.0
688.0,23450.0
689.0,28685.0
690.0,17277.0
691.0,6486.0
692.0,5741.0
693.0,5332.0
694.0,3512.0
695.0,2695.0
696.0,3222.0
697.0,11399.0
698.0,28268.0
699.0,29703.0
700.0,13528.0
701.0,3563.0
702.0,2662.0
703.0,5298.0
704.0,7512.0
705.0,5427.0
706.0,3238.0
707.0,6784.0
708.0,19599.0
709.0,22642.0
710.0,13601.0
711.0,14914.0
712.0,13174.0
713.0,5071.0
714.0,2332.0
715.0,2645.0
716.0,5907.0
717.0,7843.0
718.0,5066.0
719.0,8156.0
720.0,21417.0
721.0,22092.0
722.0,8174.0
723.0,2950.0
724.0,7656.0
725.0,15684.0
726.0,12864.0
727.0,4437.0
728.0,2184.0
729.0,2323.0
730.0,5047.0
731.0,9042.0
732.0,9852.0
733.0,17844.0
734.0,23892.0
735.0,12829.0
736.0,3343.0
737.0,1898.0
738.0,2089.0
739.0,5146.0
740.0,12518.0
741.0,12760.0
742.0,5614.0
743.0,2269.0
744.0,2023.0
745.0,2667.0
746.0,6866.0
747.0,14637.0
748.0,24430.0
749.0,23931.0
750.0,10286.0
751.0,2520.0
752.0,1695.0
753.0,1535.0
754.0,1390.0
755.0,1779.0
756.0,5788.0
757.0,12397.0
758.0,10268.0
759.0,3758.0
760.0,2120.0
761.0,2144.0
762.0,2517.0
763.0,7252.0
764.0,23194.0
765.0,29747.0
766.0,14708.0
767.0,3310.0
768.0,1894.0
769.0,1950.0
770.0,1927.0
771.0,1953.0
772.0,2055.0
773.0,2286.0
774.0,4859.0
775.0,10920.0
776.0,10659.0
777.0,4448.0
778.0,2232.0
779.0,2216.0
780.0,2445.0
781.0,7273.0
782.0,23216.0
783.0,29381.0
784.0,13867.0
785.0,3327.0
786.0,1695.0
787.0,1459.0
788.0,1389.0
789.0,1328.0
790.0,1394.0
791.0,1481.0
792.0,1626.0
793.0,2533.0
794.0,6526.0
795.0,10587.0
796.0,7684.0
797.0,3375.0
798.0,2325.0
799.0,2490.0
800.0,5444.0
801.0,17000.0
802.0,24216.0
803.0,17363.0
804.0,8452.0
805.0,3084.0
806.0,1828.0
807.0,1759.0
808.0,1948.0
809.0,2023.0
810.0,1881.0
811.0,1761.0
812.0,1910.0
813.0,2263.0
814.0,3171.0
815.0,6574.0
816.0,10104.0
817.0,7158.0
818.0,2726.0
819.0,1596.0
820.0,2156.0
821.0,9041.0
822.0,18834.0
823.0,15873.0
824.0,10217.0
825.0,9492.0
826.0,4771.0
827.0,1635.0
828.0,1434.0
829.0,1398.0
830.0,1401.0
831.0,1597.0
832.0,1779.0
833.0,2193.0
834.0,2364.0
835.0,1776.0
836.0,1614.0
837.0,3776.0
838.0,9539.0
839.0,9921.0
840.0,4625.0
841.0,2483.0
842.0,2649.0
843.0,8589.0
844.0,16826.0
845.0,12397.0
846.0,4833.0
847.0,7264.0
848.0,8521.0
849.0,4581.0
850.0,1900.0
851.0,1204.0
852.0,1121.0
853.0,1299.0
854.0,1542.0
855.0,1554.0
856.0,1306.0
857.0,1219.0
858.0,1136.0
859.0,1120.0
860.0,1319.0
861.0,2980.0
862.0,6347.0
863.0,6009.0
864.0,3026.0
865.0,2442.0
866.0,6108.0
867.0,15357.0
868.0,15236.0
869.0,5886.0
870.0,2442.0
871.0,5030.0
872.0,7599.0
873.0,4775.0
874.0,1665.0
875.0,1214.0
876.0,1125.0
877.0,1261.0
878.0,1337.0
879.0,1298.0
880.0,1287.0
881.0,1488.0
882.0,1459.0
883.0,1362.0
884.0,1274.0
885.0,1224.0
886.0,2057.0
887.0,4762.0
888.0,5284.0
889.0,2769.0
890.0,1977.0
891.0,5914.0
892.0,11997.0
893.0,9384.0
894.0,3196.0
895.0,1579.0
896.0,2176.0
897.0,5461.0
898.0,6469.0
899.0,3068.0
900.0,1080.0
901.0,967.0
902.0,1111.0
903.0,1211.0
904.0,1309.0
905.0,1329.0
906.0,1284.0
907.0,1297.0
908.0,1332.0
909.0,1313.0
910.0,1221.0
911.0,1293.0
912.0,1576.0
913.0,2693.0
914.0,4436.0
915.0,3698.0
916.0,1997.0
917.0,4292.0
918.0,9274.0
919.0,7589.0
920.0,2675.0
921.0,1330.0
922.0,1143.0
923.0,1657.0
924.0,4210.0
925.0,5493.0
926.0,2766.0
927.0,1090.0
928.0,1174.0
929.0,1266.0
930.0,1122.0
931.0,1178.0
932.0,1100.0
933.0,823.0
934.0,774.0
935.0,809.0
936.0,847.0
937.0,885.0
938.0,982.0
939.0,1290.0
940.0,1734.0
941.0,2529.0
942.0,3726.0
943.0,3343.0
944.0,3100.0
945.0,8781.0
946.0,10843.0
947.0,4965.0
948.0,1334.0
949.0,871.0
950.0,793.0
951.0,1042.0
952.0,2466.0
953.0,4416.0
954.0,3325.0
955.0,1175.0
956.0,676.0
957.0,632.0
958.0,751.0
959.0,876.0
960.0,876.0
961.0,699.0
962.0,631.0
963.0,658.0
964.0,716.0
965.0,852.0
966.0,1014.0
967.0,1030.0
968.0,1082.0
969.0,1268.0
970.0,1783.0
971.0,3246.0
972.0,3912.0
973.0,3093.0
974.0,4861.0
975.0,5270.0
976.0,2170.0
977.0,811.0
978.0,674.0
979.0,671.0
980.0,749.0
981.0,923.0
982.0,2057.0
983.0,3206.0
984.0,2018.0
985.0,885.0
986.0,757.0
987.0,679.0
988.0,646.0
989.0,587.0
990.0,609.0
991.0,598.0
992.0,537.0
993.0,491.0
994.0,478.0
995.0,504.0
996.0,647.0
997.0,850.0
998.0,796.0
999.0,610.0
1000.0,544.0
1001.0,819.0
1002.0,1466.0
1003.0,1699.0
1004.0,2909.0
1005.0,3466.0
1006.0,1718.0
1007.0,604.0
1008.0,460.0
1009.0,466.0
1010.0,437.0
1011.0,448.0
1012.0,600.0
1013.0,1454.0
1014.0,2221.0
1015.0,1442.0
1016.0,643.0
1017.0,490.0
1018.0,435.0
1019.0,448.0
1020.0,391.0
1021.0,424.0
1022.0,587.0
1023.0,659.0
