0.0,20.0
1.0,32.0
2.0,41.0
3.0,42.0
4.0,45.0
5.0,55.0
6.0,63.0
7.0,56.0
8.0,61.0
9.0,55.0
10.0,55.0
11.0,52.0
12.0,65.0
13.0,59.0
14.0,67.0
15.0,74.0
16.0,58.0
17.0,82.0
18.0,70.0
19.0,64.0
20.0,65.0
21.0,67.0
22.0,59.0
23.0,60.0
24.0,57.0
25.0,59.0
26.0,60.0
27.0,72.0
28.0,81.0
29.0,70.0
30.0,67.0
31.0,80.0
32.0,77.0
33.0,93.0
34.0,77.0
35.0,86.0
36.0,79.0
37.0,75.0
38.0,99.0
39.0,98.0
40.0,88.0
41.0,107.0
42.0,97.0
43.0,116.0
44.0,110.0
45.0,103.0
46.0,99.0
47.0,108.0
48.0,98.0
49.0,106.0
50.0,120.0
51.0,118.0
52.0,132.0
53.0,131.0
54.0,127.0
55.0,133.0
56.0,123.0
57.0,94.0
58.0,103.0
59.0,111.0
60.0,112.0
61.0,110.0
62.0,135.0
63.0,200.0
64.0,168.0
65.0,149.0
66.0,167.0
67.0,174.0
68.0,156.0
69.0,158.0
70.0,160.0
71.0,164.0
72.0,156.0
73.0,154.0
74.0,157.0
75.0,158.0
76.0,150.0
77.0,149.0
78.0,181.0
79.0,183.0
80.0,161.0
81.0,148.0
82.0,146.0
83.0,157.0
84.0,187.0
85.0,216.0
86.0,213.0
87.0,205.0
88.0,165.0
89.0,157.0
90.0,238.0
91.0,301.0
92.0,264.0
93.0,252.0
94.0,275.0
95.0,330.0
96.0,378.0
97.0,355.0
98.0,352.0
99.0,284.0
100.0,246.0
101.0,225.0
102.0,268.0
103.0,288.0
104.0,236.0
105.0,218.0
106.0,205.0
107.0,230.0
108.0,271.0
109.0,291.0
110.0,313.0
111.0,371.0
112.0,346.0
113.0,307.0
114.0,236.0
115.0,227.0
116.0,234.0
117.0,296.0
118.0,444.0
119.0,534.0
120.0,424.0
121.0,362.0
122.0,363.0
123.0,367.0
124.0,398.0
125.0,431.0
126.0,425.0
127.0,353.0
128.0,310.0
129.0,400.0
130.0,507.0
131.0,549.0
132.0,508.0
133.0,422.0
134.0,340.0
135.0,331.0
136.0,342.0
137.0,414.0
138.0,390.0
139.0,351.0
140.0,333.0
141.0,286.0
142.0,348.0
143.0,495.0
144.0,493.0
145.0,422.0
146.0,422.0
147.0,443.0
148.0,545.0
149.0,615.0
150.0,523.0
151.0,497.0
152.0,574.0
153.0,674.0
154.0,659.0
155.0,560.0
156.0,599.0
157.0,692.0
158.0,715.0
159.0,660.0
160.0,592.0
161.0,504.0
162.0,489.0
163.0,591.0
164.0,665.0
165.0,603.0
166.0,422.0
167.0,371.0
168.0,376.0
169.0,440.0
170.0,476.0
171.0,509.0
172.0,650.0
173.0,836.0
174.0,974.0
175.0,912.0
176.0,777.0
177.0,868.0
178.0,876.0
179.0,778.0
180.0,718.0
181.0,659.0
182.0,652.0
183.0,630.0
184.0,688.0
185.0,812.0
186.0,884.0
187.0,906.0
188.0,964.0
189.0,1047.0
190.0,1039.0
191.0,869.0
192.0,673.0
193.0,611.0
194.0,691.0
195.0,855.0
196.0,733.0
197.0,528.0
198.0,538.0
199.0,783.0
200.0,1023.0
201.0,888.0
202.0,789.0
203.0,863.0
204.0,824.0
205.0,680.0
206.0,671.0
207.0,686.0
208.0,692.0
209.0,692.0
210.0,733.0
211.0,700.0
212.0,744.0
213.0,784.0
214.0,951.0
215.0,1078.0
216.0,997.0
217.0,862.0
218.0,759.0
219.0,862.0
220.0,1065.0
221.0,1149.0
222.0,945.0
223.0,778.0
224.0,841.0
225.0,1020.0
226.0,1184.0
227.0,1358.0
228.0,1380.0
229.0,1197.0
230.0,965.0
231.0,985.0
232.0,1016.0
233.0,848.0
234.0,680.0
235.0,642.0
236.0,615.0
237.0,775.0
238.0,1219.0
239.0,1513.0
240.0,1298.0
241.0,1073.0
242.0,1116.0
243.0,1208.0
244.0,1191.0
245.0,1055.0
246.0,997.0
247.0,1124.0
248.0,1264.0
249.0,1357.0
250.0,1159.0
251.0,930.0
252.0,1035.0
253.0,1268.0
254.0,1419.0
255.0,1303.0
256.0,1016.0
257.0,662.0
258.0,499.0
259.0,595.0
260.0,878.0
261.0,1034.0
262.0,877.0
263.0,627.0
264.0,770.0
265.0,1108.0
266.0,1324.0
267.0,1538.0
268.0,1708.0
269.0,1773.0
270.0,1675.0
271.0,1515.0
272.0,1492.0
273.0,1357.0
274.0,1152.0
275.0,925.0
276.0,857.0
277.0,1126.0
278.0,1528.0
279.0,1887.0
280.0,2047.0
281.0,1883.0
282.0,1629.0
283.0,1337.0
284.0,1054.0
285.0,1041.0
286.0,1190.0
287.0,1314.0
288.0,1519.0
289.0,1511.0
290.0,1374.0
291.0,1237.0
292.0,1027.0
293.0,962.0
294.0,1336.0
295.0,1657.0
296.0,1841.0
297.0,2134.0
298.0,2287.0
299.0,1947.0
300.0,1455.0
301.0,1185.0
302.0,1357.0
303.0,1548.0
304.0,1295.0
305.0,1030.0
306.0,1124.0
307.0,1344.0
308.0,1476.0
309.0,1429.0
310.0,1407.0
311.0,1307.0
312.0,1350.0
313.0,1452.0
314.0,1443.0
315.0,1373.0
316.0,1288.0
317.0,1114.0
318.0,929.0
319.0,940.0
320.0,1229.0
321.0,1483.0
322.0,1893.0
323.0,2061.0
324.0,1669.0
325.0,1342.0
326.0,1399.0
327.0,1494.0
328.0,1620.0
329.0,1578.0
330.0,1222.0
331.0,1077.0
332.0,1260.0
333.0,1545.0
334.0,1919.0
335.0,2101.0
336.0,1887.0
337.0,1580.0
338.0,1403.0
339.0,1053.0
340.0,824.0
341.0,887.0
342.0,1124.0
343.0,1463.0
344.0,1630.0
345.0,1762.0
346.0,1852.0
347.0,1820.0
348.0,1713.0
349.0,1549.0
350.0,1675.0
351.0,1729.0
352.0,1567.0
353.0,1345.0
354.0,1335.0
355.0,1379.0
356.0,1479.0
357.0,1599.0
358.0,1608.0
359.0,1738.0
360.0,1758.0
361.0,1458.0
362.0,1161.0
363.0,1136.0
364.0,1557.0
365.0,2054.0
366.0,2478.0
367.0,2636.0
368.0,2110.0
369.0,1612.0
370.0,1550.0
371.0,1488.0
372.0,1280.0
373.0,1100.0
374.0,1079.0
375.0,1084.0
376.0,1089.0
377.0,1085.0
378.0,1312.0
379.0,1552.0
380.0,1665.0
381.0,1774.0
382.0,1620.0
383.0,1461.0
384.0,1655.0
385.0,1967.0
386.0,2032.0
387.0,1813.0
388.0,1462.0
389.0,1251.0
390.0,1326.0
391.0,1605.0
392.0,1748.0
393.0,1860.0
394.0,1760.0
395.0,1574.0
396.0,1441.0
397.0,1620.0
398.0,1756.0
399.0,1742.0
400.0,1562.0
401.0,1425.0
402.0,1927.0
403.0,2673.0
404.0,2731.0
405.0,2204.0
406.0,1632.0
407.0,1429.0
408.0,1362.0
409.0,1381.0
410.0,1331.0
411.0,1390.0
412.0,1340.0
413.0,1190.0
414.0,1461.0
415.0,2969.0
416.0,4948.0
417.0,4860.0
418.0,3559.0
419.0,2751.0
420.0,2051.0
421.0,1748.0
422.0,1692.0
423.0,1738.0
424.0,1751.0
425.0,1664.0
426.0,1685.0
427.0,1861.0
428.0,2141.0
429.0,2123.0
430.0,2043.0
431.0,2140.0
432.0,2295.0
433.0,2764.0
434.0,3129.0
435.0,3345.0
436.0,3625.0
437.0,3071.0
438.0,1765.0
439.0,1121.0
440.0,1133.0
441.0,1132.0
442.0,1247.0
443.0,1533.0
444.0,1747.0
445.0,1924.0
446.0,1916.0
447.0,1894.0
448.0,1845.0
449.0,1817.0
450.0,1820.0
451.0,1979.0
452.0,1898.0
453.0,1543.0
454.0,1544.0
455.0,1551.0
456.0,1569.0
457.0,1480.0
458.0,1416.0
459.0,1553.0
460.0,1880.0
461.0,2126.0
462.0,2109.0
463.0,2045.0
464.0,1922.0
465.0,1814.0
466.0,1961.0
467.0,1847.0
468.0,1755.0
469.0,1806.0
470.0,1937.0
471.0,2185.0
472.0,2168.0
473.0,1970.0
474.0,1765.0
475.0,1743.0
476.0,1939.0
477.0,2057.0
478.0,1903.0
479.0,1962.0
480.0,2027.0
481.0,1861.0
482.0,1809.0
483.0,1905.0
484.0,1872.0
485.0,1803.0
486.0,1759.0
487.0,1710.0
488.0,2155.0
489.0,2224.0
490.0,1797.0
491.0,1892.0
492.0,1936.0
493.0,1863.0
494.0,1973.0
495.0,2057.0
496.0,1860.0
497.0,1849.0
498.0,1950.0
499.0,2171.0
500.0,2329.0
501.0,2314.0
502.0,2591.0
503.0,2900.0
504.0,3292.0
505.0,3089.0
506.0,2793.0
507.0,2559.0
508.0,2249.0
509.0,2182.0
510.0,2005.0
511.0,1769.0
512.0,1803.0
513.0,1739.0
514.0,1477.0
515.0,1491.0
516.0,1749.0
517.0,2002.0
518.0,2177.0
519.0,2078.0
520.0,1965.0
521.0,1948.0
522.0,1751.0
523.0,1458.0
524.0,1188.0
525.0,1285.0
526.0,1846.0
527.0,2158.0
528.0,2289.0
529.0,2598.0
530.0,2758.0
531.0,2471.0
532.0,2075.0
533.0,2041.0
534.0,2177.0
535.0,2321.0
536.0,2183.0
537.0,1891.0
538.0,1867.0
539.0,1927.0
540.0,1822.0
541.0,1635.0
542.0,1791.0
543.0,2158.0
544.0,1980.0
545.0,1895.0
546.0,2124.0
547.0,2114.0
548.0,1850.0
549.0,1674.0
550.0,1613.0
551.0,1747.0
552.0,2106.0
553.0,2141.0
554.0,1994.0
555.0,1944.0
556.0,1922.0
557.0,2598.0
558.0,3072.0
559.0,2738.0
560.0,2458.0
561.0,2799.0
562.0,2948.0
563.0,2485.0
564.0,2120.0
565.0,2193.0
566.0,2107.0
567.0,2212.0
568.0,2150.0
569.0,1802.0
570.0,1652.0
571.0,1860.0
572.0,2172.0
573.0,2415.0
574.0,2539.0
575.0,2392.0
576.0,2202.0
577.0,2152.0
578.0,2197.0
579.0,2255.0
580.0,2145.0
581.0,2400.0
582.0,3071.0
583.0,3614.0
584.0,3783.0
585.0,3291.0
586.0,2744.0
587.0,2461.0
588.0,2021.0
589.0,1994.0
590.0,2026.0
591.0,1860.0
592.0,1462.0
593.0,1128.0
594.0,992.0
595.0,978.0
596.0,1132.0
597.0,1255.0
598.0,1343.0
599.0,1458.0
600.0,1576.0
601.0,1518.0
602.0,1558.0
603.0,1660.0
604.0,1841.0
605.0,2172.0
606.0,2137.0
607.0,1772.0
608.0,1636.0
609.0,1819.0
610.0,1892.0
611.0,1811.0
612.0,1982.0
613.0,2180.0
614.0,1971.0
615.0,2054.0
616.0,2208.0
617.0,2108.0
618.0,1975.0
619.0,1961.0
620.0,1946.0
621.0,1959.0
622.0,1639.0
623.0,1472.0
624.0,1568.0
625.0,1805.0
626.0,2152.0
627.0,2210.0
628.0,1952.0
629.0,1932.0
630.0,1874.0
631.0,1664.0
632.0,1786.0
633.0,1976.0
634.0,1936.0
635.0,1662.0
636.0,1610.0
637.0,1554.0
638.0,1474.0
639.0,1541.0
640.0,1839.0
641.0,2007.0
642.0,1933.0
643.0,1969.0
644.0,1776.0
645.0,1551.0
646.0,1662.0
647.0,1830.0
648.0,1918.0
649.0,2084.0
650.0,3215.0
651.0,9320.0
652.0,19992.0
653.0,23811.0
654.0,20006.0
655.0,15979.0
656.0,10936.0
657.0,10714.0
658.0,13547.0
659.0,10472.0
660.0,5907.0
661.0,5063.0
662.0,9876.0
663.0,13677.0
664.0,8440.0
665.0,3476.0
666.0,5099.0
667.0,7134.0
668.0,10326.0
669.0,20033.0
670.0,24989.0
671.0,19101.0
672.0,10372.0
673.0,7357.0
674.0,11538.0
675.0,10760.0
676.0,9481.0
677.0,14261.0
678.0,12191.0
679.0,9799.0
680.0,14625.0
681.0,12181.0
682.0,4557.0
683.0,2192.0
684.0,2548.0
685.0,5445.0
686.0,14993.0
687.0,25185.0
688.0,21370.0
689.0,10015.0
690.0,5064.0
691.0,5242.0
692.0,3991.0
693.0,2755.0
694.0,2573.0
695.0,5947.0
696.0,18063.0
697.0,27923.0
698.0,20098.0
699.0,6865.0
700.0,2425.0
701.0,3503.0
702.0,6192.0
703.0,6169.0
704.0,3700.0
705.0,4119.0
706.0,11801.0
707.0,20145.0
708.0,16182.0
709.0,12282.0
710.0,14294.0
711.0,8689.0
712.0,2911.0
713.0,2132.0
714.0,3759.0
715.0,6580.0
716.0,5974.0
717.0,5098.0
718.0,13194.0
719.0,20695.0
720.0,13367.0
721.0,3874.0
722.0,4438.0
723.0,11094.0
724.0,13835.0
725.0,7640.0
726.0,2605.0
727.0,1991.0
728.0,3251.0
729.0,6598.0
730.0,8730.0
731.0,12225.0
732.0,21057.0
733.0,18369.0
734.0,6678.0
735.0,2113.0
736.0,1835.0
737.0,3086.0
738.0,8398.0
739.0,12598.0
740.0,8742.0
741.0,3142.0
742.0,1943.0
743.0,2080.0
744.0,4011.0
745.0,9496.0
746.0,18109.0
747.0,23865.0
748.0,16282.0
749.0,4891.0
750.0,1847.0
751.0,1514.0
752.0,1341.0
753.0,1386.0
754.0,3014.0
755.0,8394.0
756.0,11095.0
757.0,5979.0
758.0,2282.0
759.0,1964.0
760.0,2177.0
761.0,4043.0
762.0,14034.0
763.0,26975.0
764.0,22026.0
765.0,7227.0
766.0,2073.0
767.0,1815.0
768.0,1941.0
769.0,1802.0
770.0,1901.0
771.0,2061.0
772.0,2929.0
773.0,7276.0
774.0,10597.0
775.0,7042.0
776.0,2578.0
777.0,2013.0
778.0,2156.0
779.0,3969.0
780.0,13989.0
781.0,26555.0
782.0,21133.0
783.0,6911.0
784.0,2000.0
785.0,1449.0
786.0,1362.0
787.0,1254.0
788.0,1294.0
789.0,1383.0
790.0,1484.0
791.0,1829.0
792.0,4025.0
793.0,8626.0
794.0,9333.0
795.0,4933.0
796.0,2383.0
797.0,2256.0
798.0,3227.0
799.0,10066.0
800.0,20350.0
801.0,20334.0
802.0,12017.0
803.0,5178.0
804.0,2034.0
805.0,1676.0
806.0,1721.0
807.0,1831.0
808.0,1829.0
809.0,1707.0
810.0,1732.0
811.0,1960.0
812.0,2442.0
813.0,4245.0
814.0,7878.0
815.0,8282.0
816.0,4266.0
817.0,1746.0
818.0,1628.0
819.0,4455.0
820.0,13098.0
821.0,16922.0
822.0,11155.0
823.0,8813.0
824.0,6651.0
825.0,2430.0
826.0,1329.0
827.0,1357.0
828.0,1305.0
829.0,1397.0
830.0,1548.0
831.0,1890.0
832.0,2149.0
833.0,1967.0
834.0,1535.0
835.0,2215.0
836.0,6128.0
837.0,9294.0
838.0,6638.0
839.0,3025.0
840.0,2257.0
841.0,4671.0
842.0,12469.0
843.0,14759.0
844.0,7565.0
845.0,5124.0
846.0,8059.0
847.0,6543.0
848.0,2773.0
849.0,1414.0
850.0,1072.0
851.0,1130.0
852.0,1362.0
853.0,1504.0
854.0,1364.0
855.0,1187.0
856.0,1105.0
857.0,1061.0
858.0,1118.0
859.0,1828.0
860.0,4350.0
861.0,6180.0
862.0,4255.0
863.0,2281.0
864.0,3503.0
865.0,10124.0
866.0,15492.0
867.0,9907.0
868.0,3095.0
869.0,3252.0
870.0,6357.0
871.0,6328.0
872.0,2887.0
873.0,1259.0
874.0,1122.0
875.0,1130.0
876.0,1236.0
877.0,1251.0
878.0,1229.0
879.0,1322.0
880.0,1416.0
881.0,1313.0
882.0,1251.0
883.0,1187.0
884.0,1437.0
885.0,3191.0
886.0,5019.0
887.0,3805.0
888.0,1995.0
889.0,3280.0
890.0,8964.0
891.0,11165.0
892.0,5920.0
893.0,1999.0
894.0,1634.0
895.0,3488.0
896.0,6004.0
897.0,4670.0
898.0,1670.0
899.0,891.0
900.0,1018.0
901.0,1125.0
902.0,1213.0
903.0,1229.0
904.0,1248.0
905.0,1212.0
906.0,1280.0
907.0,1299.0
908.0,1206.0
909.0,1188.0
910.0,1422.0
911.0,1983.0
912.0,3554.0
913.0,4158.0
914.0,2686.0
915.0,2601.0
916.0,6757.0
917.0,8806.0
918.0,4810.0
919.0,1682.0
920.0,1174.0
921.0,1256.0
922.0,2627.0
923.0,4808.0
924.0,3909.0
925.0,1591.0
926.0,1074.0
927.0,1201.0
928.0,1112.0
929.0,1130.0
930.0,1150.0
931.0,913.0
932.0,761.0
933.0,777.0
934.0,806.0
935.0,806.0
936.0,883.0
937.0,1074.0
938.0,1473.0
939.0,2043.0
940.0,3092.0
941.0,3646.0
942.0,2837.0
943.0,5534.0
944.0,10594.0
945.0,8168.0
946.0,2588.0
947.0,1019.0
948.0,793.0
949.0,862.0
950.0,1499.0
951.0,3470.0
952.0,3898.0
953.0,2050.0
954.0,757.0
955.0,641.0
956.0,679.0
957.0,819.0
958.0,891.0
959.0,770.0
960.0,672.0
961.0,651.0
962.0,676.0
963.0,795.0
964.0,959.0
965.0,1032.0
966.0,1030.0
967.0,1141.0
968.0,1427.0
969.0,2407.0
970.0,3807.0
971.0,3494.0
972.0,3568.0
973.0,5259.0
974.0,3736.0
975.0,1174.0
976.0,736.0
977.0,680.0
978.0,743.0
979.0,786.0
980.0,1299.0
981.0,2684.0
982.0,2699.0
983.0,1273.0
984.0,790.0
985.0,724.0
986.0,661.0
987.0,627.0
988.0,629.0
989.0,610.0
990.0,603.0
991.0,511.0
992.0,490.0
993.0,498.0
994.0,573.0
995.0,722.0
996.0,812.0
997.0,707.0
998.0,584.0
999.0,601.0
1000.0,1161.0
1001.0,1550.0
1002.0,2071.0
1003.0,3427.0
1004.0,2741.0
1005.0,969.0
1006.0,522.0
1007.0,463.0
1008.0,481.0
1009.0,453.0
1010.0,526.0
1011.0,880.0
1012.0,1969.0
1013.0,2084.0
1014.0,967.0
1015.0,542.0
1016.0,453.0
1017.0,448.0
1018.0,442.0
1019.0,392.0
1020.0,510.0
1021.0,650.0
1022.0,607.0
1023.0,480.0
