0.0,122.0
1.0,292.0
2.0,297.0
3.0,265.0
4.0,227.0
5.0,249.0
6.0,325.0
7.0,542.0
8.0,530.0
9.0,291.0
10.0,165.0
11.0,136.0
12.0,160.0
13.0,206.0
14.0,251.0
15.0,234.0
16.0,230.0
17.0,199.0
18.0,189.0
19.0,184.0
20.0,207.0
21.0,254.0
22.0,325.0
23.0,394.0
24.0,338.0
25.0,228.0
26.0,206.0
27.0,240.0
28.0,259.0
29.0,247.0
30.0,243.0
31.0,243.0
32.0,275.0
33.0,346.0
34.0,455.0
35.0,441.0
36.0,343.0
37.0,314.0
38.0,418.0
39.0,647.0
40.0,612.0
41.0,314.0
42.0,295.0
43.0,374.0
44.0,792.0
45.0,1106.0
46.0,718.0
47.0,342.0
48.0,289.0
49.0,273.0
50.0,252.0
51.0,241.0
52.0,201.0
53.0,201.0
54.0,281.0
55.0,374.0
56.0,454.0
57.0,470.0
58.0,438.0
59.0,402.0
60.0,426.0
61.0,514.0
62.0,599.0
63.0,531.0
64.0,309.0
65.0,299.0
66.0,323.0
67.0,312.0
68.0,294.0
69.0,316.0
70.0,341.0
71.0,350.0
72.0,413.0
73.0,401.0
74.0,405.0
75.0,470.0
76.0,465.0
77.0,497.0
78.0,764.0
79.0,1036.0
80.0,753.0
81.0,465.0
82.0,496.0
83.0,795.0
84.0,1580.0
85.0,1419.0
86.0,755.0
87.0,576.0
88.0,477.0
89.0,359.0
90.0,393.0
91.0,466.0
92.0,490.0
93.0,470.0
94.0,460.0
95.0,393.0
96.0,355.0
97.0,333.0
98.0,358.0
99.0,346.0
100.0,346.0
101.0,455.0
102.0,831.0
103.0,1670.0
104.0,1712.0
105.0,1029.0
106.0,799.0
107.0,651.0
108.0,428.0
109.0,419.0
110.0,505.0
111.0,437.0
112.0,394.0
113.0,526.0
114.0,573.0
115.0,609.0
116.0,553.0
117.0,471.0
118.0,467.0
119.0,524.0
120.0,972.0
121.0,1349.0
122.0,1006.0
123.0,822.0
124.0,1094.0
125.0,1910.0
126.0,2311.0
127.0,1561.0
128.0,914.0
129.0,712.0
130.0,644.0
131.0,586.0
132.0,626.0
133.0,750.0
134.0,908.0
135.0,736.0
136.0,479.0
137.0,484.0
138.0,553.0
139.0,541.0
140.0,467.0
141.0,407.0
142.0,537.0
143.0,637.0
144.0,637.0
145.0,936.0
146.0,1380.0
147.0,1218.0
148.0,705.0
149.0,644.0
150.0,750.0
151.0,834.0
152.0,713.0
153.0,615.0
154.0,596.0
155.0,541.0
156.0,590.0
157.0,644.0
158.0,751.0
159.0,666.0
160.0,485.0
161.0,517.0
162.0,648.0
163.0,1054.0
164.0,1953.0
165.0,1921.0
166.0,1244.0
167.0,1375.0
168.0,2470.0
169.0,3118.0
170.0,1940.0
171.0,934.0
172.0,718.0
173.0,675.0
174.0,696.0
175.0,712.0
176.0,908.0
177.0,1086.0
178.0,1067.0
179.0,906.0
180.0,715.0
181.0,634.0
182.0,655.0
183.0,611.0
184.0,479.0
185.0,490.0
186.0,599.0
187.0,841.0
188.0,898.0
189.0,910.0
190.0,1226.0
191.0,1613.0
192.0,1317.0
193.0,814.0
194.0,826.0
195.0,1046.0
196.0,1241.0
197.0,1187.0
198.0,1054.0
199.0,924.0
200.0,839.0
201.0,768.0
202.0,737.0
203.0,852.0
204.0,906.0
205.0,816.0
206.0,831.0
207.0,1152.0
208.0,1422.0
209.0,2220.0
210.0,2482.0
211.0,1591.0
212.0,1366.0
213.0,2974.0
214.0,3460.0
215.0,1926.0
216.0,1093.0
217.0,1024.0
218.0,908.0
219.0,953.0
220.0,1120.0
221.0,1013.0
222.0,896.0
223.0,891.0
224.0,1023.0
225.0,971.0
226.0,977.0
227.0,1059.0
228.0,1090.0
229.0,1215.0
230.0,1210.0
231.0,1042.0
232.0,960.0
233.0,1053.0
234.0,1428.0
235.0,1532.0
236.0,1449.0
237.0,1913.0
238.0,2017.0
239.0,1668.0
240.0,1342.0
241.0,990.0
242.0,712.0
243.0,685.0
244.0,909.0
245.0,1357.0
246.0,1368.0
247.0,1169.0
248.0,1236.0
249.0,1329.0
250.0,1168.0
251.0,874.0
252.0,676.0
253.0,696.0
254.0,882.0
255.0,1272.0
256.0,2489.0
257.0,2923.0
258.0,1991.0
259.0,2474.0
260.0,4212.0
261.0,3558.0
262.0,1580.0
263.0,1279.0
264.0,1512.0
265.0,1397.0
266.0,1060.0
267.0,903.0
268.0,875.0
269.0,880.0
270.0,1198.0
271.0,1445.0
272.0,1496.0
273.0,1533.0
274.0,1168.0
275.0,872.0
276.0,956.0
277.0,1138.0
278.0,1203.0
279.0,1274.0
280.0,1457.0
281.0,2028.0
282.0,2215.0
283.0,1567.0
284.0,1131.0
285.0,1656.0
286.0,2296.0
287.0,1849.0
288.0,1194.0
289.0,997.0
290.0,1031.0
291.0,897.0
292.0,892.0
293.0,1018.0
294.0,1157.0
295.0,1295.0
296.0,1441.0
297.0,1725.0
298.0,1661.0
299.0,1384.0
300.0,1310.0
301.0,1296.0
302.0,1463.0
303.0,1790.0
304.0,2812.0
305.0,4649.0
306.0,4182.0
307.0,2361.0
308.0,3345.0
309.0,4000.0
310.0,2093.0
311.0,1080.0
312.0,1223.0
313.0,1374.0
314.0,1407.0
315.0,1568.0
316.0,1825.0
317.0,1596.0
318.0,1290.0
319.0,1296.0
320.0,1550.0
321.0,1640.0
322.0,1490.0
323.0,1446.0
324.0,1138.0
325.0,1145.0
326.0,1348.0
327.0,1485.0
328.0,1447.0
329.0,1589.0
330.0,1761.0
331.0,1946.0
332.0,2334.0
333.0,2901.0
334.0,2814.0
335.0,2831.0
336.0,2699.0
337.0,2199.0
338.0,2093.0
339.0,1768.0
340.0,1276.0
341.0,1030.0
342.0,1112.0
343.0,1447.0
344.0,1721.0
345.0,1511.0
346.0,1127.0
347.0,1251.0
348.0,1594.0
349.0,1437.0
350.0,1102.0
351.0,1093.0
352.0,1350.0
353.0,1602.0
354.0,2244.0
355.0,3916.0
356.0,4369.0
357.0,3440.0
358.0,4480.0
359.0,4908.0
360.0,3097.0
361.0,1728.0
362.0,1311.0
363.0,1362.0
364.0,1370.0
365.0,1646.0
366.0,2440.0
367.0,2831.0
368.0,2585.0
369.0,1878.0
370.0,1209.0
371.0,1230.0
372.0,1393.0
373.0,1214.0
374.0,1049.0
375.0,1141.0
376.0,1476.0
377.0,1958.0
378.0,2014.0
379.0,1679.0
380.0,1580.0
381.0,1732.0
382.0,1867.0
383.0,2165.0
384.0,2432.0
385.0,2293.0
386.0,4069.0
387.0,13226.0
388.0,18922.0
389.0,10728.0
390.0,3894.0
391.0,2748.0
392.0,2140.0
393.0,2041.0
394.0,2331.0
395.0,2169.0
396.0,1945.0
397.0,2276.0
398.0,2463.0
399.0,2170.0
400.0,1907.0
401.0,1601.0
402.0,1786.0
403.0,2238.0
404.0,2558.0
405.0,3084.0
406.0,3483.0
407.0,4069.0
408.0,3777.0
409.0,3241.0
410.0,4668.0
411.0,4398.0
412.0,2248.0
413.0,1942.0
414.0,2523.0
415.0,2711.0
416.0,2349.0
417.0,2104.0
418.0,2347.0
419.0,2364.0
420.0,2219.0
421.0,2185.0
422.0,2298.0
423.0,2932.0
424.0,3458.0
425.0,3507.0
426.0,3189.0
427.0,2441.0
428.0,2113.0
429.0,2250.0
430.0,2831.0
431.0,2872.0
432.0,1997.0
433.0,1994.0
434.0,2323.0
435.0,1870.0
436.0,1341.0
437.0,1345.0
438.0,1407.0
439.0,1304.0
440.0,1534.0
441.0,2762.0
442.0,4041.0
443.0,3260.0
444.0,2343.0
445.0,2235.0
446.0,2669.0
447.0,2821.0
448.0,2702.0
449.0,2656.0
450.0,2389.0
451.0,2197.0
452.0,2248.0
453.0,2591.0
454.0,3126.0
455.0,3221.0
456.0,3144.0
457.0,2502.0
458.0,1605.0
459.0,1855.0
460.0,3415.0
461.0,4866.0
462.0,4452.0
463.0,5231.0
464.0,5906.0
465.0,3477.0
466.0,1497.0
467.0,1827.0
468.0,2616.0
469.0,3081.0
470.0,3244.0
471.0,4921.0
472.0,7379.0
473.0,5227.0
474.0,2577.0
475.0,3188.0
476.0,3317.0
477.0,2657.0
478.0,2445.0
479.0,2807.0
480.0,3477.0
481.0,4031.0
482.0,4349.0
483.0,3663.0
484.0,2474.0
485.0,1534.0
486.0,1597.0
487.0,2817.0
488.0,3054.0
489.0,2721.0
490.0,3195.0
491.0,3409.0
492.0,2568.0
493.0,1961.0
494.0,2476.0
495.0,2792.0
496.0,2530.0
497.0,2618.0
498.0,2799.0
499.0,2618.0
500.0,2033.0
501.0,1520.0
502.0,1446.0
503.0,1668.0
504.0,1952.0
505.0,2187.0
506.0,2826.0
507.0,3735.0
508.0,3828.0
509.0,3195.0
510.0,3096.0
511.0,3020.0
512.0,2895.0
513.0,3560.0
514.0,3657.0
515.0,2871.0
516.0,3622.0
517.0,3937.0
518.0,4472.0
519.0,4797.0
520.0,2727.0
521.0,1293.0
522.0,1508.0
523.0,2092.0
524.0,2576.0
525.0,4068.0
526.0,5218.0
527.0,4147.0
528.0,3020.0
529.0,2772.0
530.0,2864.0
531.0,2819.0
532.0,3523.0
533.0,5969.0
534.0,6665.0
535.0,5270.0
536.0,4279.0
537.0,3957.0
538.0,4072.0
539.0,3063.0
540.0,1744.0
541.0,1515.0
542.0,1464.0
543.0,1579.0
544.0,1851.0
545.0,1906.0
546.0,1981.0
547.0,2596.0
548.0,2997.0
549.0,2726.0
550.0,2211.0
551.0,1787.0
552.0,1956.0
553.0,2706.0
554.0,2758.0
555.0,2992.0
556.0,3749.0
557.0,4186.0
558.0,4419.0
559.0,4342.0
560.0,3294.0
561.0,1867.0
562.0,1532.0
563.0,1857.0
564.0,2385.0
565.0,2351.0
566.0,1926.0
567.0,1955.0
568.0,2311.0
569.0,1872.0
570.0,1740.0
571.0,2016.0
572.0,2918.0
573.0,3983.0
574.0,4473.0
575.0,4964.0
576.0,3745.0
577.0,2371.0
578.0,2936.0
579.0,3377.0
580.0,3337.0
581.0,3172.0
582.0,2641.0
583.0,2440.0
584.0,2601.0
585.0,2507.0
586.0,2911.0
587.0,3424.0
588.0,2830.0
589.0,2388.0
590.0,1959.0
591.0,1601.0
592.0,1785.0
593.0,1836.0
594.0,2364.0
595.0,3458.0
596.0,4661.0
597.0,5565.0
598.0,5376.0
599.0,4746.0
600.0,4118.0
601.0,3203.0
602.0,3031.0
603.0,3766.0
604.0,3609.0
605.0,3367.0
606.0,2961.0
607.0,2518.0
608.0,2644.0
609.0,2572.0
610.0,2495.0
611.0,2224.0
612.0,1664.0
613.0,1745.0
614.0,1855.0
615.0,2633.0
616.0,4081.0
617.0,4977.0
618.0,5682.0
619.0,4729.0
620.0,2648.0
621.0,2168.0
622.0,2696.0
623.0,3280.0
624.0,2913.0
625.0,1980.0
626.0,1768.0
627.0,1628.0
628.0,1739.0
629.0,2136.0
630.0,2927.0
631.0,4896.0
632.0,5487.0
633.0,5857.0
634.0,6087.0
635.0,4365.0
636.0,3194.0
637.0,2331.0
638.0,2076.0
639.0,2443.0
640.0,2834.0
641.0,2788.0
642.0,3092.0
643.0,3353.0
644.0,3251.0
645.0,3308.0
646.0,2782.0
647.0,2940.0
648.0,4771.0
649.0,5140.0
650.0,3447.0
651.0,2197.0
652.0,1770.0
653.0,1989.0
654.0,2431.0
655.0,2913.0
656.0,2742.0
657.0,2036.0
658.0,1998.0
659.0,2265.0
660.0,2281.0
661.0,2767.0
662.0,2775.0
663.0,2592.0
664.0,3251.0
665.0,3297.0
666.0,3102.0
667.0,3348.0
668.0,3272.0
669.0,3081.0
670.0,3103.0
671.0,3084.0
672.0,3501.0
673.0,3571.0
674.0,2491.0
675.0,1966.0
676.0,1838.0
677.0,1383.0
678.0,1332.0
679.0,1650.0
680.0,1687.0
681.0,1845.0
682.0,2467.0
683.0,2976.0
684.0,2534.0
685.0,2150.0
686.0,2438.0
687.0,2213.0
688.0,2017.0
689.0,2337.0
690.0,3587.0
691.0,4808.0
692.0,4740.0
693.0,3764.0
694.0,4376.0
695.0,4894.0
696.0,3591.0
697.0,3116.0
698.0,3202.0
699.0,3477.0
700.0,3358.0
701.0,2245.0
702.0,2190.0
703.0,2662.0
704.0,2530.0
705.0,2245.0
706.0,2239.0
707.0,2125.0
708.0,2037.0
709.0,2098.0
710.0,2517.0
711.0,2738.0
712.0,3243.0
713.0,3386.0
714.0,3417.0
715.0,4033.0
716.0,4140.0
717.0,3563.0
718.0,2766.0
719.0,2732.0
720.0,3407.0
721.0,3375.0
722.0,3270.0
723.0,4457.0
724.0,15810.0
725.0,31151.0
726.0,21185.0
727.0,4936.0
728.0,2559.0
729.0,2758.0
730.0,3265.0
731.0,2646.0
732.0,1965.0
733.0,1851.0
734.0,1731.0
735.0,1656.0
736.0,1801.0
737.0,1949.0
738.0,2513.0
739.0,2764.0
740.0,2409.0
741.0,2888.0
742.0,3348.0
743.0,2751.0
744.0,2630.0
745.0,3040.0
746.0,2529.0
747.0,2070.0
748.0,1944.0
749.0,1877.0
750.0,2246.0
751.0,2788.0
752.0,3367.0
753.0,3165.0
754.0,2692.0
755.0,2818.0
756.0,3084.0
757.0,3168.0
758.0,3402.0
759.0,2604.0
760.0,1834.0
761.0,2424.0
762.0,3047.0
763.0,2625.0
764.0,2348.0
765.0,2022.0
766.0,2250.0
767.0,3206.0
768.0,3192.0
769.0,2817.0
770.0,2598.0
771.0,2241.0
772.0,2259.0
773.0,2274.0
774.0,2056.0
775.0,2080.0
776.0,2655.0
777.0,2537.0
778.0,2193.0
779.0,2258.0
780.0,2002.0
781.0,1902.0
782.0,2205.0
783.0,2424.0
784.0,2723.0
785.0,3178.0
786.0,3266.0
787.0,2682.0
788.0,2093.0
789.0,2475.0
790.0,3106.0
791.0,3652.0
792.0,3163.0
793.0,2452.0
794.0,2184.0
795.0,2296.0
796.0,2419.0
797.0,2754.0
798.0,2560.0
799.0,2042.0
800.0,2042.0
801.0,1947.0
802.0,1686.0
803.0,1754.0
804.0,2456.0
805.0,2664.0
806.0,2215.0
807.0,2185.0
808.0,2651.0
809.0,3032.0
810.0,3628.0
811.0,3409.0
812.0,2963.0
813.0,3212.0
814.0,3987.0
815.0,3981.0
816.0,2970.0
817.0,2314.0
818.0,1649.0
819.0,1601.0
820.0,2242.0
821.0,2452.0
822.0,2722.0
823.0,3114.0
824.0,2835.0
825.0,2245.0
826.0,1914.0
827.0,1781.0
828.0,1582.0
829.0,1490.0
830.0,1787.0
831.0,2046.0
832.0,2156.0
833.0,2372.0
834.0,2455.0
835.0,2327.0
836.0,2260.0
837.0,2460.0
838.0,2000.0
839.0,1466.0
840.0,1274.0
841.0,1323.0
842.0,1444.0
843.0,1437.0
844.0,1484.0
845.0,1408.0
846.0,1378.0
847.0,1507.0
848.0,1732.0
849.0,2254.0
850.0,2793.0
851.0,2533.0
852.0,1902.0
853.0,1554.0
854.0,1559.0
855.0,1659.0
856.0,1771.0
857.0,1705.0
858.0,1683.0
859.0,1729.0
860.0,1581.0
861.0,1512.0
862.0,1285.0
863.0,1578.0
864.0,1880.0
865.0,1669.0
866.0,1694.0
867.0,1572.0
868.0,1402.0
869.0,1685.0
870.0,1892.0
871.0,1741.0
872.0,1706.0
873.0,1670.0
874.0,1513.0
875.0,1437.0
876.0,1636.0
877.0,2114.0
878.0,2403.0
879.0,2576.0
880.0,2940.0
881.0,7930.0
882.0,11745.0
883.0,6359.0
884.0,2124.0
885.0,1613.0
886.0,1680.0
887.0,1947.0
888.0,1794.0
889.0,1433.0
890.0,1380.0
891.0,1305.0
892.0,1381.0
893.0,1636.0
894.0,1484.0
895.0,1209.0
896.0,1129.0
897.0,1078.0
898.0,1061.0
899.0,1206.0
900.0,1393.0
901.0,1723.0
902.0,1902.0
903.0,1664.0
904.0,1694.0
905.0,1697.0
906.0,1580.0
907.0,1605.0
908.0,1524.0
909.0,1227.0
910.0,1006.0
911.0,1095.0
912.0,1215.0
913.0,1137.0
914.0,1151.0
915.0,1374.0
916.0,1519.0
917.0,1347.0
918.0,1153.0
919.0,1161.0
920.0,1180.0
921.0,1252.0
922.0,1108.0
923.0,1124.0
924.0,1438.0
925.0,1492.0
926.0,1278.0
927.0,1410.0
928.0,1475.0
929.0,1087.0
930.0,1081.0
931.0,1329.0
932.0,1232.0
933.0,1075.0
934.0,1072.0
935.0,1225.0
936.0,1289.0
937.0,1272.0
938.0,1223.0
939.0,1049.0
940.0,928.0
941.0,893.0
942.0,852.0
943.0,1012.0
944.0,1474.0
945.0,1636.0
946.0,1457.0
947.0,1387.0
948.0,1401.0
949.0,1230.0
950.0,1000.0
951.0,972.0
952.0,1032.0
953.0,1156.0
954.0,1263.0
955.0,1658.0
956.0,2921.0
957.0,2653.0
958.0,1475.0
959.0,1142.0
960.0,1003.0
961.0,986.0
962.0,996.0
963.0,1009.0
964.0,1162.0
965.0,1332.0
966.0,1282.0
967.0,1270.0
968.0,1098.0
969.0,967.0
970.0,977.0
971.0,1076.0
972.0,1103.0
973.0,973.0
974.0,758.0
975.0,729.0
976.0,1015.0
977.0,1305.0
978.0,1425.0
979.0,1716.0
980.0,1715.0
981.0,1201.0
982.0,773.0
983.0,639.0
984.0,638.0
985.0,611.0
986.0,585.0
987.0,577.0
988.0,618.0
989.0,891.0
990.0,1182.0
991.0,975.0
992.0,795.0
993.0,669.0
994.0,717.0
995.0,861.0
996.0,983.0
997.0,829.0
998.0,742.0
999.0,853.0
1000.0,948.0
1001.0,954.0
1002.0,815.0
1003.0,711.0
1004.0,694.0
1005.0,681.0
1006.0,628.0
1007.0,715.0
1008.0,995.0
1009.0,1047.0
1010.0,824.0
1011.0,671.0
1012.0,671.0
1013.0,805.0
1014.0,934.0
1015.0,785.0
1016.0,655.0
1017.0,815.0
1018.0,917.0
1019.0,735.0
1020.0,721.0
1021.0,885.0
1022.0,1011.0
1023.0,1081.0
