0.0,27.0
1.0,33.0
2.0,60.0
3.0,70.0
4.0,88.0
5.0,76.0
6.0,110.0
7.0,78.0
8.0,73.0
9.0,77.0
10.0,75.0
11.0,90.0
12.0,99.0
13.0,104.0
14.0,95.0
15.0,80.0
16.0,69.0
17.0,90.0
18.0,83.0
19.0,107.0
20.0,113.0
21.0,91.0
22.0,91.0
23.0,82.0
24.0,71.0
25.0,92.0
26.0,89.0
27.0,80.0
28.0,73.0
29.0,92.0
30.0,98.0
31.0,99.0
32.0,102.0
33.0,98.0
34.0,92.0
35.0,100.0
36.0,100.0
37.0,110.0
38.0,137.0
39.0,129.0
40.0,106.0
41.0,100.0
42.0,99.0
43.0,116.0
44.0,110.0
45.0,125.0
46.0,122.0
47.0,123.0
48.0,137.0
49.0,169.0
50.0,159.0
51.0,183.0
52.0,321.0
53.0,412.0
54.0,298.0
55.0,193.0
56.0,144.0
57.0,130.0
58.0,162.0
59.0,292.0
60.0,379.0
61.0,286.0
62.0,184.0
63.0,174.0
64.0,188.0
65.0,218.0
66.0,237.0
67.0,262.0
68.0,281.0
69.0,223.0
70.0,181.0
71.0,186.0
72.0,187.0
73.0,202.0
74.0,156.0
75.0,166.0
76.0,144.0
77.0,181.0
78.0,207.0
79.0,196.0
80.0,194.0
81.0,196.0
82.0,205.0
83.0,222.0
84.0,220.0
85.0,230.0
86.0,191.0
87.0,224.0
88.0,231.0
89.0,218.0
90.0,213.0
91.0,223.0
92.0,218.0
93.0,244.0
94.0,293.0
95.0,370.0
96.0,396.0
97.0,390.0
98.0,353.0
99.0,433.0
100.0,658.0
101.0,917.0
102.0,802.0
103.0,463.0
104.0,373.0
105.0,325.0
106.0,310.0
107.0,359.0
108.0,526.0
109.0,734.0
110.0,537.0
111.0,356.0
112.0,325.0
113.0,311.0
114.0,327.0
115.0,346.0
116.0,375.0
117.0,522.0
118.0,582.0
119.0,442.0
120.0,355.0
121.0,310.0
122.0,308.0
123.0,298.0
124.0,306.0
125.0,310.0
126.0,288.0
127.0,287.0
128.0,349.0
129.0,328.0
130.0,429.0
131.0,366.0
132.0,352.0
133.0,390.0
134.0,402.0
135.0,369.0
136.0,368.0
137.0,383.0
138.0,315.0
139.0,289.0
140.0,338.0
141.0,407.0
142.0,473.0
143.0,425.0
144.0,388.0
145.0,454.0
146.0,437.0
147.0,385.0
148.0,445.0
149.0,609.0
150.0,897.0
151.0,1354.0
152.0,1017.0
153.0,502.0
154.0,479.0
155.0,558.0
156.0,563.0
157.0,594.0
158.0,822.0
159.0,1252.0
160.0,1168.0
161.0,667.0
162.0,487.0
163.0,437.0
164.0,428.0
165.0,407.0
166.0,387.0
167.0,391.0
168.0,475.0
169.0,631.0
170.0,532.0
171.0,432.0
172.0,410.0
173.0,439.0
174.0,391.0
175.0,337.0
176.0,404.0
177.0,510.0
178.0,559.0
179.0,527.0
180.0,496.0
181.0,517.0
182.0,624.0
183.0,820.0
184.0,1055.0
185.0,1146.0
186.0,1200.0
187.0,983.0
188.0,673.0
189.0,483.0
190.0,492.0
191.0,478.0
192.0,458.0
193.0,405.0
194.0,491.0
195.0,583.0
196.0,650.0
197.0,623.0
198.0,565.0
199.0,619.0
200.0,636.0
201.0,802.0
202.0,1449.0
203.0,1529.0
204.0,873.0
205.0,610.0
206.0,642.0
207.0,712.0
208.0,718.0
209.0,705.0
210.0,992.0
211.0,1570.0
212.0,1496.0
213.0,962.0
214.0,818.0
215.0,727.0
216.0,720.0
217.0,784.0
218.0,795.0
219.0,859.0
220.0,1003.0
221.0,917.0
222.0,854.0
223.0,787.0
224.0,725.0
225.0,852.0
226.0,989.0
227.0,870.0
228.0,749.0
229.0,623.0
230.0,697.0
231.0,772.0
232.0,856.0
233.0,968.0
234.0,999.0
235.0,989.0
236.0,865.0
237.0,837.0
238.0,982.0
239.0,929.0
240.0,805.0
241.0,790.0
242.0,834.0
243.0,1077.0
244.0,1102.0
245.0,946.0
246.0,823.0
247.0,818.0
248.0,717.0
249.0,700.0
250.0,788.0
251.0,794.0
252.0,773.0
253.0,786.0
254.0,1347.0
255.0,2236.0
256.0,1976.0
257.0,1324.0
258.0,1072.0
259.0,925.0
260.0,947.0
261.0,1000.0
262.0,1081.0
263.0,1473.0
264.0,3547.0
265.0,5938.0
266.0,4331.0
267.0,1537.0
268.0,906.0
269.0,917.0
270.0,1085.0
271.0,1129.0
272.0,1134.0
273.0,1346.0
274.0,1714.0
275.0,1859.0
276.0,1450.0
277.0,1158.0
278.0,940.0
279.0,920.0
280.0,922.0
281.0,974.0
282.0,1105.0
283.0,1084.0
284.0,930.0
285.0,872.0
286.0,859.0
287.0,955.0
288.0,1053.0
289.0,1178.0
290.0,1305.0
291.0,1070.0
292.0,1028.0
293.0,1220.0
294.0,1313.0
295.0,1385.0
296.0,1415.0
297.0,1357.0
298.0,1341.0
299.0,1379.0
300.0,1502.0
301.0,1527.0
302.0,1458.0
303.0,1262.0
304.0,1136.0
305.0,1176.0
306.0,1272.0
307.0,1396.0
308.0,1631.0
309.0,2439.0
310.0,2594.0
311.0,1907.0
312.0,1472.0
313.0,1190.0
314.0,1317.0
315.0,1602.0
316.0,1545.0
317.0,1531.0
318.0,2031.0
319.0,2601.0
320.0,2314.0
321.0,1618.0
322.0,1212.0
323.0,1152.0
324.0,1088.0
325.0,1179.0
326.0,1424.0
327.0,1593.0
328.0,1625.0
329.0,1518.0
330.0,1232.0
331.0,1254.0
332.0,1531.0
333.0,1857.0
334.0,1990.0
335.0,1876.0
336.0,1800.0
337.0,1613.0
338.0,1571.0
339.0,1771.0
340.0,1830.0
341.0,1655.0
342.0,1517.0
343.0,1590.0
344.0,1555.0
345.0,1527.0
346.0,1335.0
347.0,1343.0
348.0,1663.0
349.0,1686.0
350.0,1453.0
351.0,1442.0
352.0,1658.0
353.0,1603.0
354.0,1356.0
355.0,1259.0
356.0,1544.0
357.0,2208.0
358.0,4866.0
359.0,12661.0
360.0,14583.0
361.0,6750.0
362.0,1920.0
363.0,1658.0
364.0,2333.0
365.0,2737.0
366.0,2376.0
367.0,2287.0
368.0,2539.0
369.0,2681.0
370.0,2141.0
371.0,1612.0
372.0,1651.0
373.0,2040.0
374.0,2579.0
375.0,3220.0
376.0,2681.0
377.0,1684.0
378.0,1324.0
379.0,1354.0
380.0,1561.0
381.0,1658.0
382.0,1427.0
383.0,1256.0
384.0,1324.0
385.0,1687.0
386.0,2313.0
387.0,2407.0
388.0,1865.0
389.0,1588.0
390.0,2038.0
391.0,2377.0
392.0,2036.0
393.0,1802.0
394.0,2095.0
395.0,2417.0
396.0,2251.0
397.0,1885.0
398.0,2013.0
399.0,2519.0
400.0,2704.0
401.0,2287.0
402.0,1791.0
403.0,1773.0
404.0,1686.0
405.0,1500.0
406.0,1550.0
407.0,1583.0
408.0,1554.0
409.0,1748.0
410.0,1979.0
411.0,2118.0
412.0,2019.0
413.0,1905.0
414.0,2035.0
415.0,2038.0
416.0,2009.0
417.0,2006.0
418.0,2165.0
419.0,2595.0
420.0,3344.0
421.0,4159.0
422.0,3944.0
423.0,2891.0
424.0,2392.0
425.0,2292.0
426.0,2007.0
427.0,1960.0
428.0,2222.0
429.0,2138.0
430.0,1920.0
431.0,2163.0
432.0,3208.0
433.0,3558.0
434.0,3499.0
435.0,3628.0
436.0,3409.0
437.0,2970.0
438.0,2688.0
439.0,2795.0
440.0,2917.0
441.0,3144.0
442.0,3360.0
443.0,3467.0
444.0,3336.0
445.0,3076.0
446.0,3126.0
447.0,5321.0
448.0,43370.0
449.0,65670.0
450.0,83157.0
451.0,77413.0
452.0,68698.0
453.0,37335.0
454.0,12820.0
455.0,2958.0
456.0,3271.0
457.0,2899.0
458.0,2744.0
459.0,2782.0
460.0,2833.0
461.0,2402.0
462.0,1842.0
463.0,1851.0
464.0,2456.0
465.0,3110.0
466.0,3275.0
467.0,2970.0
468.0,2522.0
469.0,2299.0
470.0,2551.0
471.0,2955.0
472.0,2830.0
473.0,2527.0
474.0,2998.0
475.0,3562.0
476.0,3638.0
477.0,3504.0
478.0,9637.0
479.0,38184.0
480.0,54227.0
481.0,69928.0
482.0,83342.0
483.0,92507.0
484.0,97837.0
485.0,86868.0
486.0,72985.0
487.0,71509.0
488.0,66632.0
489.0,39194.0
490.0,36136.0
491.0,16889.0
492.0,8876.0
493.0,3783.0
494.0,2338.0
495.0,2493.0
496.0,2432.0
497.0,2258.0
498.0,2094.0
499.0,2160.0
500.0,2446.0
501.0,2420.0
502.0,2393.0
503.0,2653.0
504.0,2793.0
505.0,2489.0
506.0,2078.0
507.0,1721.0
508.0,1817.0
509.0,2074.0
510.0,2396.0
511.0,2440.0
512.0,2480.0
513.0,2630.0
514.0,2727.0
515.0,2681.0
516.0,2545.0
517.0,2426.0
518.0,2668.0
519.0,2896.0
520.0,2917.0
521.0,2684.0
522.0,2337.0
523.0,3407.0
524.0,5166.0
525.0,4513.0
526.0,2594.0
527.0,1985.0
528.0,2316.0
529.0,2705.0
530.0,2766.0
531.0,2685.0
532.0,2561.0
533.0,2237.0
534.0,2167.0
535.0,2653.0
536.0,3123.0
537.0,2720.0
538.0,2401.0
539.0,2916.0
540.0,3148.0
541.0,2592.0
542.0,2248.0
543.0,2078.0
544.0,2221.0
545.0,2543.0
546.0,2237.0
547.0,1817.0
548.0,2083.0
549.0,2429.0
550.0,3233.0
551.0,3945.0
552.0,3691.0
553.0,2889.0
554.0,2166.0
555.0,1995.0
556.0,1760.0
557.0,1591.0
558.0,1798.0
559.0,2338.0
560.0,2641.0
561.0,2745.0
562.0,2744.0
563.0,2601.0
564.0,2286.0
565.0,2388.0
566.0,2886.0
567.0,3041.0
568.0,3058.0
569.0,2785.0
570.0,2438.0
571.0,2464.0
572.0,2395.0
573.0,2243.0
574.0,2173.0
575.0,1970.0
576.0,1916.0
577.0,2221.0
578.0,2493.0
579.0,2497.0
580.0,2451.0
581.0,2321.0
582.0,2239.0
583.0,2361.0
584.0,2338.0
585.0,2322.0
586.0,2380.0
587.0,2297.0
588.0,2270.0
589.0,2796.0
590.0,2675.0
591.0,2199.0
592.0,2513.0
593.0,2981.0
594.0,3105.0
595.0,2986.0
596.0,2837.0
597.0,2739.0
598.0,2468.0
599.0,2689.0
600.0,3319.0
601.0,3333.0
602.0,2396.0
603.0,1804.0
604.0,1863.0
605.0,2339.0
606.0,2437.0
607.0,2448.0
608.0,2511.0
609.0,2327.0
610.0,2388.0
611.0,2777.0
612.0,2633.0
613.0,1735.0
614.0,1753.0
615.0,2327.0
616.0,2873.0
617.0,3015.0
618.0,3125.0
619.0,3099.0
620.0,3193.0
621.0,3274.0
622.0,2789.0
623.0,2122.0
624.0,2162.0
625.0,2489.0
626.0,2251.0
627.0,2031.0
628.0,2211.0
629.0,2522.0
630.0,2395.0
631.0,2075.0
632.0,1792.0
633.0,1817.0
634.0,1975.0
635.0,2450.0
636.0,2716.0
637.0,2522.0
638.0,2060.0
639.0,1664.0
640.0,1774.0
641.0,1793.0
642.0,1799.0
643.0,2120.0
644.0,2402.0
645.0,2473.0
646.0,3545.0
647.0,7296.0
648.0,8841.0
649.0,4876.0
650.0,2402.0
651.0,1972.0
652.0,1538.0
653.0,1837.0
654.0,2570.0
655.0,2828.0
656.0,2535.0
657.0,2407.0
658.0,2165.0
659.0,1851.0
660.0,1737.0
661.0,1860.0
662.0,1679.0
663.0,1462.0
664.0,1703.0
665.0,2257.0
666.0,2431.0
667.0,2128.0
668.0,2290.0
669.0,2476.0
670.0,2438.0
671.0,2487.0
672.0,2233.0
673.0,2387.0
674.0,3189.0
675.0,2924.0
676.0,2018.0
677.0,1721.0
678.0,1597.0
679.0,1837.0
680.0,2003.0
681.0,1857.0
682.0,1881.0
683.0,1832.0
684.0,1598.0
685.0,1378.0
686.0,1381.0
687.0,1706.0
688.0,2060.0
689.0,2356.0
690.0,2498.0
691.0,2348.0
692.0,2200.0
693.0,2163.0
694.0,2221.0
695.0,1964.0
696.0,1581.0
697.0,1436.0
698.0,1227.0
699.0,1456.0
700.0,1871.0
701.0,1835.0
702.0,1710.0
703.0,1731.0
704.0,1588.0
705.0,1554.0
706.0,1589.0
707.0,1637.0
708.0,1734.0
709.0,2000.0
710.0,2296.0
711.0,2330.0
712.0,2055.0
713.0,2139.0
714.0,2081.0
715.0,1687.0
716.0,1630.0
717.0,1632.0
718.0,1653.0
719.0,1685.0
720.0,1748.0
721.0,1868.0
722.0,1815.0
723.0,1934.0
724.0,2288.0
725.0,2425.0
726.0,2086.0
727.0,1670.0
728.0,1571.0
729.0,1651.0
730.0,1769.0
731.0,1902.0
732.0,2287.0
733.0,2772.0
734.0,2711.0
735.0,2072.0
736.0,1699.0
737.0,1707.0
738.0,1738.0
739.0,1549.0
740.0,1430.0
741.0,1461.0
742.0,1562.0
743.0,1716.0
744.0,1687.0
745.0,1668.0
746.0,1871.0
747.0,2002.0
748.0,1921.0
749.0,1610.0
750.0,1312.0
751.0,1431.0
752.0,1848.0
753.0,2344.0
754.0,2236.0
755.0,2107.0
756.0,2514.0
757.0,2512.0
758.0,1670.0
759.0,1280.0
760.0,1517.0
761.0,1623.0
762.0,1458.0
763.0,1395.0
764.0,1338.0
765.0,1486.0
766.0,1859.0
767.0,2024.0
768.0,1821.0
769.0,1641.0
770.0,1575.0
771.0,1514.0
772.0,1496.0
773.0,1587.0
774.0,1792.0
775.0,1760.0
776.0,1418.0
777.0,1273.0
778.0,1256.0
779.0,1375.0
780.0,1655.0
781.0,1846.0
782.0,1597.0
783.0,1344.0
784.0,1452.0
785.0,1652.0
786.0,1524.0
787.0,1287.0
788.0,1140.0
789.0,1740.0
790.0,3655.0
791.0,4101.0
792.0,2423.0
793.0,1525.0
794.0,1574.0
795.0,1801.0
796.0,1938.0
797.0,2128.0
798.0,2113.0
799.0,1917.0
800.0,1966.0
801.0,1843.0
802.0,1574.0
803.0,1464.0
804.0,1333.0
805.0,1140.0
806.0,1208.0
807.0,1453.0
808.0,1614.0
809.0,1668.0
810.0,1504.0
811.0,1448.0
812.0,1524.0
813.0,1723.0
814.0,1934.0
815.0,1718.0
816.0,1501.0
817.0,1578.0
818.0,1543.0
819.0,1189.0
820.0,992.0
821.0,960.0
822.0,1038.0
823.0,1346.0
824.0,1389.0
825.0,1154.0
826.0,1107.0
827.0,1329.0
828.0,1631.0
829.0,1807.0
830.0,1517.0
831.0,1093.0
832.0,1059.0
833.0,1303.0
834.0,1687.0
835.0,1940.0
836.0,1884.0
837.0,1457.0
838.0,1261.0
839.0,1456.0
840.0,1461.0
841.0,1213.0
842.0,948.0
843.0,802.0
844.0,798.0
845.0,822.0
846.0,978.0
847.0,1397.0
848.0,1648.0
849.0,1632.0
850.0,1787.0
851.0,1613.0
852.0,1182.0
853.0,924.0
854.0,1195.0
855.0,1503.0
856.0,1523.0
857.0,1317.0
858.0,980.0
859.0,1019.0
860.0,1095.0
861.0,1156.0
862.0,1195.0
863.0,1162.0
864.0,1210.0
865.0,1460.0
866.0,1930.0
867.0,1780.0
868.0,1083.0
869.0,853.0
870.0,911.0
871.0,1275.0
872.0,1693.0
873.0,1689.0
874.0,1313.0
875.0,1276.0
876.0,1537.0
877.0,1665.0
878.0,1711.0
879.0,1557.0
880.0,1538.0
881.0,1881.0
882.0,1744.0
883.0,1534.0
884.0,1892.0
885.0,1962.0
886.0,1359.0
887.0,924.0
888.0,823.0
889.0,810.0
890.0,1046.0
891.0,1411.0
892.0,1359.0
893.0,1209.0
894.0,1549.0
895.0,1686.0
896.0,1522.0
897.0,1775.0
898.0,1815.0
899.0,1468.0
900.0,1117.0
901.0,834.0
902.0,754.0
903.0,733.0
904.0,880.0
905.0,1237.0
906.0,1974.0
907.0,2545.0
908.0,2072.0
909.0,1161.0
910.0,1015.0
911.0,1191.0
912.0,1424.0
913.0,1855.0
914.0,1769.0
915.0,1310.0
916.0,1178.0
917.0,1245.0
918.0,1289.0
919.0,1013.0
920.0,806.0
921.0,910.0
922.0,1361.0
923.0,1816.0
924.0,1536.0
925.0,1092.0
926.0,1213.0
927.0,1283.0
928.0,1321.0
929.0,1411.0
930.0,1271.0
931.0,950.0
932.0,972.0
933.0,1008.0
934.0,1199.0
935.0,1121.0
936.0,838.0
937.0,898.0
938.0,1053.0
939.0,1163.0
940.0,1461.0
941.0,1489.0
942.0,1293.0
943.0,1391.0
944.0,1212.0
945.0,968.0
946.0,1270.0
947.0,1657.0
948.0,1278.0
949.0,961.0
950.0,983.0
951.0,1005.0
952.0,980.0
953.0,896.0
954.0,709.0
955.0,706.0
956.0,750.0
957.0,823.0
958.0,1016.0
959.0,1041.0
960.0,1057.0
961.0,1243.0
962.0,1191.0
963.0,1179.0
964.0,1337.0
965.0,1346.0
966.0,1026.0
967.0,874.0
968.0,821.0
969.0,782.0
970.0,939.0
971.0,1472.0
972.0,1609.0
973.0,1291.0
974.0,1119.0
975.0,1169.0
976.0,1309.0
977.0,1520.0
978.0,1132.0
979.0,726.0
980.0,682.0
981.0,769.0
982.0,776.0
983.0,679.0
984.0,545.0
985.0,620.0
986.0,879.0
987.0,768.0
988.0,763.0
989.0,1024.0
990.0,1127.0
991.0,954.0
992.0,826.0
993.0,1022.0
994.0,1097.0
995.0,855.0
996.0,718.0
997.0,797.0
998.0,854.0
999.0,1096.0
1000.0,1254.0
1001.0,1122.0
1002.0,769.0
1003.0,503.0
1004.0,478.0
1005.0,565.0
1006.0,596.0
1007.0,549.0
1008.0,493.0
1009.0,601.0
1010.0,633.0
1011.0,586.0
1012.0,971.0
1013.0,1239.0
1014.0,931.0
1015.0,715.0
1016.0,748.0
1017.0,728.0
1018.0,705.0
1019.0,594.0
1020.0,630.0
1021.0,704.0
1022.0,554.0
1023.0,510.0
