0.0,40.0
1.0,37.0
2.0,38.0
3.0,53.0
4.0,35.0
5.0,42.0
6.0,59.0
7.0,47.0
8.0,68.0
9.0,92.0
10.0,142.0
11.0,180.0
12.0,198.0
13.0,149.0
14.0,85.0
15.0,57.0
16.0,48.0
17.0,67.0
18.0,60.0
19.0,65.0
20.0,68.0
21.0,80.0
22.0,137.0
23.0,223.0
24.0,247.0
25.0,185.0
26.0,93.0
27.0,81.0
28.0,59.0
29.0,122.0
30.0,174.0
31.0,219.0
32.0,166.0
33.0,91.0
34.0,71.0
35.0,62.0
36.0,52.0
37.0,57.0
38.0,77.0
39.0,66.0
40.0,54.0
41.0,60.0
42.0,64.0
43.0,59.0
44.0,58.0
45.0,60.0
46.0,43.0
47.0,52.0
48.0,66.0
49.0,66.0
50.0,57.0
51.0,60.0
52.0,60.0
53.0,68.0
54.0,75.0
55.0,58.0
56.0,68.0
57.0,58.0
58.0,76.0
59.0,60.0
60.0,64.0
61.0,69.0
62.0,71.0
63.0,74.0
64.0,62.0
65.0,64.0
66.0,73.0
67.0,65.0
68.0,55.0
69.0,70.0
70.0,59.0
71.0,64.0
72.0,66.0
73.0,80.0
74.0,58.0
75.0,80.0
76.0,54.0
77.0,70.0
78.0,57.0
79.0,71.0
80.0,63.0
81.0,58.0
82.0,64.0
83.0,73.0
84.0,62.0
85.0,62.0
86.0,64.0
87.0,59.0
88.0,79.0
89.0,57.0
90.0,76.0
91.0,66.0
92.0,72.0
93.0,64.0
94.0,67.0
95.0,75.0
96.0,65.0
97.0,75.0
98.0,85.0
99.0,84.0
100.0,87.0
101.0,80.0
102.0,91.0
103.0,69.0
104.0,65.0
105.0,67.0
106.0,80.0
107.0,77.0
108.0,82.0
109.0,62.0
110.0,84.0
111.0,91.0
112.0,63.0
113.0,86.0
114.0,87.0
115.0,80.0
116.0,84.0
117.0,80.0
118.0,79.0
119.0,77.0
120.0,78.0
121.0,84.0
122.0,84.0
123.0,77.0
124.0,88.0
125.0,78.0
126.0,78.0
127.0,64.0
128.0,81.0
129.0,79.0
130.0,74.0
131.0,87.0
132.0,86.0
133.0,80.0
134.0,75.0
135.0,101.0
136.0,85.0
137.0,72.0
138.0,65.0
139.0,71.0
140.0,81.0
141.0,94.0
142.0,100.0
143.0,96.0
144.0,117.0
145.0,113.0
146.0,92.0
147.0,118.0
148.0,129.0
149.0,118.0
150.0,88.0
151.0,90.0
152.0,102.0
153.0,120.0
154.0,140.0
155.0,140.0
156.0,150.0
157.0,197.0
158.0,212.0
159.0,232.0
160.0,262.0
161.0,335.0
162.0,482.0
163.0,946.0
164.0,3702.0
165.0,15183.0
166.0,22480.0
167.0,12643.0
168.0,2539.0
169.0,757.0
170.0,414.0
171.0,271.0
172.0,178.0
173.0,184.0
174.0,156.0
175.0,165.0
176.0,139.0
177.0,149.0
178.0,141.0
179.0,158.0
180.0,119.0
181.0,115.0
182.0,105.0
183.0,117.0
184.0,122.0
185.0,148.0
186.0,210.0
187.0,174.0
188.0,123.0
189.0,97.0
190.0,91.0
191.0,90.0
192.0,105.0
193.0,94.0
194.0,101.0
195.0,81.0
196.0,99.0
197.0,93.0
198.0,92.0
199.0,97.0
200.0,96.0
201.0,115.0
202.0,113.0
203.0,112.0
204.0,79.0
205.0,105.0
206.0,102.0
207.0,94.0
208.0,92.0
209.0,84.0
210.0,81.0
211.0,84.0
212.0,89.0
213.0,105.0
214.0,99.0
215.0,101.0
216.0,101.0
217.0,99.0
218.0,102.0
219.0,106.0
220.0,104.0
221.0,90.0
222.0,113.0
223.0,122.0
224.0,101.0
225.0,100.0
226.0,113.0
227.0,99.0
228.0,116.0
229.0,112.0
230.0,103.0
231.0,104.0
232.0,113.0
233.0,99.0
234.0,91.0
235.0,102.0
236.0,104.0
237.0,86.0
238.0,116.0
239.0,100.0
240.0,89.0
241.0,88.0
242.0,95.0
243.0,112.0
244.0,102.0
245.0,102.0
246.0,100.0
247.0,100.0
248.0,109.0
249.0,99.0
250.0,114.0
251.0,124.0
252.0,106.0
253.0,108.0
254.0,98.0
255.0,110.0
256.0,102.0
257.0,132.0
258.0,190.0
259.0,333.0
260.0,669.0
261.0,816.0
262.0,546.0
263.0,236.0
264.0,144.0
265.0,150.0
266.0,132.0
267.0,115.0
268.0,145.0
269.0,151.0
270.0,166.0
271.0,172.0
272.0,233.0
273.0,501.0
274.0,2013.0
275.0,4751.0
276.0,3941.0
277.0,1169.0
278.0,303.0
279.0,172.0
280.0,138.0
281.0,145.0
282.0,211.0
283.0,228.0
284.0,172.0
285.0,125.0
286.0,119.0
287.0,140.0
288.0,154.0
289.0,149.0
290.0,127.0
291.0,133.0
292.0,122.0
293.0,148.0
294.0,136.0
295.0,137.0
296.0,136.0
297.0,110.0
298.0,117.0
299.0,104.0
300.0,107.0
301.0,121.0
302.0,114.0
303.0,109.0
304.0,117.0
305.0,131.0
306.0,96.0
307.0,113.0
308.0,122.0
309.0,124.0
310.0,125.0
311.0,117.0
312.0,124.0
313.0,117.0
314.0,109.0
315.0,125.0
316.0,97.0
317.0,113.0
318.0,136.0
319.0,129.0
320.0,141.0
321.0,147.0
322.0,116.0
323.0,134.0
324.0,138.0
325.0,142.0
326.0,158.0
327.0,230.0
328.0,278.0
329.0,216.0
330.0,141.0
331.0,124.0
332.0,130.0
333.0,130.0
334.0,122.0
335.0,114.0
336.0,131.0
337.0,129.0
338.0,122.0
339.0,121.0
340.0,127.0
341.0,130.0
342.0,125.0
343.0,119.0
344.0,110.0
345.0,106.0
346.0,102.0
347.0,113.0
348.0,125.0
349.0,137.0
350.0,147.0
351.0,123.0
352.0,124.0
353.0,123.0
354.0,124.0
355.0,145.0
356.0,133.0
357.0,120.0
358.0,129.0
359.0,105.0
360.0,134.0
361.0,120.0
362.0,121.0
363.0,133.0
364.0,137.0
365.0,126.0
366.0,139.0
367.0,159.0
368.0,171.0
369.0,169.0
370.0,157.0
371.0,147.0
372.0,133.0
373.0,118.0
374.0,118.0
375.0,126.0
376.0,117.0
377.0,114.0
378.0,133.0
379.0,120.0
380.0,129.0
381.0,124.0
382.0,135.0
383.0,135.0
384.0,140.0
385.0,125.0
386.0,142.0
387.0,125.0
388.0,115.0
389.0,131.0
390.0,121.0
391.0,133.0
392.0,126.0
393.0,155.0
394.0,140.0
395.0,136.0
396.0,136.0
397.0,156.0
398.0,164.0
399.0,148.0
400.0,165.0
401.0,156.0
402.0,147.0
403.0,180.0
404.0,275.0
405.0,289.0
406.0,216.0
407.0,203.0
408.0,165.0
409.0,153.0
410.0,138.0
411.0,147.0
412.0,152.0
413.0,179.0
414.0,371.0
415.0,632.0
416.0,519.0
417.0,230.0
418.0,147.0
419.0,145.0
420.0,146.0
421.0,143.0
422.0,130.0
423.0,132.0
424.0,140.0
425.0,147.0
426.0,141.0
427.0,124.0
428.0,142.0
429.0,126.0
430.0,144.0
431.0,158.0
432.0,176.0
433.0,163.0
434.0,156.0
435.0,160.0
436.0,156.0
437.0,136.0
438.0,134.0
439.0,121.0
440.0,134.0
441.0,114.0
442.0,126.0
443.0,122.0
444.0,132.0
445.0,132.0
446.0,174.0
447.0,176.0
448.0,164.0
449.0,142.0
450.0,156.0
451.0,171.0
452.0,139.0
453.0,160.0
454.0,166.0
455.0,158.0
456.0,138.0
457.0,142.0
458.0,150.0
459.0,137.0
460.0,145.0
461.0,152.0
462.0,161.0
463.0,161.0
464.0,182.0
465.0,182.0
466.0,156.0
467.0,137.0
468.0,139.0
469.0,143.0
470.0,132.0
471.0,160.0
472.0,144.0
473.0,151.0
474.0,156.0
475.0,146.0
476.0,138.0
477.0,161.0
478.0,155.0
479.0,186.0
480.0,176.0
481.0,167.0
482.0,174.0
483.0,171.0
484.0,166.0
485.0,173.0
486.0,134.0
487.0,150.0
488.0,151.0
489.0,152.0
490.0,169.0
491.0,157.0
492.0,171.0
493.0,163.0
494.0,180.0
495.0,172.0
496.0,188.0
497.0,193.0
498.0,193.0
499.0,195.0
500.0,188.0
501.0,195.0
502.0,180.0
503.0,173.0
504.0,182.0
505.0,170.0
506.0,165.0
507.0,158.0
508.0,163.0
509.0,188.0
510.0,182.0
511.0,189.0
512.0,196.0
513.0,212.0
514.0,201.0
515.0,222.0
516.0,225.0
517.0,213.0
518.0,229.0
519.0,226.0
520.0,227.0
521.0,269.0
522.0,301.0
523.0,342.0
524.0,430.0
525.0,541.0
526.0,689.0
527.0,861.0
528.0,976.0
529.0,1288.0
530.0,2929.0
531.0,35590.0
532.0,57087.0
533.0,76841.0
534.0,88000.0
535.0,75916.0
536.0,64721.0
537.0,50086.0
538.0,28819.0
539.0,2619.0
540.0,661.0
541.0,528.0
542.0,431.0
543.0,390.0
544.0,336.0
545.0,324.0
546.0,316.0
547.0,290.0
548.0,261.0
549.0,254.0
550.0,246.0
551.0,252.0
552.0,231.0
553.0,219.0
554.0,209.0
555.0,223.0
556.0,226.0
557.0,227.0
558.0,229.0
559.0,251.0
560.0,241.0
561.0,233.0
562.0,213.0
563.0,233.0
564.0,247.0
565.0,256.0
566.0,249.0
567.0,244.0
568.0,213.0
569.0,235.0
570.0,283.0
571.0,423.0
572.0,1050.0
573.0,3264.0
574.0,4849.0
575.0,2888.0
576.0,838.0
577.0,371.0
578.0,246.0
579.0,232.0
580.0,210.0
581.0,216.0
582.0,199.0
583.0,178.0
584.0,181.0
585.0,169.0
586.0,172.0
587.0,183.0
588.0,166.0
589.0,180.0
590.0,187.0
591.0,363.0
592.0,929.0
593.0,940.0
594.0,418.0
595.0,199.0
596.0,210.0
597.0,169.0
598.0,167.0
599.0,171.0
600.0,168.0
601.0,187.0
602.0,186.0
603.0,178.0
604.0,176.0
605.0,160.0
606.0,183.0
607.0,175.0
608.0,171.0
609.0,179.0
610.0,190.0
611.0,176.0
612.0,172.0
613.0,157.0
614.0,178.0
615.0,180.0
616.0,165.0
617.0,174.0
618.0,167.0
619.0,211.0
620.0,373.0
621.0,549.0
622.0,350.0
623.0,198.0
624.0,184.0
625.0,169.0
626.0,192.0
627.0,201.0
628.0,238.0
629.0,277.0
630.0,390.0
631.0,729.0
632.0,1839.0
633.0,6547.0
634.0,14045.0
635.0,11704.0
636.0,3696.0
637.0,977.0
638.0,487.0
639.0,299.0
640.0,244.0
641.0,194.0
642.0,162.0
643.0,189.0
644.0,182.0
645.0,204.0
646.0,201.0
647.0,209.0
648.0,196.0
649.0,179.0
650.0,171.0
651.0,161.0
652.0,211.0
653.0,259.0
654.0,377.0
655.0,905.0
656.0,2775.0
657.0,3817.0
658.0,1928.0
659.0,596.0
660.0,322.0
661.0,222.0
662.0,193.0
663.0,181.0
664.0,195.0
665.0,178.0
666.0,171.0
667.0,173.0
668.0,197.0
669.0,200.0
670.0,177.0
671.0,193.0
672.0,211.0
673.0,181.0
674.0,144.0
675.0,146.0
676.0,162.0
677.0,153.0
678.0,161.0
679.0,193.0
680.0,176.0
681.0,174.0
682.0,163.0
683.0,156.0
684.0,178.0
685.0,184.0
686.0,178.0
687.0,250.0
688.0,319.0
689.0,330.0
690.0,325.0
691.0,558.0
692.0,1552.0
693.0,2677.0
694.0,1784.0
695.0,561.0
696.0,264.0
697.0,197.0
698.0,190.0
699.0,186.0
700.0,193.0
701.0,241.0
702.0,601.0
703.0,1371.0
704.0,1036.0
705.0,295.0
706.0,194.0
707.0,172.0
708.0,190.0
709.0,359.0
710.0,786.0
711.0,795.0
712.0,372.0
713.0,202.0
714.0,195.0
715.0,188.0
716.0,209.0
717.0,186.0
718.0,193.0
719.0,192.0
720.0,164.0
721.0,170.0
722.0,189.0
723.0,210.0
724.0,194.0
725.0,179.0
726.0,184.0
727.0,210.0
728.0,307.0
729.0,521.0
730.0,491.0
731.0,338.0
732.0,412.0
733.0,783.0
734.0,929.0
735.0,490.0
736.0,220.0
737.0,191.0
738.0,194.0
739.0,160.0
740.0,158.0
741.0,139.0
742.0,173.0
743.0,205.0
744.0,213.0
745.0,273.0
746.0,379.0
747.0,855.0
748.0,2521.0
749.0,3690.0
750.0,2324.0
751.0,1902.0
752.0,4222.0
753.0,4393.0
754.0,2118.0
755.0,1258.0
756.0,645.0
757.0,261.0
758.0,212.0
759.0,202.0
760.0,184.0
761.0,209.0
762.0,188.0
763.0,168.0
764.0,181.0
765.0,242.0
766.0,378.0
767.0,452.0
768.0,403.0
769.0,287.0
770.0,197.0
771.0,169.0
772.0,200.0
773.0,189.0
774.0,193.0
775.0,181.0
776.0,184.0
777.0,165.0
778.0,170.0
779.0,192.0
780.0,192.0
781.0,150.0
782.0,154.0
783.0,161.0
784.0,171.0
785.0,155.0
786.0,141.0
787.0,168.0
788.0,211.0
789.0,194.0
790.0,193.0
791.0,190.0
792.0,171.0
793.0,161.0
794.0,168.0
795.0,153.0
796.0,156.0
797.0,157.0
798.0,154.0
799.0,149.0
800.0,168.0
801.0,167.0
802.0,166.0
803.0,147.0
804.0,154.0
805.0,175.0
806.0,169.0
807.0,172.0
808.0,148.0
809.0,150.0
810.0,158.0
811.0,142.0
812.0,155.0
813.0,144.0
814.0,151.0
815.0,161.0
816.0,145.0
817.0,150.0
818.0,143.0
819.0,151.0
820.0,164.0
821.0,169.0
822.0,148.0
823.0,121.0
824.0,131.0
825.0,139.0
826.0,125.0
827.0,150.0
828.0,151.0
829.0,162.0
830.0,133.0
831.0,144.0
832.0,161.0
833.0,179.0
834.0,173.0
835.0,155.0
836.0,160.0
837.0,148.0
838.0,134.0
839.0,141.0
840.0,165.0
841.0,216.0
842.0,288.0
843.0,271.0
844.0,193.0
845.0,117.0
846.0,111.0
847.0,124.0
848.0,135.0
849.0,174.0
850.0,135.0
851.0,144.0
852.0,126.0
853.0,139.0
854.0,140.0
855.0,123.0
856.0,125.0
857.0,143.0
858.0,162.0
859.0,153.0
860.0,158.0
861.0,160.0
862.0,157.0
863.0,163.0
864.0,135.0
865.0,157.0
866.0,187.0
867.0,182.0
868.0,150.0
869.0,160.0
870.0,129.0
871.0,137.0
872.0,143.0
873.0,138.0
874.0,143.0
875.0,148.0
876.0,173.0
877.0,186.0
878.0,152.0
879.0,163.0
880.0,139.0
881.0,152.0
882.0,159.0
883.0,145.0
884.0,151.0
885.0,143.0
886.0,126.0
887.0,143.0
888.0,142.0
889.0,146.0
890.0,147.0
891.0,143.0
892.0,151.0
893.0,164.0
894.0,131.0
895.0,119.0
896.0,112.0
897.0,133.0
898.0,157.0
899.0,156.0
900.0,182.0
901.0,158.0
902.0,160.0
903.0,166.0
904.0,228.0
905.0,578.0
906.0,1296.0
907.0,918.0
908.0,272.0
909.0,148.0
910.0,139.0
911.0,145.0
912.0,139.0
913.0,149.0
914.0,162.0
915.0,165.0
916.0,160.0
917.0,162.0
918.0,182.0
919.0,167.0
920.0,141.0
921.0,120.0
922.0,113.0
923.0,121.0
924.0,153.0
925.0,175.0
926.0,150.0
927.0,139.0
928.0,156.0
929.0,137.0
930.0,125.0
931.0,124.0
932.0,132.0
933.0,143.0
934.0,142.0
935.0,133.0
936.0,203.0
937.0,486.0
938.0,860.0
939.0,525.0
940.0,290.0
941.0,180.0
942.0,156.0
943.0,155.0
944.0,158.0
945.0,145.0
946.0,159.0
947.0,157.0
948.0,158.0
949.0,151.0
950.0,131.0
951.0,158.0
952.0,159.0
953.0,152.0
954.0,151.0
955.0,145.0
956.0,135.0
957.0,146.0
958.0,145.0
959.0,149.0
960.0,173.0
961.0,153.0
962.0,172.0
963.0,158.0
964.0,143.0
965.0,140.0
966.0,136.0
967.0,147.0
968.0,120.0
969.0,133.0
970.0,149.0
971.0,130.0
972.0,138.0
973.0,142.0
974.0,270.0
975.0,423.0
976.0,288.0
977.0,158.0
978.0,139.0
979.0,141.0
980.0,189.0
981.0,458.0
982.0,592.0
983.0,272.0
984.0,150.0
985.0,145.0
986.0,169.0
987.0,185.0
988.0,218.0
989.0,187.0
990.0,155.0
991.0,130.0
992.0,128.0
993.0,133.0
994.0,117.0
995.0,125.0
996.0,117.0
997.0,124.0
998.0,138.0
999.0,136.0
1000.0,146.0
1001.0,126.0
1002.0,122.0
1003.0,116.0
1004.0,118.0
1005.0,134.0
1006.0,132.0
1007.0,145.0
1008.0,209.0
1009.0,195.0
1010.0,179.0
1011.0,172.0
1012.0,182.0
1013.0,341.0
1014.0,456.0
1015.0,249.0
1016.0,147.0
1017.0,123.0
1018.0,119.0
1019.0,135.0
1020.0,133.0
1021.0,138.0
1022.0,130.0
1023.0,160.0
