0.0,88.0
1.0,163.0
2.0,189.0
3.0,424.0
4.0,733.0
5.0,634.0
6.0,279.0
7.0,161.0
8.0,174.0
9.0,164.0
10.0,165.0
11.0,175.0
12.0,179.0
13.0,178.0
14.0,203.0
15.0,256.0
16.0,256.0
17.0,228.0
18.0,192.0
19.0,182.0
20.0,145.0
21.0,165.0
22.0,259.0
23.0,279.0
24.0,257.0
25.0,232.0
26.0,169.0
27.0,161.0
28.0,196.0
29.0,199.0
30.0,190.0
31.0,171.0
32.0,176.0
33.0,190.0
34.0,165.0
35.0,154.0
36.0,179.0
37.0,187.0
38.0,202.0
39.0,202.0
40.0,191.0
41.0,191.0
42.0,204.0
43.0,210.0
44.0,204.0
45.0,244.0
46.0,289.0
47.0,332.0
48.0,314.0
49.0,275.0
50.0,261.0
51.0,283.0
52.0,329.0
53.0,334.0
54.0,438.0
55.0,614.0
56.0,614.0
57.0,461.0
58.0,388.0
59.0,349.0
60.0,306.0
61.0,282.0
62.0,268.0
63.0,281.0
64.0,266.0
65.0,233.0
66.0,225.0
67.0,243.0
68.0,231.0
69.0,255.0
70.0,293.0
71.0,310.0
72.0,297.0
73.0,308.0
74.0,316.0
75.0,369.0
76.0,349.0
77.0,339.0
78.0,335.0
79.0,394.0
80.0,393.0
81.0,315.0
82.0,311.0
83.0,324.0
84.0,367.0
85.0,433.0
86.0,582.0
87.0,792.0
88.0,800.0
89.0,731.0
90.0,706.0
91.0,481.0
92.0,353.0
93.0,389.0
94.0,567.0
95.0,711.0
96.0,623.0
97.0,453.0
98.0,353.0
99.0,400.0
100.0,510.0
101.0,472.0
102.0,521.0
103.0,811.0
104.0,1006.0
105.0,746.0
106.0,417.0
107.0,345.0
108.0,506.0
109.0,774.0
110.0,824.0
111.0,581.0
112.0,421.0
113.0,387.0
114.0,320.0
115.0,490.0
116.0,801.0
117.0,757.0
118.0,486.0
119.0,425.0
120.0,408.0
121.0,486.0
122.0,738.0
123.0,1013.0
124.0,828.0
125.0,858.0
126.0,1063.0
127.0,865.0
128.0,611.0
129.0,588.0
130.0,523.0
131.0,387.0
132.0,326.0
133.0,355.0
134.0,359.0
135.0,380.0
136.0,602.0
137.0,1349.0
138.0,2259.0
139.0,1977.0
140.0,1275.0
141.0,927.0
142.0,715.0
143.0,614.0
144.0,589.0
145.0,577.0
146.0,564.0
147.0,504.0
148.0,504.0
149.0,597.0
150.0,653.0
151.0,720.0
152.0,1223.0
153.0,1970.0
154.0,1904.0
155.0,1391.0
156.0,1420.0
157.0,1293.0
158.0,754.0
159.0,601.0
160.0,729.0
161.0,984.0
162.0,963.0
163.0,822.0
164.0,899.0
165.0,839.0
166.0,839.0
167.0,913.0
168.0,844.0
169.0,681.0
170.0,1081.0
171.0,1629.0
172.0,1354.0
173.0,950.0
174.0,907.0
175.0,721.0
176.0,721.0
177.0,1141.0
178.0,1358.0
179.0,998.0
180.0,574.0
181.0,473.0
182.0,572.0
183.0,681.0
184.0,674.0
185.0,925.0
186.0,1616.0
187.0,1746.0
188.0,1056.0
189.0,681.0
190.0,616.0
191.0,540.0
192.0,594.0
193.0,732.0
194.0,871.0
195.0,1055.0
196.0,994.0
197.0,814.0
198.0,870.0
199.0,807.0
200.0,613.0
201.0,645.0
202.0,976.0
203.0,1356.0
204.0,1408.0
205.0,1397.0
206.0,1202.0
207.0,801.0
208.0,1052.0
209.0,2033.0
210.0,2127.0
211.0,1126.0
212.0,721.0
213.0,852.0
214.0,897.0
215.0,910.0
216.0,816.0
217.0,731.0
218.0,763.0
219.0,1047.0
220.0,1207.0
221.0,1124.0
222.0,993.0
223.0,855.0
224.0,748.0
225.0,771.0
226.0,784.0
227.0,847.0
228.0,922.0
229.0,832.0
230.0,962.0
231.0,1037.0
232.0,1031.0
233.0,1662.0
234.0,3498.0
235.0,3850.0
236.0,2085.0
237.0,1037.0
238.0,1029.0
239.0,876.0
240.0,633.0
241.0,574.0
242.0,659.0
243.0,742.0
244.0,913.0
245.0,1030.0
246.0,1416.0
247.0,1818.0
248.0,1470.0
249.0,882.0
250.0,723.0
251.0,893.0
252.0,1614.0
253.0,1800.0
254.0,1108.0
255.0,728.0
256.0,788.0
257.0,844.0
258.0,769.0
259.0,669.0
260.0,663.0
261.0,721.0
262.0,722.0
263.0,755.0
264.0,1212.0
265.0,2505.0
266.0,3366.0
267.0,2342.0
268.0,1023.0
269.0,727.0
270.0,959.0
271.0,1530.0
272.0,1626.0
273.0,1184.0
274.0,971.0
275.0,1482.0
276.0,4848.0
277.0,18706.0
278.0,29619.0
279.0,18441.0
280.0,3918.0
281.0,1183.0
282.0,899.0
283.0,1047.0
284.0,1218.0
285.0,1117.0
286.0,1476.0
287.0,2816.0
288.0,3395.0
289.0,2011.0
290.0,1065.0
291.0,1358.0
292.0,1542.0
293.0,1186.0
294.0,1130.0
295.0,1223.0
296.0,1605.0
297.0,2252.0
298.0,2019.0
299.0,1367.0
300.0,1173.0
301.0,1112.0
302.0,1239.0
303.0,1742.0
304.0,1704.0
305.0,1036.0
306.0,712.0
307.0,815.0
308.0,935.0
309.0,1073.0
310.0,1217.0
311.0,1340.0
312.0,1272.0
313.0,1057.0
314.0,940.0
315.0,777.0
316.0,628.0
317.0,737.0
318.0,727.0
319.0,713.0
320.0,746.0
321.0,1516.0
322.0,3091.0
323.0,2948.0
324.0,1396.0
325.0,750.0
326.0,757.0
327.0,753.0
328.0,675.0
329.0,987.0
330.0,1854.0
331.0,2055.0
332.0,1273.0
333.0,791.0
334.0,723.0
335.0,1164.0
336.0,2849.0
337.0,3815.0
338.0,2325.0
339.0,1118.0
340.0,1150.0
341.0,1105.0
342.0,1033.0
343.0,1057.0
344.0,1065.0
345.0,935.0
346.0,894.0
347.0,884.0
348.0,906.0
349.0,922.0
350.0,1049.0
351.0,1252.0
352.0,1262.0
353.0,1064.0
354.0,857.0
355.0,825.0
356.0,822.0
357.0,778.0
358.0,905.0
359.0,987.0
360.0,932.0
361.0,944.0
362.0,1069.0
363.0,1659.0
364.0,2646.0
365.0,3295.0
366.0,2931.0
367.0,2108.0
368.0,1492.0
369.0,1355.0
370.0,1328.0
371.0,1453.0
372.0,1780.0
373.0,2487.0
374.0,2070.0
375.0,1186.0
376.0,1151.0
377.0,2602.0
378.0,3608.0
379.0,2192.0
380.0,1009.0
381.0,833.0
382.0,854.0
383.0,969.0
384.0,1176.0
385.0,1207.0
386.0,987.0
387.0,681.0
388.0,578.0
389.0,633.0
390.0,768.0
391.0,806.0
392.0,902.0
393.0,1162.0
394.0,1373.0
395.0,1176.0
396.0,928.0
397.0,929.0
398.0,808.0
399.0,750.0
400.0,719.0
401.0,740.0
402.0,1268.0
403.0,2240.0
404.0,1912.0
405.0,1060.0
406.0,822.0
407.0,840.0
408.0,1053.0
409.0,1953.0
410.0,3111.0
411.0,3158.0
412.0,3200.0
413.0,2606.0
414.0,1402.0
415.0,1077.0
416.0,1273.0
417.0,1244.0
418.0,1244.0
419.0,1491.0
420.0,1675.0
421.0,1851.0
422.0,2469.0
423.0,2767.0
424.0,1721.0
425.0,845.0
426.0,787.0
427.0,906.0
428.0,1083.0
429.0,1058.0
430.0,937.0
431.0,876.0
432.0,975.0
433.0,992.0
434.0,1067.0
435.0,1155.0
436.0,1100.0
437.0,1119.0
438.0,1122.0
439.0,1023.0
440.0,1047.0
441.0,1635.0
442.0,2790.0
443.0,2982.0
444.0,2048.0
445.0,1344.0
446.0,945.0
447.0,869.0
448.0,940.0
449.0,996.0
450.0,1182.0
451.0,1201.0
452.0,1345.0
453.0,3062.0
454.0,4564.0
455.0,2921.0
456.0,1436.0
457.0,1827.0
458.0,1584.0
459.0,1012.0
460.0,893.0
461.0,960.0
462.0,1147.0
463.0,1247.0
464.0,1112.0
465.0,1119.0
466.0,1109.0
467.0,995.0
468.0,1217.0
469.0,1426.0
470.0,1144.0
471.0,923.0
472.0,1054.0
473.0,1818.0
474.0,1990.0
475.0,1342.0
476.0,941.0
477.0,800.0
478.0,867.0
479.0,1244.0
480.0,1432.0
481.0,1517.0
482.0,2648.0
483.0,4088.0
484.0,3916.0
485.0,2586.0
486.0,1615.0
487.0,1182.0
488.0,1047.0
489.0,937.0
490.0,1035.0
491.0,1070.0
492.0,1078.0
493.0,1199.0
494.0,1485.0
495.0,2721.0
496.0,4719.0
497.0,3777.0
498.0,2059.0
499.0,4961.0
500.0,8533.0
501.0,5919.0
502.0,1986.0
503.0,1550.0
504.0,1734.0
505.0,1320.0
506.0,1194.0
507.0,1252.0
508.0,1592.0
509.0,2678.0
510.0,3126.0
511.0,2023.0
512.0,1091.0
513.0,879.0
514.0,959.0
515.0,1364.0
516.0,1551.0
517.0,1400.0
518.0,1531.0
519.0,1602.0
520.0,1704.0
521.0,2376.0
522.0,2839.0
523.0,2188.0
524.0,1388.0
525.0,1202.0
526.0,1533.0
527.0,2394.0
528.0,2374.0
529.0,1344.0
530.0,882.0
531.0,878.0
532.0,1112.0
533.0,1520.0
534.0,1640.0
535.0,1504.0
536.0,1400.0
537.0,1274.0
538.0,1544.0
539.0,3157.0
540.0,4849.0
541.0,3233.0
542.0,1062.0
543.0,871.0
544.0,1136.0
545.0,1395.0
546.0,1169.0
547.0,875.0
548.0,1092.0
549.0,1561.0
550.0,2031.0
551.0,2281.0
552.0,6213.0
553.0,26540.0
554.0,40493.0
555.0,21025.0
556.0,3009.0
557.0,1191.0
558.0,1201.0
559.0,1477.0
560.0,1648.0
561.0,1683.0
562.0,1602.0
563.0,1213.0
564.0,957.0
565.0,908.0
566.0,977.0
567.0,1213.0
568.0,1452.0
569.0,2493.0
570.0,3230.0
571.0,2307.0
572.0,2425.0
573.0,3038.0
574.0,2001.0
575.0,1330.0
576.0,1351.0
577.0,1278.0
578.0,1309.0
579.0,1471.0
580.0,1497.0
581.0,1436.0
582.0,1372.0
583.0,1234.0
584.0,1951.0
585.0,4151.0
586.0,4497.0
587.0,2362.0
588.0,1202.0
589.0,1227.0
590.0,1344.0
591.0,1307.0
592.0,1395.0
593.0,1297.0
594.0,1154.0
595.0,1200.0
596.0,1449.0
597.0,1401.0
598.0,1101.0
599.0,993.0
600.0,1271.0
601.0,1614.0
602.0,1416.0
603.0,1156.0
604.0,1280.0
605.0,1362.0
606.0,1395.0
607.0,1473.0
608.0,1163.0
609.0,1056.0
610.0,1174.0
611.0,1341.0
612.0,1501.0
613.0,1453.0
614.0,1098.0
615.0,878.0
616.0,951.0
617.0,1622.0
618.0,2813.0
619.0,2956.0
620.0,3080.0
621.0,2603.0
622.0,1319.0
623.0,1007.0
624.0,1229.0
625.0,1409.0
626.0,1471.0
627.0,1437.0
628.0,1326.0
629.0,1315.0
630.0,1601.0
631.0,1674.0
632.0,2976.0
633.0,4584.0
634.0,3266.0
635.0,1487.0
636.0,1300.0
637.0,1335.0
638.0,1180.0
639.0,1344.0
640.0,1667.0
641.0,1559.0
642.0,1150.0
643.0,1281.0
644.0,1387.0
645.0,1206.0
646.0,1243.0
647.0,1592.0
648.0,2179.0
649.0,7254.0
650.0,17499.0
651.0,14183.0
652.0,3858.0
653.0,1198.0
654.0,1040.0
655.0,1107.0
656.0,1033.0
657.0,981.0
658.0,1074.0
659.0,1321.0
660.0,1360.0
661.0,1104.0
662.0,795.0
663.0,730.0
664.0,819.0
665.0,888.0
666.0,1245.0
667.0,2359.0
668.0,3714.0
669.0,3471.0
670.0,2376.0
671.0,1496.0
672.0,1356.0
673.0,1681.0
674.0,1771.0
675.0,1427.0
676.0,1415.0
677.0,2319.0
678.0,3261.0
679.0,2773.0
680.0,1913.0
681.0,2215.0
682.0,3683.0
683.0,3212.0
684.0,1796.0
685.0,1735.0
686.0,1538.0
687.0,1297.0
688.0,1633.0
689.0,2757.0
690.0,4214.0
691.0,3731.0
692.0,2225.0
693.0,1714.0
694.0,1576.0
695.0,1651.0
696.0,1815.0
697.0,2514.0
698.0,4129.0
699.0,3786.0
700.0,1815.0
701.0,960.0
702.0,758.0
703.0,900.0
704.0,1222.0
705.0,1424.0
706.0,2275.0
707.0,3852.0
708.0,3830.0
709.0,2123.0
710.0,1229.0
711.0,1369.0
712.0,1741.0
713.0,1608.0
714.0,1797.0
715.0,2579.0
716.0,2454.0
717.0,1741.0
718.0,1874.0
719.0,2661.0
720.0,2734.0
721.0,2197.0
722.0,1525.0
723.0,1020.0
724.0,1100.0
725.0,1350.0
726.0,1704.0
727.0,1998.0
728.0,1966.0
729.0,1806.0
730.0,1564.0
731.0,1790.0
732.0,5474.0
733.0,11327.0
734.0,8504.0
735.0,2977.0
736.0,2098.0
737.0,1718.0
738.0,1375.0
739.0,1316.0
740.0,1257.0
741.0,1256.0
742.0,1320.0
743.0,1379.0
744.0,1279.0
745.0,1286.0
746.0,1366.0
747.0,1286.0
748.0,1001.0
749.0,987.0
750.0,1035.0
751.0,1053.0
752.0,1386.0
753.0,1811.0
754.0,1767.0
755.0,1478.0
756.0,1329.0
757.0,1164.0
758.0,1421.0
759.0,1813.0
760.0,1976.0
761.0,2012.0
762.0,1634.0
763.0,1249.0
764.0,1122.0
765.0,1342.0
766.0,1594.0
767.0,1321.0
768.0,995.0
769.0,1325.0
770.0,1539.0
771.0,1602.0
772.0,2434.0
773.0,3123.0
774.0,2593.0
775.0,1849.0
776.0,1403.0
777.0,1227.0
778.0,1278.0
779.0,1310.0
780.0,1065.0
781.0,974.0
782.0,966.0
783.0,1063.0
784.0,1235.0
785.0,1932.0
786.0,3137.0
787.0,2628.0
788.0,1325.0
789.0,1039.0
790.0,1045.0
791.0,1313.0
792.0,1429.0
793.0,1218.0
794.0,1111.0
795.0,1071.0
796.0,1149.0
797.0,1379.0
798.0,1395.0
799.0,1443.0
800.0,1849.0
801.0,2020.0
802.0,1708.0
803.0,1492.0
804.0,1338.0
805.0,1012.0
806.0,917.0
807.0,983.0
808.0,1461.0
809.0,1645.0
810.0,1291.0
811.0,1132.0
812.0,1290.0
813.0,1577.0
814.0,1621.0
815.0,1237.0
816.0,1092.0
817.0,1282.0
818.0,1501.0
819.0,1353.0
820.0,1244.0
821.0,1574.0
822.0,1554.0
823.0,1338.0
824.0,1302.0
825.0,2202.0
826.0,4366.0
827.0,4887.0
828.0,3535.0
829.0,2734.0
830.0,1866.0
831.0,1135.0
832.0,980.0
833.0,941.0
834.0,976.0
835.0,985.0
836.0,1137.0
837.0,1229.0
838.0,1382.0
839.0,1631.0
840.0,2362.0
841.0,3591.0
842.0,2963.0
843.0,1825.0
844.0,1857.0
845.0,1965.0
846.0,1548.0
847.0,1118.0
848.0,1116.0
849.0,1168.0
850.0,1089.0
851.0,1023.0
852.0,1313.0
853.0,1430.0
854.0,1228.0
855.0,1064.0
856.0,1124.0
857.0,1121.0
858.0,1085.0
859.0,1048.0
860.0,1108.0
861.0,1328.0
862.0,1404.0
863.0,1150.0
864.0,875.0
865.0,913.0
866.0,1325.0
867.0,1673.0
868.0,1413.0
869.0,1108.0
870.0,1064.0
871.0,1334.0
872.0,1657.0
873.0,1491.0
874.0,1307.0
875.0,1190.0
876.0,1142.0
877.0,1446.0
878.0,1603.0
879.0,1879.0
880.0,1792.0
881.0,1500.0
882.0,1397.0
883.0,1632.0
884.0,2066.0
885.0,2029.0
886.0,1920.0
887.0,1480.0
888.0,1107.0
889.0,1132.0
890.0,1150.0
891.0,1167.0
892.0,1392.0
893.0,1692.0
894.0,1607.0
895.0,1123.0
896.0,1128.0
897.0,1976.0
898.0,2277.0
899.0,1609.0
900.0,1320.0
901.0,1494.0
902.0,1707.0
903.0,1798.0
904.0,3054.0
905.0,14399.0
906.0,41259.0
907.0,38585.0
908.0,15042.0
909.0,36554.0
910.0,65364.0
911.0,74074.0
912.0,85204.0
913.0,96426.0
914.0,95179.0
915.0,74188.0
916.0,70771.0
917.0,68090.0
918.0,47066.0
919.0,32769.0
920.0,5550.0
921.0,1302.0
922.0,1476.0
923.0,1759.0
924.0,1706.0
925.0,1386.0
926.0,1342.0
927.0,1317.0
928.0,1142.0
929.0,961.0
930.0,835.0
931.0,893.0
932.0,987.0
933.0,982.0
934.0,1021.0
935.0,1014.0
936.0,953.0
937.0,920.0
938.0,1119.0
939.0,1468.0
940.0,1807.0
941.0,1944.0
942.0,1959.0
943.0,1891.0
944.0,1690.0
945.0,1614.0
946.0,1475.0
947.0,1253.0
948.0,1233.0
949.0,1504.0
950.0,1603.0
951.0,1253.0
952.0,989.0
953.0,868.0
954.0,895.0
955.0,1502.0
956.0,1957.0
957.0,1461.0
958.0,1094.0
959.0,1019.0
960.0,1000.0
961.0,1049.0
962.0,1128.0
963.0,1114.0
964.0,1057.0
965.0,1285.0
966.0,1327.0
967.0,1487.0
968.0,1268.0
969.0,944.0
970.0,883.0
971.0,983.0
972.0,1160.0
973.0,1303.0
974.0,1653.0
975.0,1849.0
976.0,1364.0
977.0,951.0
978.0,1005.0
979.0,1020.0
980.0,936.0
981.0,1010.0
982.0,1027.0
983.0,796.0
984.0,886.0
985.0,1137.0
986.0,1219.0
987.0,910.0
988.0,614.0
989.0,487.0
990.0,572.0
991.0,782.0
992.0,927.0
993.0,1052.0
994.0,1257.0
995.0,1347.0
996.0,1109.0
997.0,1013.0
998.0,1086.0
999.0,994.0
1000.0,1110.0
1001.0,1348.0
1002.0,1660.0
1003.0,1738.0
1004.0,1462.0
1005.0,1111.0
1006.0,1026.0
1007.0,980.0
1008.0,955.0
1009.0,785.0
1010.0,779.0
1011.0,1000.0
1012.0,1071.0
1013.0,1048.0
1014.0,1024.0
1015.0,1099.0
1016.0,1213.0
1017.0,1098.0
1018.0,871.0
1019.0,823.0
1020.0,810.0
1021.0,768.0
1022.0,812.0
1023.0,966.0
