0.0,209.0
1.0,267.0
2.0,218.0
3.0,252.0
4.0,271.0
5.0,378.0
6.0,521.0
7.0,397.0
8.0,193.0
9.0,152.0
10.0,154.0
11.0,172.0
12.0,211.0
13.0,219.0
14.0,219.0
15.0,194.0
16.0,183.0
17.0,188.0
18.0,162.0
19.0,216.0
20.0,274.0
21.0,358.0
22.0,364.0
23.0,261.0
24.0,201.0
25.0,206.0
26.0,245.0
27.0,241.0
28.0,226.0
29.0,230.0
30.0,235.0
31.0,289.0
32.0,374.0
33.0,387.0
34.0,380.0
35.0,292.0
36.0,329.0
37.0,489.0
38.0,546.0
39.0,384.0
40.0,240.0
41.0,298.0
42.0,475.0
43.0,847.0
44.0,838.0
45.0,449.0
46.0,283.0
47.0,249.0
48.0,250.0
49.0,224.0
50.0,202.0
51.0,200.0
52.0,214.0
53.0,301.0
54.0,399.0
55.0,418.0
56.0,432.0
57.0,381.0
58.0,384.0
59.0,418.0
60.0,537.0
61.0,527.0
62.0,377.0
63.0,286.0
64.0,278.0
65.0,308.0
66.0,283.0
67.0,271.0
68.0,297.0
69.0,311.0
70.0,353.0
71.0,395.0
72.0,397.0
73.0,393.0
74.0,446.0
75.0,420.0
76.0,536.0
77.0,822.0
78.0,847.0
79.0,542.0
80.0,417.0
81.0,576.0
82.0,1061.0
83.0,1448.0
84.0,1031.0
85.0,575.0
86.0,503.0
87.0,403.0
88.0,357.0
89.0,411.0
90.0,428.0
91.0,443.0
92.0,425.0
93.0,389.0
94.0,367.0
95.0,330.0
96.0,307.0
97.0,311.0
98.0,307.0
99.0,357.0
100.0,567.0
101.0,1136.0
102.0,1642.0
103.0,1266.0
104.0,750.0
105.0,667.0
106.0,492.0
107.0,355.0
108.0,420.0
109.0,414.0
110.0,369.0
111.0,439.0
112.0,511.0
113.0,535.0
114.0,545.0
115.0,470.0
116.0,432.0
117.0,441.0
118.0,667.0
119.0,1088.0
120.0,1151.0
121.0,809.0
122.0,857.0
123.0,1330.0
124.0,1994.0
125.0,1806.0
126.0,1028.0
127.0,712.0
128.0,625.0
129.0,556.0
130.0,530.0
131.0,642.0
132.0,771.0
133.0,794.0
134.0,552.0
135.0,440.0
136.0,481.0
137.0,505.0
138.0,498.0
139.0,393.0
140.0,426.0
141.0,534.0
142.0,551.0
143.0,706.0
144.0,1088.0
145.0,1244.0
146.0,893.0
147.0,589.0
148.0,618.0
149.0,699.0
150.0,703.0
151.0,616.0
152.0,546.0
153.0,527.0
154.0,505.0
155.0,536.0
156.0,638.0
157.0,673.0
158.0,539.0
159.0,468.0
160.0,518.0
161.0,739.0
162.0,1407.0
163.0,1814.0
164.0,1509.0
165.0,1122.0
166.0,1669.0
167.0,2561.0
168.0,2271.0
169.0,1156.0
170.0,739.0
171.0,632.0
172.0,651.0
173.0,640.0
174.0,743.0
175.0,898.0
176.0,981.0
177.0,915.0
178.0,729.0
179.0,583.0
180.0,576.0
181.0,613.0
182.0,533.0
183.0,446.0
184.0,474.0
185.0,647.0
186.0,821.0
187.0,864.0
188.0,955.0
189.0,1315.0
190.0,1334.0
191.0,961.0
192.0,755.0
193.0,857.0
194.0,1072.0
195.0,1082.0
196.0,1024.0
197.0,920.0
198.0,821.0
199.0,751.0
200.0,652.0
201.0,696.0
202.0,830.0
203.0,765.0
204.0,757.0
205.0,940.0
206.0,1198.0
207.0,1596.0
208.0,2173.0
209.0,1917.0
210.0,1292.0
211.0,1911.0
212.0,3041.0
213.0,2513.0
214.0,1251.0
215.0,925.0
216.0,880.0
217.0,877.0
218.0,934.0
219.0,1022.0
220.0,916.0
221.0,805.0
222.0,847.0
223.0,901.0
224.0,875.0
225.0,965.0
226.0,984.0
227.0,1036.0
228.0,1092.0
229.0,1000.0
230.0,900.0
231.0,926.0
232.0,1155.0
233.0,1357.0
234.0,1354.0
235.0,1507.0
236.0,1843.0
237.0,1701.0
238.0,1358.0
239.0,1077.0
240.0,797.0
241.0,632.0
242.0,728.0
243.0,1046.0
244.0,1335.0
245.0,1183.0
246.0,1116.0
247.0,1244.0
248.0,1178.0
249.0,953.0
250.0,702.0
251.0,626.0
252.0,725.0
253.0,973.0
254.0,1686.0
255.0,2576.0
256.0,2256.0
257.0,1915.0
258.0,3148.0
259.0,3734.0
260.0,2315.0
261.0,1224.0
262.0,1288.0
263.0,1366.0
264.0,1089.0
265.0,894.0
266.0,827.0
267.0,831.0
268.0,1004.0
269.0,1217.0
270.0,1392.0
271.0,1408.0
272.0,1227.0
273.0,925.0
274.0,836.0
275.0,999.0
276.0,1106.0
277.0,1201.0
278.0,1266.0
279.0,1616.0
280.0,1985.0
281.0,1788.0
282.0,1221.0
283.0,1261.0
284.0,1876.0
285.0,2035.0
286.0,1382.0
287.0,971.0
288.0,935.0
289.0,867.0
290.0,808.0
291.0,916.0
292.0,1006.0
293.0,1137.0
294.0,1279.0
295.0,1476.0
296.0,1550.0
297.0,1386.0
298.0,1234.0
299.0,1192.0
300.0,1261.0
301.0,1498.0
302.0,2098.0
303.0,3455.0
304.0,4229.0
305.0,2910.0
306.0,2539.0
307.0,3666.0
308.0,3022.0
309.0,1328.0
310.0,1025.0
311.0,1227.0
312.0,1313.0
313.0,1377.0
314.0,1613.0
315.0,1665.0
316.0,1383.0
317.0,1171.0
318.0,1306.0
319.0,1515.0
320.0,1491.0
321.0,1394.0
322.0,1218.0
323.0,1052.0
324.0,1139.0
325.0,1341.0
326.0,1348.0
327.0,1374.0
328.0,1550.0
329.0,1710.0
330.0,1996.0
331.0,2478.0
332.0,2700.0
333.0,2667.0
334.0,2621.0
335.0,2322.0
336.0,1969.0
337.0,1813.0
338.0,1379.0
339.0,1041.0
340.0,979.0
341.0,1209.0
342.0,1502.0
343.0,1506.0
344.0,1199.0
345.0,1095.0
346.0,1341.0
347.0,1487.0
348.0,1166.0
349.0,968.0
350.0,1115.0
351.0,1361.0
352.0,1783.0
353.0,2901.0
354.0,4032.0
355.0,3705.0
356.0,3570.0
357.0,4658.0
358.0,3903.0
359.0,2129.0
360.0,1360.0
361.0,1224.0
362.0,1309.0
363.0,1352.0
364.0,1888.0
365.0,2510.0
366.0,2623.0
367.0,2037.0
368.0,1411.0
369.0,1133.0
370.0,1229.0
371.0,1228.0
372.0,1066.0
373.0,1027.0
374.0,1272.0
375.0,1642.0
376.0,1913.0
377.0,1718.0
378.0,1494.0
379.0,1564.0
380.0,1667.0
381.0,1880.0
382.0,2208.0
383.0,2257.0
384.0,2816.0
385.0,7976.0
386.0,16401.0
387.0,14664.0
388.0,6098.0
389.0,2953.0
390.0,2294.0
391.0,1895.0
392.0,2059.0
393.0,2132.0
394.0,1892.0
395.0,1908.0
396.0,2243.0
397.0,2216.0
398.0,1885.0
399.0,1667.0
400.0,1568.0
401.0,1851.0
402.0,2277.0
403.0,2608.0
404.0,3082.0
405.0,3615.0
406.0,3819.0
407.0,3339.0
408.0,3674.0
409.0,4563.0
410.0,3152.0
411.0,1856.0
412.0,2074.0
413.0,2494.0
414.0,2413.0
415.0,2020.0
416.0,2123.0
417.0,2257.0
418.0,2146.0
419.0,2058.0
420.0,2073.0
421.0,2470.0
422.0,3024.0
423.0,3238.0
424.0,3112.0
425.0,2585.0
426.0,2060.0
427.0,1985.0
428.0,2413.0
429.0,2763.0
430.0,2284.0
431.0,1723.0
432.0,2057.0
433.0,1976.0
434.0,1459.0
435.0,1278.0
436.0,1344.0
437.0,1269.0
438.0,1249.0
439.0,1980.0
440.0,3292.0
441.0,3549.0
442.0,2601.0
443.0,2051.0
444.0,2247.0
445.0,2652.0
446.0,2631.0
447.0,2537.0
448.0,2420.0
449.0,2128.0
450.0,2081.0
451.0,2307.0
452.0,2735.0
453.0,3037.0
454.0,3023.0
455.0,2723.0
456.0,1861.0
457.0,1525.0
458.0,2461.0
459.0,4024.0
460.0,4464.0
461.0,4434.0
462.0,5479.0
463.0,4476.0
464.0,2093.0
465.0,1461.0
466.0,2106.0
467.0,2750.0
468.0,2974.0
469.0,3690.0
470.0,6152.0
471.0,6352.0
472.0,3378.0
473.0,2532.0
474.0,3065.0
475.0,2681.0
476.0,2355.0
477.0,2416.0
478.0,2966.0
479.0,3612.0
480.0,3996.0
481.0,3716.0
482.0,2919.0
483.0,1791.0
484.0,1363.0
485.0,2083.0
486.0,2896.0
487.0,2632.0
488.0,2690.0
489.0,3283.0
490.0,2854.0
491.0,2017.0
492.0,2058.0
493.0,2584.0
494.0,2452.0
495.0,2358.0
496.0,2605.0
497.0,2532.0
498.0,2191.0
499.0,1636.0
500.0,1387.0
501.0,1484.0
502.0,1766.0
503.0,1982.0
504.0,2288.0
505.0,3087.0
506.0,3652.0
507.0,3376.0
508.0,2913.0
509.0,2891.0
510.0,2746.0
511.0,3073.0
512.0,3551.0
513.0,3034.0
514.0,2884.0
515.0,3556.0
516.0,3806.0
517.0,4513.0
518.0,3604.0
519.0,1626.0
520.0,1316.0
521.0,1769.0
522.0,2271.0
523.0,3057.0
524.0,4709.0
525.0,4449.0
526.0,3305.0
527.0,2700.0
528.0,2640.0
529.0,2717.0
530.0,2946.0
531.0,4484.0
532.0,6246.0
533.0,5468.0
534.0,4334.0
535.0,3771.0
536.0,3847.0
537.0,3436.0
538.0,2073.0
539.0,1497.0
540.0,1402.0
541.0,1432.0
542.0,1601.0
543.0,1862.0
544.0,1876.0
545.0,2112.0
546.0,2713.0
547.0,2677.0
548.0,2303.0
549.0,1908.0
550.0,1733.0
551.0,2204.0
552.0,2651.0
553.0,2703.0
554.0,3197.0
555.0,3780.0
556.0,4081.0
557.0,4226.0
558.0,3618.0
559.0,2316.0
560.0,1538.0
561.0,1568.0
562.0,2022.0
563.0,2316.0
564.0,2074.0
565.0,1813.0
566.0,2045.0
567.0,1972.0
568.0,1639.0
569.0,1757.0
570.0,2370.0
571.0,3384.0
572.0,4103.0
573.0,4596.0
574.0,4185.0
575.0,2669.0
576.0,2522.0
577.0,3122.0
578.0,3129.0
579.0,3158.0
580.0,2743.0
581.0,2329.0
582.0,2334.0
583.0,2432.0
584.0,2525.0
585.0,3012.0
586.0,2974.0
587.0,2388.0
588.0,2072.0
589.0,1611.0
590.0,1607.0
591.0,1759.0
592.0,1949.0
593.0,2850.0
594.0,3843.0
595.0,4933.0
596.0,5282.0
597.0,4777.0
598.0,4177.0
599.0,3541.0
600.0,2936.0
601.0,3301.0
602.0,3594.0
603.0,3374.0
604.0,3057.0
605.0,2558.0
606.0,2416.0
607.0,2501.0
608.0,2444.0
609.0,2276.0
610.0,1829.0
611.0,1595.0
612.0,1733.0
613.0,2118.0
614.0,3196.0
615.0,4409.0
616.0,5120.0
617.0,5053.0
618.0,3346.0
619.0,2060.0
620.0,2358.0
621.0,2901.0
622.0,3039.0
623.0,2276.0
624.0,1718.0
625.0,1658.0
626.0,1612.0
627.0,1919.0
628.0,2407.0
629.0,3856.0
630.0,5338.0
631.0,5552.0
632.0,5938.0
633.0,5035.0
634.0,3607.0
635.0,2612.0
636.0,2072.0
637.0,2187.0
638.0,2620.0
639.0,2743.0
640.0,2842.0
641.0,3196.0
642.0,3154.0
643.0,3095.0
644.0,2907.0
645.0,2639.0
646.0,3734.0
647.0,5015.0
648.0,4231.0
649.0,2558.0
650.0,1891.0
651.0,1799.0
652.0,2104.0
653.0,2638.0
654.0,2858.0
655.0,2286.0
656.0,1846.0
657.0,2047.0
658.0,2152.0
659.0,2397.0
660.0,2750.0
661.0,2478.0
662.0,2790.0
663.0,3267.0
664.0,3099.0
665.0,3012.0
666.0,3194.0
667.0,3027.0
668.0,2942.0
669.0,2986.0
670.0,3089.0
671.0,3490.0
672.0,2930.0
673.0,2000.0
674.0,1835.0
675.0,1539.0
676.0,1217.0
677.0,1466.0
678.0,1620.0
679.0,1653.0
680.0,2138.0
681.0,2709.0
682.0,2749.0
683.0,2224.0
684.0,2163.0
685.0,2299.0
686.0,2013.0
687.0,2032.0
688.0,2831.0
689.0,4139.0
690.0,4750.0
691.0,3997.0
692.0,3808.0
693.0,4637.0
694.0,4084.0
695.0,3140.0
696.0,3022.0
697.0,3230.0
698.0,3313.0
699.0,2718.0
700.0,2046.0
701.0,2359.0
702.0,2604.0
703.0,2216.0
704.0,2159.0
705.0,2100.0
706.0,2038.0
707.0,2009.0
708.0,2284.0
709.0,2541.0
710.0,2862.0
711.0,3250.0
712.0,3158.0
713.0,3650.0
714.0,4017.0
715.0,3661.0
716.0,3058.0
717.0,2529.0
718.0,2976.0
719.0,3360.0
720.0,3208.0
721.0,3520.0
722.0,8686.0
723.0,23566.0
724.0,25864.0
725.0,10492.0
726.0,2864.0
727.0,2530.0
728.0,2935.0
729.0,2942.0
730.0,2161.0
731.0,1845.0
732.0,1780.0
733.0,1597.0
734.0,1716.0
735.0,1845.0
736.0,2164.0
737.0,2650.0
738.0,2574.0
739.0,2534.0
740.0,3084.0
741.0,3063.0
742.0,2503.0
743.0,2883.0
744.0,2830.0
745.0,2194.0
746.0,1908.0
747.0,1856.0
748.0,1940.0
749.0,2452.0
750.0,3057.0
751.0,3216.0
752.0,2823.0
753.0,2622.0
754.0,2850.0
755.0,2981.0
756.0,3172.0
757.0,2896.0
758.0,2033.0
759.0,2045.0
760.0,2805.0
761.0,2812.0
762.0,2378.0
763.0,2157.0
764.0,2033.0
765.0,2620.0
766.0,3200.0
767.0,2920.0
768.0,2663.0
769.0,2263.0
770.0,2140.0
771.0,2250.0
772.0,2149.0
773.0,1993.0
774.0,2329.0
775.0,2611.0
776.0,2219.0
777.0,2105.0
778.0,2087.0
779.0,1911.0
780.0,1999.0
781.0,2225.0
782.0,2553.0
783.0,2920.0
784.0,3148.0
785.0,2977.0
786.0,2220.0
787.0,2166.0
788.0,2746.0
789.0,3356.0
790.0,3345.0
791.0,2693.0
792.0,2176.0
793.0,2108.0
794.0,2254.0
795.0,2605.0
796.0,2651.0
797.0,2187.0
798.0,1929.0
799.0,1948.0
800.0,1794.0
801.0,1675.0
802.0,2058.0
803.0,2562.0
804.0,2417.0
805.0,2141.0
806.0,2365.0
807.0,2851.0
808.0,3285.0
809.0,3474.0
810.0,3008.0
811.0,2988.0
812.0,3437.0
813.0,3935.0
814.0,3302.0
815.0,2572.0
816.0,1887.0
817.0,1528.0
818.0,1924.0
819.0,2372.0
820.0,2537.0
821.0,2907.0
822.0,2972.0
823.0,2477.0
824.0,2031.0
825.0,1776.0
826.0,1656.0
827.0,1488.0
828.0,1531.0
829.0,1872.0
830.0,2056.0
831.0,2217.0
832.0,2407.0
833.0,2415.0
834.0,2225.0
835.0,2297.0
836.0,2205.0
837.0,1650.0
838.0,1352.0
839.0,1231.0
840.0,1373.0
841.0,1411.0
842.0,1434.0
843.0,1412.0
844.0,1332.0
845.0,1412.0
846.0,1552.0
847.0,1977.0
848.0,2504.0
849.0,2737.0
850.0,2185.0
851.0,1723.0
852.0,1537.0
853.0,1562.0
854.0,1748.0
855.0,1682.0
856.0,1669.0
857.0,1734.0
858.0,1609.0
859.0,1551.0
860.0,1351.0
861.0,1371.0
862.0,1786.0
863.0,1809.0
864.0,1644.0
865.0,1601.0
866.0,1461.0
867.0,1458.0
868.0,1792.0
869.0,1815.0
870.0,1638.0
871.0,1676.0
872.0,1564.0
873.0,1448.0
874.0,1478.0
875.0,1865.0
876.0,2159.0
877.0,2528.0
878.0,2516.0
879.0,4930.0
880.0,9954.0
881.0,8883.0
882.0,3540.0
883.0,1733.0
884.0,1615.0
885.0,1780.0
886.0,1876.0
887.0,1615.0
888.0,1410.0
889.0,1314.0
890.0,1315.0
891.0,1493.0
892.0,1537.0
893.0,1333.0
894.0,1152.0
895.0,1085.0
896.0,1066.0
897.0,1096.0
898.0,1289.0
899.0,1501.0
900.0,1876.0
901.0,1803.0
902.0,1627.0
903.0,1645.0
904.0,1593.0
905.0,1547.0
906.0,1529.0
907.0,1352.0
908.0,1059.0
909.0,1037.0
910.0,1146.0
911.0,1154.0
912.0,1069.0
913.0,1286.0
914.0,1484.0
915.0,1430.0
916.0,1156.0
917.0,1148.0
918.0,1145.0
919.0,1193.0
920.0,1225.0
921.0,1094.0
922.0,1234.0
923.0,1476.0
924.0,1353.0
925.0,1291.0
926.0,1418.0
927.0,1259.0
928.0,975.0
929.0,1230.0
930.0,1311.0
931.0,1108.0
932.0,1043.0
933.0,1155.0
934.0,1281.0
935.0,1262.0
936.0,1232.0
937.0,1159.0
938.0,984.0
939.0,905.0
940.0,879.0
941.0,904.0
942.0,1200.0
943.0,1582.0
944.0,1536.0
945.0,1407.0
946.0,1377.0
947.0,1329.0
948.0,1093.0
949.0,921.0
950.0,994.0
951.0,1125.0
952.0,1213.0
953.0,1415.0
954.0,2366.0
955.0,2979.0
956.0,2050.0
957.0,1274.0
958.0,1045.0
959.0,991.0
960.0,986.0
961.0,969.0
962.0,1056.0
963.0,1228.0
964.0,1279.0
965.0,1280.0
966.0,1189.0
967.0,1001.0
968.0,969.0
969.0,989.0
970.0,1058.0
971.0,1048.0
972.0,866.0
973.0,700.0
974.0,854.0
975.0,1147.0
976.0,1374.0
977.0,1523.0
978.0,1735.0
979.0,1486.0
980.0,945.0
981.0,692.0
982.0,629.0
983.0,640.0
984.0,591.0
985.0,570.0
986.0,583.0
987.0,718.0
988.0,1018.0
989.0,1074.0
990.0,848.0
991.0,699.0
992.0,675.0
993.0,767.0
994.0,917.0
995.0,886.0
996.0,731.0
997.0,779.0
998.0,870.0
999.0,962.0
1000.0,853.0
1001.0,747.0
1002.0,671.0
1003.0,688.0
1004.0,690.0
1005.0,666.0
1006.0,846.0
1007.0,1036.0
1008.0,903.0
1009.0,768.0
1010.0,639.0
1011.0,691.0
1012.0,891.0
1013.0,901.0
1014.0,707.0
1015.0,688.0
1016.0,879.0
1017.0,853.0
1018.0,744.0
1019.0,784.0
1020.0,965.0
1021.0,1054.0
1022.0,1020.0
1023.0,849.0
