0.0,17.0
1.0,44.0
2.0,48.0
3.0,54.0
4.0,44.0
5.0,49.0
6.0,47.0
7.0,54.0
8.0,33.0
9.0,40.0
10.0,49.0
11.0,35.0
12.0,49.0
13.0,30.0
14.0,66.0
15.0,37.0
16.0,44.0
17.0,61.0
18.0,52.0
19.0,48.0
20.0,60.0
21.0,56.0
22.0,50.0
23.0,56.0
24.0,48.0
25.0,69.0
26.0,60.0
27.0,54.0
28.0,61.0
29.0,55.0
30.0,70.0
31.0,54.0
32.0,49.0
33.0,57.0
34.0,63.0
35.0,50.0
36.0,64.0
37.0,81.0
38.0,71.0
39.0,57.0
40.0,56.0
41.0,64.0
42.0,60.0
43.0,51.0
44.0,65.0
45.0,58.0
46.0,52.0
47.0,57.0
48.0,53.0
49.0,52.0
50.0,49.0
51.0,65.0
52.0,46.0
53.0,67.0
54.0,62.0
55.0,64.0
56.0,54.0
57.0,75.0
58.0,64.0
59.0,66.0
60.0,55.0
61.0,63.0
62.0,76.0
63.0,60.0
64.0,68.0
65.0,67.0
66.0,64.0
67.0,65.0
68.0,56.0
69.0,70.0
70.0,74.0
71.0,79.0
72.0,65.0
73.0,60.0
74.0,70.0
75.0,64.0
76.0,76.0
77.0,51.0
78.0,74.0
79.0,63.0
80.0,76.0
81.0,67.0
82.0,80.0
83.0,60.0
84.0,77.0
85.0,81.0
86.0,64.0
87.0,73.0
88.0,71.0
89.0,77.0
90.0,71.0
91.0,84.0
92.0,70.0
93.0,52.0
94.0,54.0
95.0,63.0
96.0,79.0
97.0,75.0
98.0,60.0
99.0,76.0
100.0,69.0
101.0,72.0
102.0,67.0
103.0,67.0
104.0,62.0
105.0,68.0
106.0,72.0
107.0,81.0
108.0,73.0
109.0,67.0
110.0,78.0
111.0,73.0
112.0,68.0
113.0,67.0
114.0,68.0
115.0,68.0
116.0,66.0
117.0,71.0
118.0,82.0
119.0,76.0
120.0,75.0
121.0,68.0
122.0,66.0
123.0,79.0
124.0,75.0
125.0,84.0
126.0,72.0
127.0,66.0
128.0,63.0
129.0,87.0
130.0,79.0
131.0,69.0
132.0,83.0
133.0,78.0
134.0,75.0
135.0,70.0
136.0,67.0
137.0,74.0
138.0,74.0
139.0,76.0
140.0,96.0
141.0,87.0
142.0,81.0
143.0,69.0
144.0,59.0
145.0,73.0
146.0,72.0
147.0,62.0
148.0,63.0
149.0,85.0
150.0,90.0
151.0,89.0
152.0,85.0
153.0,75.0
154.0,71.0
155.0,75.0
156.0,82.0
157.0,65.0
158.0,78.0
159.0,84.0
160.0,81.0
161.0,87.0
162.0,74.0
163.0,84.0
164.0,85.0
165.0,73.0
166.0,85.0
167.0,121.0
168.0,123.0
169.0,104.0
170.0,92.0
171.0,76.0
172.0,86.0
173.0,72.0
174.0,99.0
175.0,75.0
176.0,82.0
177.0,85.0
178.0,86.0
179.0,78.0
180.0,81.0
181.0,67.0
182.0,81.0
183.0,84.0
184.0,74.0
185.0,75.0
186.0,61.0
187.0,77.0
188.0,86.0
189.0,83.0
190.0,95.0
191.0,81.0
192.0,75.0
193.0,100.0
194.0,87.0
195.0,81.0
196.0,83.0
197.0,82.0
198.0,86.0
199.0,82.0
200.0,72.0
201.0,84.0
202.0,83.0
203.0,67.0
204.0,72.0
205.0,84.0
206.0,74.0
207.0,86.0
208.0,95.0
209.0,95.0
210.0,89.0
211.0,95.0
212.0,90.0
213.0,100.0
214.0,123.0
215.0,121.0
216.0,90.0
217.0,95.0
218.0,70.0
219.0,106.0
220.0,103.0
221.0,84.0
222.0,104.0
223.0,98.0
224.0,93.0
225.0,87.0
226.0,100.0
227.0,103.0
228.0,102.0
229.0,84.0
230.0,120.0
231.0,143.0
232.0,178.0
233.0,122.0
234.0,104.0
235.0,96.0
236.0,91.0
237.0,96.0
238.0,90.0
239.0,89.0
240.0,104.0
241.0,92.0
242.0,99.0
243.0,100.0
244.0,96.0
245.0,88.0
246.0,101.0
247.0,105.0
248.0,90.0
249.0,106.0
250.0,81.0
251.0,79.0
252.0,79.0
253.0,100.0
254.0,87.0
255.0,84.0
256.0,97.0
257.0,99.0
258.0,78.0
259.0,97.0
260.0,92.0
261.0,95.0
262.0,81.0
263.0,89.0
264.0,83.0
265.0,87.0
266.0,88.0
267.0,95.0
268.0,92.0
269.0,109.0
270.0,104.0
271.0,101.0
272.0,108.0
273.0,101.0
274.0,98.0
275.0,102.0
276.0,91.0
277.0,97.0
278.0,108.0
279.0,139.0
280.0,157.0
281.0,112.0
282.0,113.0
283.0,106.0
284.0,102.0
285.0,103.0
286.0,107.0
287.0,89.0
288.0,91.0
289.0,105.0
290.0,89.0
291.0,110.0
292.0,104.0
293.0,85.0
294.0,92.0
295.0,109.0
296.0,102.0
297.0,87.0
298.0,83.0
299.0,111.0
300.0,99.0
301.0,89.0
302.0,95.0
303.0,82.0
304.0,80.0
305.0,102.0
306.0,101.0
307.0,95.0
308.0,91.0
309.0,107.0
310.0,94.0
311.0,81.0
312.0,101.0
313.0,86.0
314.0,91.0
315.0,99.0
316.0,91.0
317.0,91.0
318.0,94.0
319.0,107.0
320.0,97.0
321.0,111.0
322.0,99.0
323.0,106.0
324.0,99.0
325.0,106.0
326.0,133.0
327.0,214.0
328.0,204.0
329.0,114.0
330.0,108.0
331.0,104.0
332.0,95.0
333.0,105.0
334.0,99.0
335.0,86.0
336.0,132.0
337.0,203.0
338.0,175.0
339.0,117.0
340.0,98.0
341.0,99.0
342.0,114.0
343.0,110.0
344.0,108.0
345.0,84.0
346.0,98.0
347.0,111.0
348.0,106.0
349.0,104.0
350.0,92.0
351.0,95.0
352.0,95.0
353.0,100.0
354.0,97.0
355.0,89.0
356.0,101.0
357.0,98.0
358.0,102.0
359.0,109.0
360.0,115.0
361.0,105.0
362.0,132.0
363.0,267.0
364.0,340.0
365.0,261.0
366.0,141.0
367.0,111.0
368.0,101.0
369.0,105.0
370.0,112.0
371.0,89.0
372.0,111.0
373.0,109.0
374.0,100.0
375.0,96.0
376.0,91.0
377.0,92.0
378.0,100.0
379.0,101.0
380.0,100.0
381.0,116.0
382.0,117.0
383.0,115.0
384.0,107.0
385.0,98.0
386.0,89.0
387.0,107.0
388.0,114.0
389.0,99.0
390.0,111.0
391.0,106.0
392.0,95.0
393.0,94.0
394.0,106.0
395.0,82.0
396.0,100.0
397.0,100.0
398.0,103.0
399.0,136.0
400.0,203.0
401.0,240.0
402.0,156.0
403.0,117.0
404.0,98.0
405.0,102.0
406.0,92.0
407.0,113.0
408.0,104.0
409.0,118.0
410.0,93.0
411.0,99.0
412.0,113.0
413.0,112.0
414.0,86.0
415.0,95.0
416.0,98.0
417.0,99.0
418.0,107.0
419.0,126.0
420.0,108.0
421.0,105.0
422.0,107.0
423.0,121.0
424.0,121.0
425.0,111.0
426.0,108.0
427.0,109.0
428.0,118.0
429.0,111.0
430.0,124.0
431.0,185.0
432.0,312.0
433.0,289.0
434.0,147.0
435.0,102.0
436.0,112.0
437.0,111.0
438.0,103.0
439.0,99.0
440.0,94.0
441.0,102.0
442.0,156.0
443.0,199.0
444.0,182.0
445.0,127.0
446.0,98.0
447.0,95.0
448.0,108.0
449.0,118.0
450.0,126.0
451.0,111.0
452.0,112.0
453.0,103.0
454.0,101.0
455.0,96.0
456.0,112.0
457.0,93.0
458.0,82.0
459.0,92.0
460.0,106.0
461.0,112.0
462.0,95.0
463.0,105.0
464.0,104.0
465.0,92.0
466.0,108.0
467.0,109.0
468.0,109.0
469.0,111.0
470.0,113.0
471.0,102.0
472.0,126.0
473.0,124.0
474.0,106.0
475.0,100.0
476.0,108.0
477.0,93.0
478.0,103.0
479.0,84.0
480.0,92.0
481.0,105.0
482.0,101.0
483.0,99.0
484.0,112.0
485.0,106.0
486.0,128.0
487.0,85.0
488.0,112.0
489.0,103.0
490.0,98.0
491.0,117.0
492.0,110.0
493.0,128.0
494.0,135.0
495.0,139.0
496.0,171.0
497.0,234.0
498.0,426.0
499.0,778.0
500.0,595.0
501.0,225.0
502.0,144.0
503.0,122.0
504.0,116.0
505.0,108.0
506.0,119.0
507.0,108.0
508.0,100.0
509.0,122.0
510.0,105.0
511.0,98.0
512.0,106.0
513.0,101.0
514.0,118.0
515.0,110.0
516.0,117.0
517.0,97.0
518.0,120.0
519.0,136.0
520.0,122.0
521.0,114.0
522.0,116.0
523.0,115.0
524.0,123.0
525.0,124.0
526.0,104.0
527.0,106.0
528.0,100.0
529.0,113.0
530.0,106.0
531.0,99.0
532.0,95.0
533.0,114.0
534.0,95.0
535.0,115.0
536.0,127.0
537.0,115.0
538.0,128.0
539.0,108.0
540.0,122.0
541.0,117.0
542.0,135.0
543.0,125.0
544.0,104.0
545.0,120.0
546.0,111.0
547.0,115.0
548.0,102.0
549.0,110.0
550.0,116.0
551.0,114.0
552.0,101.0
553.0,107.0
554.0,116.0
555.0,123.0
556.0,113.0
557.0,116.0
558.0,106.0
559.0,111.0
560.0,102.0
561.0,96.0
562.0,96.0
563.0,111.0
564.0,116.0
565.0,102.0
566.0,112.0
567.0,108.0
568.0,113.0
569.0,103.0
570.0,107.0
571.0,102.0
572.0,111.0
573.0,117.0
574.0,105.0
575.0,112.0
576.0,99.0
577.0,120.0
578.0,137.0
579.0,127.0
580.0,117.0
581.0,108.0
582.0,109.0
583.0,118.0
584.0,104.0
585.0,103.0
586.0,114.0
587.0,114.0
588.0,128.0
589.0,119.0
590.0,128.0
591.0,115.0
592.0,116.0
593.0,109.0
594.0,107.0
595.0,122.0
596.0,101.0
597.0,107.0
598.0,113.0
599.0,108.0
600.0,97.0
601.0,130.0
602.0,115.0
603.0,97.0
604.0,115.0
605.0,115.0
606.0,123.0
607.0,116.0
608.0,102.0
609.0,136.0
610.0,110.0
611.0,119.0
612.0,116.0
613.0,118.0
614.0,113.0
615.0,105.0
616.0,119.0
617.0,99.0
618.0,107.0
619.0,129.0
620.0,142.0
621.0,121.0
622.0,130.0
623.0,100.0
624.0,144.0
625.0,124.0
626.0,128.0
627.0,146.0
628.0,117.0
629.0,131.0
630.0,142.0
631.0,176.0
632.0,318.0
633.0,288.0
634.0,147.0
635.0,114.0
636.0,130.0
637.0,128.0
638.0,127.0
639.0,120.0
640.0,107.0
641.0,139.0
642.0,110.0
643.0,127.0
644.0,113.0
645.0,114.0
646.0,117.0
647.0,127.0
648.0,110.0
649.0,126.0
650.0,119.0
651.0,122.0
652.0,122.0
653.0,115.0
654.0,121.0
655.0,118.0
656.0,117.0
657.0,110.0
658.0,119.0
659.0,107.0
660.0,135.0
661.0,120.0
662.0,127.0
663.0,119.0
664.0,120.0
665.0,135.0
666.0,126.0
667.0,124.0
668.0,117.0
669.0,125.0
670.0,118.0
671.0,124.0
672.0,150.0
673.0,176.0
674.0,176.0
675.0,164.0
676.0,199.0
677.0,211.0
678.0,243.0
679.0,373.0
680.0,640.0
681.0,1875.0
682.0,7463.0
683.0,10778.0
684.0,5208.0
685.0,1101.0
686.0,481.0
687.0,297.0
688.0,205.0
689.0,184.0
690.0,159.0
691.0,177.0
692.0,248.0
693.0,324.0
694.0,267.0
695.0,225.0
696.0,156.0
697.0,154.0
698.0,136.0
699.0,134.0
700.0,134.0
701.0,137.0
702.0,151.0
703.0,157.0
704.0,146.0
705.0,154.0
706.0,146.0
707.0,138.0
708.0,109.0
709.0,106.0
710.0,124.0
711.0,136.0
712.0,118.0
713.0,124.0
714.0,110.0
715.0,115.0
716.0,147.0
717.0,126.0
718.0,123.0
719.0,104.0
720.0,142.0
721.0,130.0
722.0,144.0
723.0,113.0
724.0,119.0
725.0,110.0
726.0,122.0
727.0,108.0
728.0,117.0
729.0,120.0
730.0,124.0
731.0,123.0
732.0,122.0
733.0,128.0
734.0,134.0
735.0,119.0
736.0,108.0
737.0,109.0
738.0,111.0
739.0,117.0
740.0,135.0
741.0,136.0
742.0,124.0
743.0,117.0
744.0,134.0
745.0,131.0
746.0,120.0
747.0,138.0
748.0,105.0
749.0,106.0
750.0,115.0
751.0,119.0
752.0,122.0
753.0,106.0
754.0,118.0
755.0,126.0
756.0,127.0
757.0,118.0
758.0,123.0
759.0,133.0
760.0,105.0
761.0,119.0
762.0,123.0
763.0,125.0
764.0,123.0
765.0,126.0
766.0,136.0
767.0,131.0
768.0,122.0
769.0,126.0
770.0,116.0
771.0,133.0
772.0,125.0
773.0,126.0
774.0,131.0
775.0,145.0
776.0,130.0
777.0,150.0
778.0,204.0
779.0,185.0
780.0,146.0
781.0,126.0
782.0,106.0
783.0,117.0
784.0,106.0
785.0,99.0
786.0,115.0
787.0,114.0
788.0,126.0
789.0,123.0
790.0,138.0
791.0,150.0
792.0,107.0
793.0,118.0
794.0,106.0
795.0,117.0
796.0,122.0
797.0,115.0
798.0,109.0
799.0,117.0
800.0,111.0
801.0,116.0
802.0,109.0
803.0,115.0
804.0,128.0
805.0,118.0
806.0,139.0
807.0,131.0
808.0,110.0
809.0,109.0
810.0,118.0
811.0,120.0
812.0,109.0
813.0,109.0
814.0,117.0
815.0,99.0
816.0,117.0
817.0,120.0
818.0,114.0
819.0,102.0
820.0,112.0
821.0,101.0
822.0,105.0
823.0,124.0
824.0,128.0
825.0,111.0
826.0,127.0
827.0,110.0
828.0,127.0
829.0,140.0
830.0,149.0
831.0,142.0
832.0,118.0
833.0,116.0
834.0,101.0
835.0,127.0
836.0,144.0
837.0,164.0
838.0,128.0
839.0,142.0
840.0,118.0
841.0,120.0
842.0,124.0
843.0,123.0
844.0,81.0
845.0,110.0
846.0,116.0
847.0,97.0
848.0,103.0
849.0,120.0
850.0,114.0
851.0,112.0
852.0,123.0
853.0,123.0
854.0,153.0
855.0,193.0
856.0,397.0
857.0,2271.0
858.0,3777.0
859.0,1640.0
860.0,299.0
861.0,166.0
862.0,138.0
863.0,135.0
864.0,122.0
865.0,112.0
866.0,120.0
867.0,119.0
868.0,111.0
869.0,115.0
870.0,112.0
871.0,124.0
872.0,111.0
873.0,100.0
874.0,114.0
875.0,97.0
876.0,105.0
877.0,116.0
878.0,120.0
879.0,117.0
880.0,123.0
881.0,130.0
882.0,130.0
883.0,106.0
884.0,118.0
885.0,109.0
886.0,122.0
887.0,108.0
888.0,120.0
889.0,185.0
890.0,195.0
891.0,125.0
892.0,125.0
893.0,135.0
894.0,102.0
895.0,120.0
896.0,109.0
897.0,112.0
898.0,102.0
899.0,107.0
900.0,110.0
901.0,107.0
902.0,89.0
903.0,115.0
904.0,123.0
905.0,108.0
906.0,107.0
907.0,111.0
908.0,114.0
909.0,105.0
910.0,126.0
911.0,115.0
912.0,94.0
913.0,106.0
914.0,122.0
915.0,114.0
916.0,102.0
917.0,94.0
918.0,120.0
919.0,101.0
920.0,119.0
921.0,119.0
922.0,155.0
923.0,194.0
924.0,172.0
925.0,102.0
926.0,91.0
927.0,110.0
928.0,108.0
929.0,103.0
930.0,100.0
931.0,102.0
932.0,114.0
933.0,114.0
934.0,113.0
935.0,118.0
936.0,123.0
937.0,103.0
938.0,117.0
939.0,117.0
940.0,129.0
941.0,118.0
942.0,99.0
943.0,107.0
944.0,120.0
945.0,112.0
946.0,125.0
947.0,113.0
948.0,95.0
949.0,104.0
950.0,95.0
951.0,79.0
952.0,89.0
953.0,104.0
954.0,109.0
955.0,111.0
956.0,104.0
957.0,118.0
958.0,106.0
959.0,102.0
960.0,110.0
961.0,118.0
962.0,107.0
963.0,115.0
964.0,95.0
965.0,96.0
966.0,101.0
967.0,118.0
968.0,110.0
969.0,120.0
970.0,114.0
971.0,99.0
972.0,114.0
973.0,111.0
974.0,122.0
975.0,119.0
976.0,120.0
977.0,127.0
978.0,112.0
979.0,111.0
980.0,104.0
981.0,107.0
982.0,120.0
983.0,114.0
984.0,115.0
985.0,96.0
986.0,118.0
987.0,132.0
988.0,106.0
989.0,105.0
990.0,117.0
991.0,120.0
992.0,105.0
993.0,128.0
994.0,133.0
995.0,105.0
996.0,105.0
997.0,103.0
998.0,102.0
999.0,97.0
1000.0,99.0
1001.0,95.0
1002.0,98.0
1003.0,117.0
1004.0,120.0
1005.0,99.0
1006.0,103.0
1007.0,99.0
1008.0,99.0
1009.0,95.0
1010.0,101.0
1011.0,88.0
1012.0,108.0
1013.0,106.0
1014.0,86.0
1015.0,88.0
1016.0,103.0
1017.0,95.0
1018.0,113.0
1019.0,100.0
1020.0,97.0
1021.0,117.0
1022.0,113.0
1023.0,112.0
