0.0,32.0
1.0,44.0
2.0,70.0
3.0,86.0
4.0,96.0
5.0,107.0
6.0,80.0
7.0,79.0
8.0,83.0
9.0,81.0
10.0,96.0
11.0,107.0
12.0,105.0
13.0,91.0
14.0,76.0
15.0,73.0
16.0,82.0
17.0,81.0
18.0,102.0
19.0,106.0
20.0,95.0
21.0,75.0
22.0,94.0
23.0,85.0
24.0,87.0
25.0,72.0
26.0,89.0
27.0,83.0
28.0,88.0
29.0,95.0
30.0,103.0
31.0,98.0
32.0,94.0
33.0,99.0
34.0,111.0
35.0,106.0
36.0,115.0
37.0,135.0
38.0,115.0
39.0,98.0
40.0,104.0
41.0,109.0
42.0,126.0
43.0,99.0
44.0,106.0
45.0,115.0
46.0,121.0
47.0,145.0
48.0,172.0
49.0,168.0
50.0,209.0
51.0,350.0
52.0,350.0
53.0,207.0
54.0,169.0
55.0,146.0
56.0,141.0
57.0,192.0
58.0,330.0
59.0,321.0
60.0,187.0
61.0,154.0
62.0,158.0
63.0,198.0
64.0,215.0
65.0,237.0
66.0,274.0
67.0,242.0
68.0,205.0
69.0,173.0
70.0,187.0
71.0,197.0
72.0,181.0
73.0,179.0
74.0,150.0
75.0,135.0
76.0,176.0
77.0,199.0
78.0,172.0
79.0,187.0
80.0,162.0
81.0,193.0
82.0,205.0
83.0,204.0
84.0,213.0
85.0,180.0
86.0,190.0
87.0,222.0
88.0,209.0
89.0,200.0
90.0,182.0
91.0,211.0
92.0,264.0
93.0,298.0
94.0,341.0
95.0,379.0
96.0,328.0
97.0,355.0
98.0,466.0
99.0,669.0
100.0,794.0
101.0,566.0
102.0,352.0
103.0,318.0
104.0,293.0
105.0,271.0
106.0,370.0
107.0,549.0
108.0,597.0
109.0,382.0
110.0,264.0
111.0,288.0
112.0,288.0
113.0,294.0
114.0,324.0
115.0,410.0
116.0,506.0
117.0,442.0
118.0,359.0
119.0,280.0
120.0,282.0
121.0,290.0
122.0,276.0
123.0,278.0
124.0,274.0
125.0,276.0
126.0,283.0
127.0,323.0
128.0,347.0
129.0,377.0
130.0,325.0
131.0,340.0
132.0,374.0
133.0,351.0
134.0,345.0
135.0,351.0
136.0,316.0
137.0,276.0
138.0,284.0
139.0,351.0
140.0,414.0
141.0,408.0
142.0,359.0
143.0,365.0
144.0,414.0
145.0,361.0
146.0,353.0
147.0,450.0
148.0,646.0
149.0,986.0
150.0,1089.0
151.0,659.0
152.0,396.0
153.0,475.0
154.0,511.0
155.0,501.0
156.0,595.0
157.0,875.0
158.0,1099.0
159.0,822.0
160.0,496.0
161.0,413.0
162.0,399.0
163.0,361.0
164.0,353.0
165.0,344.0
166.0,395.0
167.0,489.0
168.0,568.0
169.0,429.0
170.0,371.0
171.0,382.0
172.0,366.0
173.0,334.0
174.0,346.0
175.0,424.0
176.0,494.0
177.0,481.0
178.0,453.0
179.0,472.0
180.0,504.0
181.0,617.0
182.0,847.0
183.0,947.0
184.0,999.0
185.0,977.0
186.0,755.0
187.0,492.0
188.0,434.0
189.0,459.0
190.0,460.0
191.0,408.0
192.0,415.0
193.0,492.0
194.0,546.0
195.0,577.0
196.0,542.0
197.0,534.0
198.0,585.0
199.0,636.0
200.0,963.0
201.0,1366.0
202.0,1104.0
203.0,663.0
204.0,550.0
205.0,587.0
206.0,658.0
207.0,639.0
208.0,751.0
209.0,1131.0
210.0,1385.0
211.0,1099.0
212.0,778.0
213.0,704.0
214.0,647.0
215.0,683.0
216.0,734.0
217.0,725.0
218.0,819.0
219.0,863.0
220.0,786.0
221.0,748.0
222.0,685.0
223.0,679.0
224.0,845.0
225.0,866.0
226.0,747.0
227.0,636.0
228.0,610.0
229.0,657.0
230.0,752.0
231.0,786.0
232.0,867.0
233.0,905.0
234.0,781.0
235.0,752.0
236.0,814.0
237.0,867.0
238.0,784.0
239.0,723.0
240.0,715.0
241.0,862.0
242.0,993.0
243.0,941.0
244.0,797.0
245.0,743.0
246.0,716.0
247.0,647.0
248.0,667.0
249.0,707.0
250.0,733.0
251.0,732.0
252.0,903.0
253.0,1582.0
254.0,1877.0
255.0,1444.0
256.0,1042.0
257.0,908.0
258.0,851.0
259.0,901.0
260.0,968.0
261.0,1156.0
262.0,2083.0
263.0,4164.0
264.0,4849.0
265.0,2586.0
266.0,980.0
267.0,797.0
268.0,926.0
269.0,1002.0
270.0,1039.0
271.0,1088.0
272.0,1388.0
273.0,1593.0
274.0,1450.0
275.0,1160.0
276.0,945.0
277.0,838.0
278.0,863.0
279.0,894.0
280.0,932.0
281.0,1044.0
282.0,931.0
283.0,798.0
284.0,820.0
285.0,848.0
286.0,923.0
287.0,1024.0
288.0,1147.0
289.0,1118.0
290.0,972.0
291.0,1050.0
292.0,1168.0
293.0,1228.0
294.0,1283.0
295.0,1232.0
296.0,1214.0
297.0,1215.0
298.0,1278.0
299.0,1338.0
300.0,1350.0
301.0,1204.0
302.0,1079.0
303.0,1048.0
304.0,1091.0
305.0,1209.0
306.0,1321.0
307.0,1839.0
308.0,2302.0
309.0,1986.0
310.0,1488.0
311.0,1190.0
312.0,1152.0
313.0,1334.0
314.0,1437.0
315.0,1382.0
316.0,1571.0
317.0,2088.0
318.0,2246.0
319.0,1748.0
320.0,1277.0
321.0,1069.0
322.0,1043.0
323.0,1032.0
324.0,1185.0
325.0,1369.0
326.0,1474.0
327.0,1430.0
328.0,1248.0
329.0,1148.0
330.0,1243.0
331.0,1493.0
332.0,1727.0
333.0,1747.0
334.0,1574.0
335.0,1534.0
336.0,1422.0
337.0,1521.0
338.0,1622.0
339.0,1546.0
340.0,1437.0
341.0,1374.0
342.0,1441.0
343.0,1404.0
344.0,1279.0
345.0,1224.0
346.0,1360.0
347.0,1545.0
348.0,1458.0
349.0,1302.0
350.0,1448.0
351.0,1493.0
352.0,1387.0
353.0,1241.0
354.0,1304.0
355.0,1703.0
356.0,2975.0
357.0,7777.0
358.0,12773.0
359.0,10016.0
360.0,3370.0
361.0,1506.0
362.0,1781.0
363.0,2366.0
364.0,2354.0
365.0,2096.0
366.0,2180.0
367.0,2431.0
368.0,2235.0
369.0,1650.0
370.0,1461.0
371.0,1682.0
372.0,2057.0
373.0,2722.0
374.0,2700.0
375.0,1952.0
376.0,1344.0
377.0,1269.0
378.0,1375.0
379.0,1530.0
380.0,1425.0
381.0,1192.0
382.0,1165.0
383.0,1405.0
384.0,1812.0
385.0,2148.0
386.0,1936.0
387.0,1551.0
388.0,1613.0
389.0,2005.0
390.0,2022.0
391.0,1746.0
392.0,1760.0
393.0,2126.0
394.0,2148.0
395.0,1909.0
396.0,1731.0
397.0,2108.0
398.0,2443.0
399.0,2315.0
400.0,1877.0
401.0,1593.0
402.0,1609.0
403.0,1474.0
404.0,1410.0
405.0,1464.0
406.0,1419.0
407.0,1498.0
408.0,1705.0
409.0,1889.0
410.0,1891.0
411.0,1791.0
412.0,1819.0
413.0,1901.0
414.0,1866.0
415.0,1834.0
416.0,1863.0
417.0,2213.0
418.0,2714.0
419.0,3459.0
420.0,3703.0
421.0,3029.0
422.0,2369.0
423.0,2155.0
424.0,1959.0
425.0,1782.0
426.0,1900.0
427.0,2045.0
428.0,1921.0
429.0,1863.0
430.0,2482.0
431.0,3135.0
432.0,3141.0
433.0,3235.0
434.0,3237.0
435.0,2846.0
436.0,2519.0
437.0,2471.0
438.0,2595.0
439.0,2679.0
440.0,2967.0
441.0,3067.0
442.0,3076.0
443.0,2896.0
444.0,2708.0
445.0,3232.0
446.0,10465.0
447.0,51877.0
448.0,74307.0
449.0,80273.0
450.0,65768.0
451.0,47154.0
452.0,10384.0
453.0,2527.0
454.0,2904.0
455.0,2846.0
456.0,2632.0
457.0,2590.0
458.0,2656.0
459.0,2402.0
460.0,1972.0
461.0,1664.0
462.0,1939.0
463.0,2628.0
464.0,2961.0
465.0,2900.0
466.0,2496.0
467.0,2180.0
468.0,2257.0
469.0,2653.0
470.0,2701.0
471.0,2466.0
472.0,2513.0
473.0,2976.0
474.0,3310.0
475.0,3260.0
476.0,3192.0
477.0,8943.0
478.0,36079.0
479.0,55519.0
480.0,70090.0
481.0,88329.0
482.0,92311.0
483.0,91939.0
484.0,85837.0
485.0,62797.0
486.0,54306.0
487.0,50577.0
488.0,21451.0
489.0,9097.0
490.0,9888.0
491.0,5526.0
492.0,2550.0
493.0,2229.0
494.0,2268.0
495.0,2183.0
496.0,1995.0
497.0,1905.0
498.0,2162.0
499.0,2260.0
500.0,2178.0
501.0,2322.0
502.0,2500.0
503.0,2421.0
504.0,2086.0
505.0,1737.0
506.0,1604.0
507.0,1782.0
508.0,2066.0
509.0,2234.0
510.0,2272.0
511.0,2316.0
512.0,2464.0
513.0,2460.0
514.0,2429.0
515.0,2272.0
516.0,2351.0
517.0,2533.0
518.0,2740.0
519.0,2613.0
520.0,2265.0
521.0,2545.0
522.0,4011.0
523.0,4610.0
524.0,3194.0
525.0,1974.0
526.0,1940.0
527.0,2350.0
528.0,2519.0
529.0,2536.0
530.0,2442.0
531.0,2227.0
532.0,1935.0
533.0,2123.0
534.0,2697.0
535.0,2789.0
536.0,2303.0
537.0,2385.0
538.0,2854.0
539.0,2591.0
540.0,2249.0
541.0,2038.0
542.0,1949.0
543.0,2220.0
544.0,2276.0
545.0,1814.0
546.0,1768.0
547.0,2133.0
548.0,2615.0
549.0,3290.0
550.0,3536.0
551.0,2955.0
552.0,2204.0
553.0,1839.0
554.0,1721.0
555.0,1518.0
556.0,1595.0
557.0,1937.0
558.0,2307.0
559.0,2452.0
560.0,2489.0
561.0,2532.0
562.0,2273.0
563.0,2080.0
564.0,2460.0
565.0,2732.0
566.0,2832.0
567.0,2705.0
568.0,2351.0
569.0,2215.0
570.0,2258.0
571.0,2102.0
572.0,2031.0
573.0,1975.0
574.0,1767.0
575.0,1918.0
576.0,2173.0
577.0,2275.0
578.0,2360.0
579.0,2201.0
580.0,2084.0
581.0,2136.0
582.0,2153.0
583.0,2155.0
584.0,2189.0
585.0,2163.0
586.0,2101.0
587.0,2313.0
588.0,2526.0
589.0,2203.0
590.0,2104.0
591.0,2502.0
592.0,2809.0
593.0,2789.0
594.0,2593.0
595.0,2621.0
596.0,2352.0
597.0,2291.0
598.0,2797.0
599.0,3101.0
600.0,2558.0
601.0,1867.0
602.0,1702.0
603.0,1956.0
604.0,2247.0
605.0,2277.0
606.0,2301.0
607.0,2239.0
608.0,2119.0
609.0,2321.0
610.0,2468.0
611.0,1981.0
612.0,1600.0
613.0,1906.0
614.0,2433.0
615.0,2708.0
616.0,2848.0
617.0,2918.0
618.0,2920.0
619.0,2977.0
620.0,2817.0
621.0,2196.0
622.0,1907.0
623.0,2147.0
624.0,2201.0
625.0,1976.0
626.0,1903.0
627.0,2189.0
628.0,2307.0
629.0,2081.0
630.0,1791.0
631.0,1689.0
632.0,1761.0
633.0,1993.0
634.0,2383.0
635.0,2405.0
636.0,2124.0
637.0,1659.0
638.0,1585.0
639.0,1697.0
640.0,1688.0
641.0,1844.0
642.0,2122.0
643.0,2193.0
644.0,2589.0
645.0,4886.0
646.0,7785.0
647.0,6349.0
648.0,2957.0
649.0,1935.0
650.0,1563.0
651.0,1517.0
652.0,2072.0
653.0,2550.0
654.0,2488.0
655.0,2220.0
656.0,2116.0
657.0,1850.0
658.0,1652.0
659.0,1672.0
660.0,1642.0
661.0,1463.0
662.0,1474.0
663.0,1850.0
664.0,2301.0
665.0,2114.0
666.0,2011.0
667.0,2242.0
668.0,2267.0
669.0,2266.0
670.0,2155.0
671.0,2054.0
672.0,2566.0
673.0,2950.0
674.0,2221.0
675.0,1656.0
676.0,1519.0
677.0,1608.0
678.0,1782.0
679.0,1857.0
680.0,1730.0
681.0,1698.0
682.0,1619.0
683.0,1389.0
684.0,1234.0
685.0,1432.0
686.0,1741.0
687.0,2036.0
688.0,2290.0
689.0,2238.0
690.0,2044.0
691.0,1979.0
692.0,2027.0
693.0,1935.0
694.0,1635.0
695.0,1377.0
696.0,1217.0
697.0,1222.0
698.0,1594.0
699.0,1763.0
700.0,1619.0
701.0,1637.0
702.0,1557.0
703.0,1390.0
704.0,1464.0
705.0,1512.0
706.0,1572.0
707.0,1746.0
708.0,2012.0
709.0,2198.0
710.0,2048.0
711.0,1968.0
712.0,2005.0
713.0,1757.0
714.0,1570.0
715.0,1548.0
716.0,1526.0
717.0,1531.0
718.0,1605.0
719.0,1667.0
720.0,1720.0
721.0,1697.0
722.0,1975.0
723.0,2235.0
724.0,2092.0
725.0,1739.0
726.0,1518.0
727.0,1518.0
728.0,1665.0
729.0,1678.0
730.0,1958.0
731.0,2350.0
732.0,2553.0
733.0,2201.0
734.0,1732.0
735.0,1585.0
736.0,1590.0
737.0,1534.0
738.0,1362.0
739.0,1365.0
740.0,1450.0
741.0,1564.0
742.0,1587.0
743.0,1543.0
744.0,1679.0
745.0,1819.0
746.0,1833.0
747.0,1675.0
748.0,1365.0
749.0,1217.0
750.0,1513.0
751.0,1977.0
752.0,2158.0
753.0,1987.0
754.0,2122.0
755.0,2396.0
756.0,1889.0
757.0,1322.0
758.0,1321.0
759.0,1515.0
760.0,1433.0
761.0,1302.0
762.0,1276.0
763.0,1309.0
764.0,1582.0
765.0,1842.0
766.0,1805.0
767.0,1613.0
768.0,1540.0
769.0,1453.0
770.0,1433.0
771.0,1440.0
772.0,1590.0
773.0,1712.0
774.0,1492.0
775.0,1231.0
776.0,1171.0
777.0,1214.0
778.0,1416.0
779.0,1672.0
780.0,1637.0
781.0,1365.0
782.0,1293.0
783.0,1480.0
784.0,1483.0
785.0,1302.0
786.0,1118.0
787.0,1230.0
788.0,2461.0
789.0,3715.0
790.0,3110.0
791.0,1709.0
792.0,1375.0
793.0,1559.0
794.0,1764.0
795.0,1952.0
796.0,2041.0
797.0,1877.0
798.0,1799.0
799.0,1784.0
800.0,1624.0
801.0,1392.0
802.0,1347.0
803.0,1161.0
804.0,1119.0
805.0,1235.0
806.0,1460.0
807.0,1569.0
808.0,1530.0
809.0,1358.0
810.0,1377.0
811.0,1530.0
812.0,1691.0
813.0,1748.0
814.0,1499.0
815.0,1461.0
816.0,1533.0
817.0,1310.0
818.0,1032.0
819.0,915.0
820.0,910.0
821.0,1153.0
822.0,1304.0
823.0,1227.0
824.0,1021.0
825.0,1149.0
826.0,1370.0
827.0,1575.0
828.0,1589.0
829.0,1221.0
830.0,983.0
831.0,1103.0
832.0,1384.0
833.0,1705.0
834.0,1804.0
835.0,1557.0
836.0,1247.0
837.0,1276.0
838.0,1424.0
839.0,1286.0
840.0,1034.0
841.0,818.0
842.0,762.0
843.0,780.0
844.0,864.0
845.0,1142.0
846.0,1455.0
847.0,1570.0
848.0,1596.0
849.0,1661.0
850.0,1364.0
851.0,963.0
852.0,984.0
853.0,1305.0
854.0,1485.0
855.0,1379.0
856.0,1119.0
857.0,941.0
858.0,994.0
859.0,1058.0
860.0,1112.0
861.0,1098.0
862.0,1166.0
863.0,1231.0
864.0,1622.0
865.0,1744.0
866.0,1341.0
867.0,879.0
868.0,821.0
869.0,1042.0
870.0,1437.0
871.0,1645.0
872.0,1403.0
873.0,1184.0
874.0,1341.0
875.0,1515.0
876.0,1595.0
877.0,1571.0
878.0,1410.0
879.0,1584.0
880.0,1755.0
881.0,1493.0
882.0,1588.0
883.0,1897.0
884.0,1655.0
885.0,1042.0
886.0,810.0
887.0,754.0
888.0,838.0
889.0,1153.0
890.0,1344.0
891.0,1186.0
892.0,1263.0
893.0,1587.0
894.0,1536.0
895.0,1538.0
896.0,1778.0
897.0,1570.0
898.0,1218.0
899.0,902.0
900.0,734.0
901.0,702.0
902.0,764.0
903.0,978.0
904.0,1503.0
905.0,2259.0
906.0,2300.0
907.0,1511.0
908.0,967.0
909.0,1020.0
910.0,1256.0
911.0,1541.0
912.0,1777.0
913.0,1465.0
914.0,1186.0
915.0,1194.0
916.0,1245.0
917.0,1102.0
918.0,847.0
919.0,778.0
920.0,1074.0
921.0,1519.0
922.0,1633.0
923.0,1224.0
924.0,1089.0
925.0,1245.0
926.0,1247.0
927.0,1300.0
928.0,1269.0
929.0,1017.0
930.0,889.0
931.0,938.0
932.0,1052.0
933.0,1189.0
934.0,946.0
935.0,820.0
936.0,927.0
937.0,1069.0
938.0,1260.0
939.0,1489.0
940.0,1333.0
941.0,1294.0
942.0,1280.0
943.0,1012.0
944.0,1065.0
945.0,1447.0
946.0,1457.0
947.0,1072.0
948.0,952.0
949.0,991.0
950.0,936.0
951.0,906.0
952.0,781.0
953.0,669.0
954.0,746.0
955.0,743.0
956.0,883.0
957.0,1013.0
958.0,999.0
959.0,1100.0
960.0,1174.0
961.0,1141.0
962.0,1243.0
963.0,1320.0
964.0,1179.0
965.0,881.0
966.0,834.0
967.0,775.0
968.0,783.0
969.0,1158.0
970.0,1561.0
971.0,1440.0
972.0,1114.0
973.0,1101.0
974.0,1171.0
975.0,1369.0
976.0,1315.0
977.0,861.0
978.0,658.0
979.0,736.0
980.0,787.0
981.0,734.0
982.0,625.0
983.0,528.0
984.0,737.0
985.0,830.0
986.0,772.0
987.0,860.0
988.0,1082.0
989.0,1063.0
990.0,828.0
991.0,904.0
992.0,1079.0
993.0,1006.0
994.0,777.0
995.0,771.0
996.0,797.0
997.0,953.0
998.0,1187.0
999.0,1250.0
1000.0,982.0
1001.0,629.0
1002.0,489.0
1003.0,537.0
1004.0,591.0
1005.0,600.0
1006.0,510.0
1007.0,542.0
1008.0,635.0
1009.0,615.0
1010.0,739.0
1011.0,1142.0
1012.0,1162.0
1013.0,788.0
1014.0,731.0
1015.0,780.0
1016.0,725.0
1017.0,651.0
1018.0,615.0
1019.0,688.0
1020.0,635.0
1021.0,504.0
1022.0,507.0
1023.0,495.0
