0.0,79.0
1.0,82.0
2.0,75.0
3.0,72.0
4.0,63.0
5.0,87.0
6.0,93.0
7.0,97.0
8.0,81.0
9.0,73.0
10.0,79.0
11.0,72.0
12.0,65.0
13.0,67.0
14.0,95.0
15.0,87.0
16.0,84.0
17.0,87.0
18.0,93.0
19.0,88.0
20.0,81.0
21.0,92.0
22.0,112.0
23.0,108.0
24.0,96.0
25.0,83.0
26.0,76.0
27.0,78.0
28.0,88.0
29.0,87.0
30.0,92.0
31.0,105.0
32.0,87.0
33.0,103.0
34.0,113.0
35.0,149.0
36.0,195.0
37.0,190.0
38.0,138.0
39.0,108.0
40.0,89.0
41.0,87.0
42.0,87.0
43.0,93.0
44.0,91.0
45.0,99.0
46.0,90.0
47.0,92.0
48.0,77.0
49.0,93.0
50.0,89.0
51.0,107.0
52.0,100.0
53.0,118.0
54.0,100.0
55.0,100.0
56.0,121.0
57.0,103.0
58.0,110.0
59.0,93.0
60.0,98.0
61.0,91.0
62.0,95.0
63.0,92.0
64.0,95.0
65.0,107.0
66.0,174.0
67.0,283.0
68.0,252.0
69.0,156.0
70.0,110.0
71.0,102.0
72.0,107.0
73.0,121.0
74.0,104.0
75.0,106.0
76.0,109.0
77.0,88.0
78.0,109.0
79.0,120.0
80.0,103.0
81.0,121.0
82.0,115.0
83.0,113.0
84.0,98.0
85.0,113.0
86.0,116.0
87.0,123.0
88.0,127.0
89.0,134.0
90.0,134.0
91.0,128.0
92.0,114.0
93.0,123.0
94.0,120.0
95.0,150.0
96.0,142.0
97.0,138.0
98.0,146.0
99.0,133.0
100.0,139.0
101.0,147.0
102.0,118.0
103.0,116.0
104.0,152.0
105.0,137.0
106.0,135.0
107.0,144.0
108.0,171.0
109.0,170.0
110.0,157.0
111.0,141.0
112.0,144.0
113.0,146.0
114.0,139.0
115.0,151.0
116.0,154.0
117.0,149.0
118.0,137.0
119.0,128.0
120.0,126.0
121.0,137.0
122.0,158.0
123.0,150.0
124.0,130.0
125.0,153.0
126.0,135.0
127.0,145.0
128.0,149.0
129.0,137.0
130.0,148.0
131.0,160.0
132.0,150.0
133.0,169.0
134.0,162.0
135.0,144.0
136.0,167.0
137.0,161.0
138.0,174.0
139.0,156.0
140.0,143.0
141.0,140.0
142.0,136.0
143.0,135.0
144.0,171.0
145.0,151.0
146.0,191.0
147.0,158.0
148.0,138.0
149.0,130.0
150.0,135.0
151.0,161.0
152.0,160.0
153.0,152.0
154.0,150.0
155.0,167.0
156.0,196.0
157.0,171.0
158.0,197.0
159.0,214.0
160.0,178.0
161.0,160.0
162.0,155.0
163.0,153.0
164.0,139.0
165.0,148.0
166.0,154.0
167.0,188.0
168.0,200.0
169.0,191.0
170.0,166.0
171.0,149.0
172.0,151.0
173.0,155.0
174.0,140.0
175.0,150.0
176.0,152.0
177.0,168.0
178.0,177.0
179.0,153.0
180.0,173.0
181.0,196.0
182.0,163.0
183.0,161.0
184.0,155.0
185.0,155.0
186.0,167.0
187.0,192.0
188.0,221.0
189.0,239.0
190.0,214.0
191.0,204.0
192.0,202.0
193.0,202.0
194.0,208.0
195.0,203.0
196.0,191.0
197.0,213.0
198.0,250.0
199.0,225.0
200.0,198.0
201.0,173.0
202.0,173.0
203.0,186.0
204.0,170.0
205.0,192.0
206.0,227.0
207.0,243.0
208.0,179.0
209.0,171.0
210.0,140.0
211.0,178.0
212.0,203.0
213.0,203.0
214.0,177.0
215.0,168.0
216.0,193.0
217.0,217.0
218.0,200.0
219.0,190.0
220.0,176.0
221.0,204.0
222.0,211.0
223.0,239.0
224.0,231.0
225.0,206.0
226.0,188.0
227.0,191.0
228.0,232.0
229.0,251.0
230.0,211.0
231.0,197.0
232.0,172.0
233.0,192.0
234.0,193.0
235.0,192.0
236.0,176.0
237.0,195.0
238.0,263.0
239.0,225.0
240.0,219.0
241.0,203.0
242.0,190.0
243.0,196.0
244.0,163.0
245.0,174.0
246.0,197.0
247.0,198.0
248.0,196.0
249.0,174.0
250.0,223.0
251.0,290.0
252.0,345.0
253.0,290.0
254.0,239.0
255.0,226.0
256.0,248.0
257.0,220.0
258.0,180.0
259.0,206.0
260.0,198.0
261.0,198.0
262.0,242.0
263.0,249.0
264.0,267.0
265.0,372.0
266.0,573.0
267.0,1494.0
268.0,3835.0
269.0,4153.0
270.0,1822.0
271.0,527.0
272.0,303.0
273.0,297.0
274.0,308.0
275.0,299.0
276.0,285.0
277.0,290.0
278.0,289.0
279.0,356.0
280.0,512.0
281.0,401.0
282.0,268.0
283.0,225.0
284.0,225.0
285.0,223.0
286.0,212.0
287.0,197.0
288.0,215.0
289.0,256.0
290.0,293.0
291.0,312.0
292.0,290.0
293.0,302.0
294.0,340.0
295.0,333.0
296.0,263.0
297.0,241.0
298.0,272.0
299.0,263.0
300.0,246.0
301.0,232.0
302.0,217.0
303.0,192.0
304.0,193.0
305.0,171.0
306.0,188.0
307.0,210.0
308.0,187.0
309.0,212.0
310.0,259.0
311.0,299.0
312.0,254.0
313.0,286.0
314.0,280.0
315.0,277.0
316.0,330.0
317.0,306.0
318.0,261.0
319.0,215.0
320.0,207.0
321.0,160.0
322.0,169.0
323.0,197.0
324.0,194.0
325.0,208.0
326.0,214.0
327.0,248.0
328.0,288.0
329.0,263.0
330.0,311.0
331.0,321.0
332.0,287.0
333.0,245.0
334.0,322.0
335.0,284.0
336.0,232.0
337.0,224.0
338.0,229.0
339.0,189.0
340.0,217.0
341.0,230.0
342.0,207.0
343.0,207.0
344.0,237.0
345.0,285.0
346.0,273.0
347.0,232.0
348.0,238.0
349.0,238.0
350.0,185.0
351.0,192.0
352.0,195.0
353.0,189.0
354.0,199.0
355.0,230.0
356.0,279.0
357.0,269.0
358.0,257.0
359.0,280.0
360.0,329.0
361.0,287.0
362.0,216.0
363.0,208.0
364.0,258.0
365.0,260.0
366.0,272.0
367.0,273.0
368.0,284.0
369.0,267.0
370.0,285.0
371.0,307.0
372.0,394.0
373.0,346.0
374.0,286.0
375.0,297.0
376.0,238.0
377.0,244.0
378.0,245.0
379.0,236.0
380.0,213.0
381.0,283.0
382.0,289.0
383.0,304.0
384.0,299.0
385.0,391.0
386.0,374.0
387.0,262.0
388.0,248.0
389.0,282.0
390.0,285.0
391.0,296.0
392.0,306.0
393.0,331.0
394.0,343.0
395.0,276.0
396.0,254.0
397.0,232.0
398.0,222.0
399.0,222.0
400.0,236.0
401.0,278.0
402.0,255.0
403.0,292.0
404.0,279.0
405.0,308.0
406.0,291.0
407.0,394.0
408.0,408.0
409.0,347.0
410.0,311.0
411.0,348.0
412.0,362.0
413.0,332.0
414.0,319.0
415.0,242.0
416.0,213.0
417.0,222.0
418.0,299.0
419.0,300.0
420.0,253.0
421.0,265.0
422.0,340.0
423.0,340.0
424.0,296.0
425.0,304.0
426.0,274.0
427.0,247.0
428.0,251.0
429.0,317.0
430.0,337.0
431.0,250.0
432.0,214.0
433.0,265.0
434.0,301.0
435.0,316.0
436.0,283.0
437.0,318.0
438.0,358.0
439.0,374.0
440.0,475.0
441.0,459.0
442.0,368.0
443.0,295.0
444.0,319.0
445.0,323.0
446.0,304.0
447.0,343.0
448.0,318.0
449.0,283.0
450.0,279.0
451.0,283.0
452.0,246.0
453.0,254.0
454.0,258.0
455.0,251.0
456.0,299.0
457.0,286.0
458.0,283.0
459.0,302.0
460.0,307.0
461.0,309.0
462.0,313.0
463.0,336.0
464.0,340.0
465.0,311.0
466.0,311.0
467.0,352.0
468.0,367.0
469.0,390.0
470.0,433.0
471.0,482.0
472.0,427.0
473.0,397.0
474.0,391.0
475.0,297.0
476.0,280.0
477.0,315.0
478.0,349.0
479.0,330.0
480.0,300.0
481.0,322.0
482.0,359.0
483.0,395.0
484.0,327.0
485.0,347.0
486.0,420.0
487.0,346.0
488.0,314.0
489.0,291.0
490.0,293.0
491.0,313.0
492.0,295.0
493.0,327.0
494.0,334.0
495.0,359.0
496.0,365.0
497.0,354.0
498.0,386.0
499.0,467.0
500.0,475.0
501.0,380.0
502.0,370.0
503.0,388.0
504.0,351.0
505.0,378.0
506.0,456.0
507.0,412.0
508.0,329.0
509.0,295.0
510.0,312.0
511.0,313.0
512.0,355.0
513.0,608.0
514.0,1373.0
515.0,1227.0
516.0,478.0
517.0,324.0
518.0,306.0
519.0,298.0
520.0,317.0
521.0,340.0
522.0,418.0
523.0,490.0
524.0,488.0
525.0,484.0
526.0,522.0
527.0,466.0
528.0,397.0
529.0,384.0
530.0,341.0
531.0,325.0
532.0,402.0
533.0,420.0
534.0,431.0
535.0,427.0
536.0,473.0
537.0,432.0
538.0,489.0
539.0,599.0
540.0,716.0
541.0,811.0
542.0,1010.0
543.0,1182.0
544.0,1413.0
545.0,2142.0
546.0,33771.0
547.0,55310.0
548.0,68272.0
549.0,92372.0
550.0,92483.0
551.0,88546.0
552.0,70236.0
553.0,54212.0
554.0,51013.0
555.0,27401.0
556.0,2142.0
557.0,737.0
558.0,687.0
559.0,675.0
560.0,609.0
561.0,547.0
562.0,511.0
563.0,492.0
564.0,549.0
565.0,523.0
566.0,569.0
567.0,586.0
568.0,490.0
569.0,629.0
570.0,678.0
571.0,468.0
572.0,459.0
573.0,485.0
574.0,486.0
575.0,529.0
576.0,470.0
577.0,404.0
578.0,360.0
579.0,391.0
580.0,397.0
581.0,393.0
582.0,392.0
583.0,405.0
584.0,443.0
585.0,515.0
586.0,744.0
587.0,964.0
588.0,670.0
589.0,480.0
590.0,475.0
591.0,419.0
592.0,388.0
593.0,434.0
594.0,429.0
595.0,424.0
596.0,354.0
597.0,346.0
598.0,379.0
599.0,339.0
600.0,324.0
601.0,346.0
602.0,374.0
603.0,426.0
604.0,424.0
605.0,349.0
606.0,354.0
607.0,377.0
608.0,362.0
609.0,359.0
610.0,367.0
611.0,384.0
612.0,347.0
613.0,308.0
614.0,306.0
615.0,308.0
616.0,314.0
617.0,335.0
618.0,362.0
619.0,404.0
620.0,432.0
621.0,418.0
622.0,366.0
623.0,338.0
624.0,334.0
625.0,365.0
626.0,344.0
627.0,322.0
628.0,334.0
629.0,288.0
630.0,315.0
631.0,341.0
632.0,385.0
633.0,404.0
634.0,360.0
635.0,327.0
636.0,329.0
637.0,311.0
638.0,329.0
639.0,325.0
640.0,357.0
641.0,363.0
642.0,361.0
643.0,368.0
644.0,337.0
645.0,329.0
646.0,323.0
647.0,297.0
648.0,311.0
649.0,328.0
650.0,353.0
651.0,359.0
652.0,415.0
653.0,368.0
654.0,351.0
655.0,351.0
656.0,320.0
657.0,281.0
658.0,277.0
659.0,283.0
660.0,384.0
661.0,456.0
662.0,402.0
663.0,386.0
664.0,439.0
665.0,481.0
666.0,372.0
667.0,364.0
668.0,387.0
669.0,369.0
670.0,328.0
671.0,357.0
672.0,763.0
673.0,2190.0
674.0,2671.0
675.0,1182.0
676.0,479.0
677.0,398.0
678.0,370.0
679.0,317.0
680.0,360.0
681.0,406.0
682.0,360.0
683.0,337.0
684.0,682.0
685.0,1376.0
686.0,1256.0
687.0,524.0
688.0,416.0
689.0,370.0
690.0,319.0
691.0,281.0
692.0,337.0
693.0,516.0
694.0,987.0
695.0,1072.0
696.0,529.0
697.0,358.0
698.0,353.0
699.0,353.0
700.0,321.0
701.0,283.0
702.0,301.0
703.0,333.0
704.0,322.0
705.0,367.0
706.0,439.0
707.0,410.0
708.0,359.0
709.0,375.0
710.0,330.0
711.0,354.0
712.0,394.0
713.0,453.0
714.0,404.0
715.0,566.0
716.0,2439.0
717.0,5844.0
718.0,4819.0
719.0,1316.0
720.0,499.0
721.0,393.0
722.0,350.0
723.0,316.0
724.0,313.0
725.0,307.0
726.0,289.0
727.0,297.0
728.0,342.0
729.0,372.0
730.0,333.0
731.0,283.0
732.0,291.0
733.0,410.0
734.0,424.0
735.0,326.0
736.0,265.0
737.0,317.0
738.0,358.0
739.0,348.0
740.0,360.0
741.0,359.0
742.0,373.0
743.0,430.0
744.0,421.0
745.0,345.0
746.0,322.0
747.0,291.0
748.0,324.0
749.0,331.0
750.0,292.0
751.0,251.0
752.0,290.0
753.0,324.0
754.0,297.0
755.0,330.0
756.0,402.0
757.0,402.0
758.0,317.0
759.0,333.0
760.0,355.0
761.0,336.0
762.0,333.0
763.0,442.0
764.0,430.0
765.0,312.0
766.0,262.0
767.0,273.0
768.0,271.0
769.0,324.0
770.0,337.0
771.0,331.0
772.0,309.0
773.0,347.0
774.0,371.0
775.0,339.0
776.0,348.0
777.0,332.0
778.0,323.0
779.0,382.0
780.0,381.0
781.0,316.0
782.0,285.0
783.0,296.0
784.0,293.0
785.0,289.0
786.0,302.0
787.0,353.0
788.0,621.0
789.0,729.0
790.0,490.0
791.0,306.0
792.0,277.0
793.0,300.0
794.0,333.0
795.0,372.0
796.0,327.0
797.0,336.0
798.0,349.0
799.0,385.0
800.0,352.0
801.0,311.0
802.0,312.0
803.0,296.0
804.0,279.0
805.0,266.0
806.0,254.0
807.0,286.0
808.0,311.0
809.0,255.0
810.0,322.0
811.0,317.0
812.0,402.0
813.0,464.0
814.0,372.0
815.0,284.0
816.0,345.0
817.0,394.0
818.0,374.0
819.0,380.0
820.0,559.0
821.0,2841.0
822.0,6833.0
823.0,4758.0
824.0,905.0
825.0,406.0
826.0,329.0
827.0,336.0
828.0,343.0
829.0,312.0
830.0,317.0
831.0,302.0
832.0,374.0
833.0,406.0
834.0,449.0
835.0,417.0
836.0,314.0
837.0,284.0
838.0,269.0
839.0,313.0
840.0,315.0
841.0,306.0
842.0,367.0
843.0,462.0
844.0,400.0
845.0,329.0
846.0,361.0
847.0,364.0
848.0,382.0
849.0,397.0
850.0,340.0
851.0,309.0
852.0,288.0
853.0,286.0
854.0,292.0
855.0,283.0
856.0,271.0
857.0,272.0
858.0,237.0
859.0,287.0
860.0,299.0
861.0,293.0
862.0,312.0
863.0,382.0
864.0,360.0
865.0,515.0
866.0,2238.0
867.0,3464.0
868.0,1709.0
869.0,599.0
870.0,383.0
871.0,362.0
872.0,360.0
873.0,359.0
874.0,335.0
875.0,299.0
876.0,294.0
877.0,309.0
878.0,368.0
879.0,403.0
880.0,331.0
881.0,362.0
882.0,556.0
883.0,997.0
884.0,1049.0
885.0,548.0
886.0,338.0
887.0,307.0
888.0,379.0
889.0,447.0
890.0,336.0
891.0,270.0
892.0,303.0
893.0,265.0
894.0,284.0
895.0,269.0
896.0,282.0
897.0,269.0
898.0,341.0
899.0,363.0
900.0,298.0
901.0,276.0
902.0,277.0
903.0,352.0
904.0,408.0
905.0,334.0
906.0,288.0
907.0,267.0
908.0,282.0
909.0,418.0
910.0,535.0
911.0,450.0
912.0,309.0
913.0,263.0
914.0,261.0
915.0,272.0
916.0,302.0
917.0,306.0
918.0,294.0
919.0,338.0
920.0,343.0
921.0,278.0
922.0,254.0
923.0,301.0
924.0,300.0
925.0,247.0
926.0,248.0
927.0,227.0
928.0,218.0
929.0,263.0
930.0,277.0
931.0,258.0
932.0,254.0
933.0,300.0
934.0,331.0
935.0,350.0
936.0,356.0
937.0,315.0
938.0,325.0
939.0,292.0
940.0,293.0
941.0,331.0
942.0,369.0
943.0,362.0
944.0,290.0
945.0,304.0
946.0,295.0
947.0,249.0
948.0,260.0
949.0,256.0
950.0,234.0
951.0,233.0
952.0,248.0
953.0,265.0
954.0,228.0
955.0,208.0
956.0,228.0
957.0,243.0
958.0,264.0
959.0,284.0
960.0,282.0
961.0,308.0
962.0,391.0
963.0,301.0
964.0,245.0
965.0,260.0
966.0,257.0
967.0,264.0
968.0,261.0
969.0,255.0
970.0,272.0
971.0,358.0
972.0,380.0
973.0,280.0
974.0,290.0
975.0,288.0
976.0,258.0
977.0,234.0
978.0,248.0
979.0,258.0
980.0,266.0
981.0,327.0
982.0,337.0
983.0,278.0
984.0,254.0
985.0,248.0
986.0,274.0
987.0,305.0
988.0,305.0
989.0,264.0
990.0,275.0
991.0,354.0
992.0,378.0
993.0,385.0
994.0,307.0
995.0,271.0
996.0,329.0
997.0,316.0
998.0,271.0
999.0,246.0
1000.0,227.0
1001.0,238.0
1002.0,259.0
1003.0,285.0
1004.0,262.0
1005.0,272.0
1006.0,292.0
1007.0,273.0
1008.0,299.0
1009.0,323.0
1010.0,290.0
1011.0,216.0
1012.0,248.0
1013.0,261.0
1014.0,240.0
1015.0,278.0
1016.0,319.0
1017.0,259.0
1018.0,275.0
1019.0,371.0
1020.0,339.0
1021.0,278.0
1022.0,240.0
1023.0,237.0
