0.0,64.0
1.0,81.0
2.0,84.0
3.0,108.0
4.0,81.0
5.0,81.0
6.0,83.0
7.0,88.0
8.0,109.0
9.0,88.0
10.0,106.0
11.0,98.0
12.0,111.0
13.0,116.0
14.0,136.0
15.0,127.0
16.0,134.0
17.0,149.0
18.0,116.0
19.0,109.0
20.0,107.0
21.0,115.0
22.0,112.0
23.0,122.0
24.0,112.0
25.0,109.0
26.0,102.0
27.0,119.0
28.0,111.0
29.0,111.0
30.0,103.0
31.0,117.0
32.0,100.0
33.0,120.0
34.0,109.0
35.0,110.0
36.0,115.0
37.0,124.0
38.0,129.0
39.0,153.0
40.0,183.0
41.0,194.0
42.0,199.0
43.0,186.0
44.0,160.0
45.0,163.0
46.0,172.0
47.0,192.0
48.0,283.0
49.0,461.0
50.0,478.0
51.0,303.0
52.0,187.0
53.0,154.0
54.0,144.0
55.0,139.0
56.0,139.0
57.0,158.0
58.0,176.0
59.0,158.0
60.0,197.0
61.0,257.0
62.0,279.0
63.0,260.0
64.0,230.0
65.0,229.0
66.0,241.0
67.0,277.0
68.0,334.0
69.0,433.0
70.0,947.0
71.0,3940.0
72.0,11422.0
73.0,11416.0
74.0,4015.0
75.0,731.0
76.0,387.0
77.0,294.0
78.0,251.0
79.0,267.0
80.0,244.0
81.0,251.0
82.0,290.0
83.0,326.0
84.0,314.0
85.0,262.0
86.0,228.0
87.0,226.0
88.0,227.0
89.0,225.0
90.0,224.0
91.0,233.0
92.0,249.0
93.0,268.0
94.0,220.0
95.0,239.0
96.0,310.0
97.0,335.0
98.0,306.0
99.0,269.0
100.0,284.0
101.0,238.0
102.0,226.0
103.0,274.0
104.0,298.0
105.0,279.0
106.0,244.0
107.0,237.0
108.0,203.0
109.0,182.0
110.0,205.0
111.0,190.0
112.0,216.0
113.0,198.0
114.0,212.0
115.0,237.0
116.0,245.0
117.0,282.0
118.0,296.0
119.0,325.0
120.0,373.0
121.0,353.0
122.0,323.0
123.0,365.0
124.0,338.0
125.0,306.0
126.0,246.0
127.0,269.0
128.0,280.0
129.0,247.0
130.0,255.0
131.0,288.0
132.0,330.0
133.0,344.0
134.0,313.0
135.0,302.0
136.0,293.0
137.0,327.0
138.0,317.0
139.0,344.0
140.0,411.0
141.0,382.0
142.0,346.0
143.0,342.0
144.0,347.0
145.0,364.0
146.0,383.0
147.0,331.0
148.0,304.0
149.0,319.0
150.0,321.0
151.0,365.0
152.0,395.0
153.0,358.0
154.0,306.0
155.0,369.0
156.0,415.0
157.0,356.0
158.0,347.0
159.0,375.0
160.0,407.0
161.0,368.0
162.0,364.0
163.0,337.0
164.0,401.0
165.0,487.0
166.0,597.0
167.0,552.0
168.0,553.0
169.0,558.0
170.0,528.0
171.0,529.0
172.0,517.0
173.0,507.0
174.0,483.0
175.0,520.0
176.0,597.0
177.0,552.0
178.0,543.0
179.0,609.0
180.0,657.0
181.0,662.0
182.0,638.0
183.0,626.0
184.0,576.0
185.0,548.0
186.0,550.0
187.0,611.0
188.0,713.0
189.0,791.0
190.0,798.0
191.0,766.0
192.0,933.0
193.0,1283.0
194.0,1592.0
195.0,2014.0
196.0,2736.0
197.0,12293.0
198.0,52907.0
199.0,70295.0
200.0,100395.0
201.0,119726.0
202.0,135769.0
203.0,151093.0
204.0,155188.0
205.0,155817.0
206.0,155254.0
207.0,153996.0
208.0,145766.0
209.0,129952.0
210.0,113222.0
211.0,94709.0
212.0,73953.0
213.0,63152.0
214.0,34979.0
215.0,14874.0
216.0,1133.0
217.0,1025.0
218.0,1043.0
219.0,1093.0
220.0,1105.0
221.0,925.0
222.0,775.0
223.0,770.0
224.0,742.0
225.0,763.0
226.0,855.0
227.0,830.0
228.0,775.0
229.0,778.0
230.0,794.0
231.0,1094.0
232.0,1959.0
233.0,2117.0
234.0,1326.0
235.0,830.0
236.0,717.0
237.0,634.0
238.0,625.0
239.0,669.0
240.0,663.0
241.0,604.0
242.0,642.0
243.0,716.0
244.0,742.0
245.0,711.0
246.0,796.0
247.0,870.0
248.0,780.0
249.0,689.0
250.0,698.0
251.0,709.0
252.0,546.0
253.0,520.0
254.0,573.0
255.0,711.0
256.0,798.0
257.0,730.0
258.0,760.0
259.0,703.0
260.0,622.0
261.0,643.0
262.0,701.0
263.0,609.0
264.0,625.0
265.0,666.0
266.0,675.0
267.0,645.0
268.0,676.0
269.0,880.0
270.0,886.0
271.0,711.0
272.0,698.0
273.0,627.0
274.0,620.0
275.0,734.0
276.0,808.0
277.0,745.0
278.0,1039.0
279.0,1568.0
280.0,1615.0
281.0,1250.0
282.0,875.0
283.0,671.0
284.0,646.0
285.0,701.0
286.0,645.0
287.0,633.0
288.0,592.0
289.0,631.0
290.0,812.0
291.0,778.0
292.0,582.0
293.0,566.0
294.0,671.0
295.0,785.0
296.0,584.0
297.0,590.0
298.0,647.0
299.0,585.0
300.0,523.0
301.0,569.0
302.0,681.0
303.0,801.0
304.0,808.0
305.0,722.0
306.0,628.0
307.0,608.0
308.0,674.0
309.0,835.0
310.0,878.0
311.0,821.0
312.0,884.0
313.0,895.0
314.0,897.0
315.0,773.0
316.0,685.0
317.0,657.0
318.0,603.0
319.0,562.0
320.0,570.0
321.0,696.0
322.0,880.0
323.0,900.0
324.0,747.0
325.0,704.0
326.0,731.0
327.0,795.0
328.0,728.0
329.0,576.0
330.0,557.0
331.0,649.0
332.0,696.0
333.0,677.0
334.0,730.0
335.0,724.0
336.0,659.0
337.0,701.0
338.0,735.0
339.0,694.0
340.0,604.0
341.0,620.0
342.0,768.0
343.0,902.0
344.0,979.0
345.0,995.0
346.0,1119.0
347.0,1046.0
348.0,888.0
349.0,847.0
350.0,989.0
351.0,1214.0
352.0,1141.0
353.0,949.0
354.0,761.0
355.0,671.0
356.0,625.0
357.0,786.0
358.0,987.0
359.0,926.0
360.0,889.0
361.0,856.0
362.0,787.0
363.0,685.0
364.0,685.0
365.0,761.0
366.0,732.0
367.0,711.0
368.0,766.0
369.0,867.0
370.0,903.0
371.0,889.0
372.0,879.0
373.0,964.0
374.0,914.0
375.0,861.0
376.0,908.0
377.0,918.0
378.0,942.0
379.0,1046.0
380.0,964.0
381.0,840.0
382.0,772.0
383.0,755.0
384.0,906.0
385.0,928.0
386.0,891.0
387.0,745.0
388.0,651.0
389.0,556.0
390.0,539.0
391.0,644.0
392.0,636.0
393.0,624.0
394.0,656.0
395.0,850.0
396.0,913.0
397.0,791.0
398.0,831.0
399.0,924.0
400.0,996.0
401.0,981.0
402.0,896.0
403.0,961.0
404.0,1368.0
405.0,3284.0
406.0,5417.0
407.0,3608.0
408.0,1111.0
409.0,802.0
410.0,873.0
411.0,797.0
412.0,763.0
413.0,722.0
414.0,791.0
415.0,936.0
416.0,936.0
417.0,872.0
418.0,905.0
419.0,893.0
420.0,781.0
421.0,661.0
422.0,639.0
423.0,646.0
424.0,696.0
425.0,816.0
426.0,852.0
427.0,1079.0
428.0,1231.0
429.0,1023.0
430.0,882.0
431.0,878.0
432.0,785.0
433.0,819.0
434.0,810.0
435.0,798.0
436.0,887.0
437.0,953.0
438.0,846.0
439.0,849.0
440.0,977.0
441.0,891.0
442.0,854.0
443.0,1022.0
444.0,1179.0
445.0,1139.0
446.0,1085.0
447.0,1135.0
448.0,1080.0
449.0,1027.0
450.0,899.0
451.0,880.0
452.0,997.0
453.0,970.0
454.0,814.0
455.0,724.0
456.0,718.0
457.0,754.0
458.0,769.0
459.0,807.0
460.0,882.0
461.0,1081.0
462.0,1107.0
463.0,1124.0
464.0,1078.0
465.0,929.0
466.0,820.0
467.0,892.0
468.0,981.0
469.0,1031.0
470.0,996.0
471.0,904.0
472.0,917.0
473.0,953.0
474.0,858.0
475.0,696.0
476.0,709.0
477.0,678.0
478.0,739.0
479.0,924.0
480.0,946.0
481.0,946.0
482.0,979.0
483.0,929.0
484.0,931.0
485.0,977.0
486.0,1126.0
487.0,1068.0
488.0,1017.0
489.0,937.0
490.0,849.0
491.0,817.0
492.0,940.0
493.0,1084.0
494.0,1123.0
495.0,868.0
496.0,760.0
497.0,822.0
498.0,1029.0
499.0,1487.0
500.0,1491.0
501.0,1201.0
502.0,1143.0
503.0,1000.0
504.0,932.0
505.0,848.0
506.0,703.0
507.0,810.0
508.0,863.0
509.0,818.0
510.0,796.0
511.0,940.0
512.0,957.0
513.0,841.0
514.0,1000.0
515.0,1188.0
516.0,1336.0
517.0,1241.0
518.0,1284.0
519.0,1248.0
520.0,1033.0
521.0,780.0
522.0,765.0
523.0,837.0
524.0,809.0
525.0,821.0
526.0,1018.0
527.0,1210.0
528.0,1143.0
529.0,999.0
530.0,900.0
531.0,930.0
532.0,792.0
533.0,828.0
534.0,1035.0
535.0,1139.0
536.0,1120.0
537.0,984.0
538.0,831.0
539.0,947.0
540.0,1055.0
541.0,930.0
542.0,955.0
543.0,1058.0
544.0,1068.0
545.0,1161.0
546.0,1349.0
547.0,1200.0
548.0,996.0
549.0,1039.0
550.0,1018.0
551.0,931.0
552.0,878.0
553.0,915.0
554.0,982.0
555.0,1078.0
556.0,1079.0
557.0,845.0
558.0,768.0
559.0,883.0
560.0,920.0
561.0,944.0
562.0,1010.0
563.0,1146.0
564.0,1286.0
565.0,1215.0
566.0,1137.0
567.0,1110.0
568.0,1027.0
569.0,825.0
570.0,671.0
571.0,597.0
572.0,649.0
573.0,801.0
574.0,956.0
575.0,1003.0
576.0,1053.0
577.0,1119.0
578.0,1149.0
579.0,1179.0
580.0,1221.0
581.0,1246.0
582.0,1086.0
583.0,998.0
584.0,1009.0
585.0,1208.0
586.0,1298.0
587.0,1157.0
588.0,955.0
589.0,968.0
590.0,1046.0
591.0,1179.0
592.0,1247.0
593.0,1205.0
594.0,1205.0
595.0,1167.0
596.0,999.0
597.0,1019.0
598.0,1061.0
599.0,972.0
600.0,930.0
601.0,1028.0
602.0,1202.0
603.0,1268.0
604.0,1195.0
605.0,1307.0
606.0,1567.0
607.0,1516.0
608.0,1285.0
609.0,1275.0
610.0,1247.0
611.0,1065.0
612.0,1006.0
613.0,1004.0
614.0,958.0
615.0,1041.0
616.0,1124.0
617.0,1219.0
618.0,1225.0
619.0,1177.0
620.0,1058.0
621.0,1053.0
622.0,948.0
623.0,867.0
624.0,913.0
625.0,1093.0
626.0,1274.0
627.0,1113.0
628.0,922.0
629.0,1126.0
630.0,1260.0
631.0,1122.0
632.0,1074.0
633.0,1052.0
634.0,1056.0
635.0,1087.0
636.0,1242.0
637.0,1219.0
638.0,1075.0
639.0,982.0
640.0,867.0
641.0,937.0
642.0,1152.0
643.0,1274.0
644.0,1213.0
645.0,1179.0
646.0,1054.0
647.0,1092.0
648.0,1344.0
649.0,1385.0
650.0,1165.0
651.0,1030.0
652.0,1067.0
653.0,1047.0
654.0,1035.0
655.0,1146.0
656.0,1242.0
657.0,1215.0
658.0,1154.0
659.0,1241.0
660.0,1483.0
661.0,1516.0
662.0,1414.0
663.0,1287.0
664.0,1235.0
665.0,1402.0
666.0,1440.0
667.0,1255.0
668.0,1228.0
669.0,1197.0
670.0,1248.0
671.0,1323.0
672.0,1357.0
673.0,1344.0
674.0,1397.0
675.0,1402.0
676.0,1336.0
677.0,1302.0
678.0,1299.0
679.0,1379.0
680.0,1432.0
681.0,1327.0
682.0,1407.0
683.0,1569.0
684.0,1650.0
685.0,1630.0
686.0,1681.0
687.0,1634.0
688.0,1698.0
689.0,1507.0
690.0,1306.0
691.0,1305.0
692.0,1308.0
693.0,1345.0
694.0,1426.0
695.0,1488.0
696.0,1577.0
697.0,1495.0
698.0,1447.0
699.0,1420.0
700.0,1496.0
701.0,1564.0
702.0,1756.0
703.0,1947.0
704.0,2093.0
705.0,2293.0
706.0,2311.0
707.0,2298.0
708.0,2430.0
709.0,2345.0
710.0,2157.0
711.0,2051.0
712.0,2081.0
713.0,2160.0
714.0,2111.0
715.0,2095.0
716.0,2237.0
717.0,3028.0
718.0,3696.0
719.0,4121.0
720.0,51562.0
721.0,108213.0
722.0,135310.0
723.0,142986.0
724.0,143922.0
725.0,144772.0
726.0,145372.0
727.0,145899.0
728.0,146300.0
729.0,146646.0
730.0,146884.0
731.0,146990.0
732.0,147040.0
733.0,146767.0
734.0,146143.0
735.0,144712.0
736.0,139363.0
737.0,100977.0
738.0,61814.0
739.0,18760.0
740.0,3315.0
741.0,3170.0
742.0,2946.0
743.0,2885.0
744.0,3289.0
745.0,5284.0
746.0,7169.0
747.0,5365.0
748.0,3780.0
749.0,3552.0
750.0,3571.0
751.0,3713.0
752.0,3721.0
753.0,3828.0
754.0,4045.0
755.0,3971.0
756.0,3993.0
757.0,4075.0
758.0,3957.0
759.0,4232.0
760.0,4621.0
761.0,4905.0
762.0,37133.0
763.0,82289.0
764.0,123095.0
765.0,141439.0
766.0,142671.0
767.0,143455.0
768.0,144012.0
769.0,144510.0
770.0,144920.0
771.0,145336.0
772.0,145641.0
773.0,145950.0
774.0,146308.0
775.0,146522.0
776.0,146807.0
777.0,147045.0
778.0,147250.0
779.0,147474.0
780.0,147551.0
781.0,147688.0
782.0,147737.0
783.0,147737.0
784.0,147659.0
785.0,147257.0
786.0,146570.0
787.0,144875.0
788.0,137603.0
789.0,112502.0
790.0,76418.0
791.0,29377.0
792.0,4953.0
793.0,3582.0
794.0,3239.0
795.0,3058.0
796.0,2873.0
797.0,2746.0
798.0,2757.0
799.0,2811.0
800.0,2541.0
801.0,2404.0
802.0,2549.0
803.0,2497.0
804.0,2393.0
805.0,2184.0
806.0,2302.0
807.0,2509.0
808.0,2709.0
809.0,2264.0
810.0,1931.0
811.0,1915.0
812.0,1825.0
813.0,2002.0
814.0,2125.0
815.0,1980.0
816.0,1945.0
817.0,1983.0
818.0,2138.0
819.0,2001.0
820.0,1690.0
821.0,1675.0
822.0,1772.0
823.0,1735.0
824.0,1742.0
825.0,1637.0
826.0,1501.0
827.0,1845.0
828.0,2188.0
829.0,2033.0
830.0,1591.0
831.0,1335.0
832.0,1155.0
833.0,1143.0
834.0,1377.0
835.0,1524.0
836.0,1380.0
837.0,1112.0
838.0,1179.0
839.0,1211.0
840.0,1184.0
841.0,1391.0
842.0,1343.0
843.0,1166.0
844.0,997.0
845.0,1032.0
846.0,1237.0
847.0,1537.0
848.0,1477.0
849.0,1145.0
850.0,1026.0
851.0,1168.0
852.0,1258.0
853.0,1179.0
854.0,1146.0
855.0,2067.0
856.0,4431.0
857.0,4199.0
858.0,1841.0
859.0,1467.0
860.0,1697.0
861.0,1417.0
862.0,1079.0
863.0,1100.0
864.0,1262.0
865.0,1465.0
866.0,1434.0
867.0,1265.0
868.0,1255.0
869.0,1233.0
870.0,1168.0
871.0,1141.0
872.0,1188.0
873.0,1399.0
874.0,1683.0
875.0,1393.0
876.0,1128.0
877.0,1187.0
878.0,1414.0
879.0,1425.0
880.0,1191.0
881.0,1297.0
882.0,1382.0
883.0,1172.0
884.0,1064.0
885.0,1340.0
886.0,1596.0
887.0,1447.0
888.0,1857.0
889.0,3087.0
890.0,3355.0
891.0,2082.0
892.0,1496.0
893.0,1173.0
894.0,956.0
895.0,1026.0
896.0,1190.0
897.0,1261.0
898.0,1280.0
899.0,1157.0
900.0,1185.0
901.0,1157.0
902.0,1222.0
903.0,1218.0
904.0,1150.0
905.0,944.0
906.0,795.0
907.0,894.0
908.0,1092.0
909.0,1150.0
910.0,1135.0
911.0,1547.0
912.0,1858.0
913.0,1538.0
914.0,1214.0
915.0,1002.0
916.0,995.0
917.0,901.0
918.0,794.0
919.0,944.0
920.0,938.0
921.0,842.0
922.0,925.0
923.0,1113.0
924.0,1156.0
925.0,962.0
926.0,821.0
927.0,990.0
928.0,1293.0
929.0,1265.0
930.0,965.0
931.0,772.0
932.0,810.0
933.0,953.0
934.0,984.0
935.0,952.0
936.0,1077.0
937.0,1072.0
938.0,850.0
939.0,742.0
940.0,634.0
941.0,594.0
942.0,719.0
943.0,865.0
944.0,902.0
945.0,1021.0
946.0,1060.0
947.0,1007.0
948.0,806.0
949.0,676.0
950.0,926.0
951.0,1075.0
952.0,821.0
953.0,664.0
954.0,875.0
955.0,1267.0
956.0,1313.0
957.0,1049.0
958.0,882.0
959.0,969.0
960.0,958.0
961.0,979.0
962.0,901.0
963.0,817.0
964.0,869.0
965.0,699.0
966.0,586.0
967.0,704.0
968.0,750.0
969.0,647.0
970.0,708.0
971.0,765.0
972.0,648.0
973.0,585.0
974.0,720.0
975.0,837.0
976.0,804.0
977.0,829.0
978.0,853.0
979.0,668.0
980.0,729.0
981.0,917.0
982.0,1082.0
983.0,1000.0
984.0,839.0
985.0,907.0
986.0,1039.0
987.0,907.0
988.0,740.0
989.0,694.0
990.0,845.0
991.0,976.0
992.0,1039.0
993.0,745.0
994.0,667.0
995.0,595.0
996.0,541.0
997.0,561.0
998.0,763.0
999.0,977.0
1000.0,874.0
1001.0,814.0
1002.0,853.0
1003.0,732.0
1004.0,671.0
1005.0,709.0
1006.0,824.0
1007.0,739.0
1008.0,767.0
1009.0,822.0
1010.0,804.0
1011.0,898.0
1012.0,968.0
1013.0,1027.0
1014.0,843.0
1015.0,690.0
1016.0,745.0
1017.0,711.0
1018.0,649.0
1019.0,562.0
1020.0,540.0
1021.0,623.0
1022.0,669.0
1023.0,700.0
