0.0,90.0
1.0,168.0
2.0,135.0
3.0,129.0
4.0,110.0
5.0,110.0
6.0,111.0
7.0,120.0
8.0,128.0
9.0,134.0
10.0,169.0
11.0,246.0
12.0,244.0
13.0,169.0
14.0,149.0
15.0,148.0
16.0,136.0
17.0,150.0
18.0,135.0
19.0,155.0
20.0,182.0
21.0,169.0
22.0,129.0
23.0,120.0
24.0,111.0
25.0,148.0
26.0,165.0
27.0,164.0
28.0,155.0
29.0,147.0
30.0,194.0
31.0,230.0
32.0,230.0
33.0,187.0
34.0,166.0
35.0,147.0
36.0,155.0
37.0,174.0
38.0,160.0
39.0,146.0
40.0,141.0
41.0,144.0
42.0,153.0
43.0,154.0
44.0,147.0
45.0,141.0
46.0,155.0
47.0,170.0
48.0,206.0
49.0,188.0
50.0,180.0
51.0,207.0
52.0,242.0
53.0,209.0
54.0,174.0
55.0,174.0
56.0,208.0
57.0,238.0
58.0,266.0
59.0,204.0
60.0,211.0
61.0,264.0
62.0,251.0
63.0,261.0
64.0,271.0
65.0,268.0
66.0,291.0
67.0,273.0
68.0,378.0
69.0,542.0
70.0,538.0
71.0,346.0
72.0,249.0
73.0,249.0
74.0,223.0
75.0,228.0
76.0,254.0
77.0,267.0
78.0,320.0
79.0,272.0
80.0,265.0
81.0,228.0
82.0,251.0
83.0,329.0
84.0,377.0
85.0,332.0
86.0,301.0
87.0,327.0
88.0,305.0
89.0,241.0
90.0,211.0
91.0,243.0
92.0,271.0
93.0,303.0
94.0,352.0
95.0,366.0
96.0,357.0
97.0,315.0
98.0,304.0
99.0,263.0
100.0,248.0
101.0,222.0
102.0,230.0
103.0,255.0
104.0,281.0
105.0,281.0
106.0,287.0
107.0,274.0
108.0,288.0
109.0,253.0
110.0,303.0
111.0,343.0
112.0,358.0
113.0,412.0
114.0,709.0
115.0,1133.0
116.0,996.0
117.0,653.0
118.0,445.0
119.0,344.0
120.0,400.0
121.0,392.0
122.0,353.0
123.0,309.0
124.0,305.0
125.0,365.0
126.0,382.0
127.0,352.0
128.0,372.0
129.0,379.0
130.0,354.0
131.0,420.0
132.0,478.0
133.0,522.0
134.0,394.0
135.0,332.0
136.0,388.0
137.0,422.0
138.0,432.0
139.0,490.0
140.0,617.0
141.0,627.0
142.0,517.0
143.0,415.0
144.0,489.0
145.0,563.0
146.0,505.0
147.0,389.0
148.0,350.0
149.0,392.0
150.0,444.0
151.0,476.0
152.0,496.0
153.0,466.0
154.0,433.0
155.0,415.0
156.0,520.0
157.0,515.0
158.0,422.0
159.0,442.0
160.0,571.0
161.0,588.0
162.0,478.0
163.0,429.0
164.0,472.0
165.0,445.0
166.0,408.0
167.0,410.0
168.0,420.0
169.0,406.0
170.0,408.0
171.0,369.0
172.0,345.0
173.0,321.0
174.0,402.0
175.0,369.0
176.0,383.0
177.0,500.0
178.0,673.0
179.0,737.0
180.0,701.0
181.0,566.0
182.0,452.0
183.0,448.0
184.0,597.0
185.0,726.0
186.0,825.0
187.0,1222.0
188.0,3279.0
189.0,6590.0
190.0,5415.0
191.0,1795.0
192.0,641.0
193.0,540.0
194.0,512.0
195.0,491.0
196.0,455.0
197.0,474.0
198.0,485.0
199.0,554.0
200.0,621.0
201.0,604.0
202.0,641.0
203.0,823.0
204.0,828.0
205.0,744.0
206.0,648.0
207.0,570.0
208.0,564.0
209.0,629.0
210.0,683.0
211.0,720.0
212.0,695.0
213.0,702.0
214.0,823.0
215.0,930.0
216.0,787.0
217.0,696.0
218.0,642.0
219.0,661.0
220.0,849.0
221.0,1049.0
222.0,1414.0
223.0,4774.0
224.0,15685.0
225.0,19831.0
226.0,9991.0
227.0,1744.0
228.0,600.0
229.0,523.0
230.0,553.0
231.0,547.0
232.0,542.0
233.0,576.0
234.0,697.0
235.0,777.0
236.0,776.0
237.0,1063.0
238.0,1194.0
239.0,923.0
240.0,715.0
241.0,748.0
242.0,706.0
243.0,525.0
244.0,529.0
245.0,471.0
246.0,435.0
247.0,470.0
248.0,479.0
249.0,547.0
250.0,639.0
251.0,692.0
252.0,655.0
253.0,553.0
254.0,506.0
255.0,564.0
256.0,678.0
257.0,889.0
258.0,1058.0
259.0,1074.0
260.0,851.0
261.0,564.0
262.0,550.0
263.0,663.0
264.0,709.0
265.0,682.0
266.0,596.0
267.0,602.0
268.0,708.0
269.0,862.0
270.0,896.0
271.0,1112.0
272.0,1003.0
273.0,768.0
274.0,800.0
275.0,941.0
276.0,966.0
277.0,1198.0
278.0,3012.0
279.0,8140.0
280.0,10155.0
281.0,5587.0
282.0,1549.0
283.0,1098.0
284.0,1062.0
285.0,897.0
286.0,870.0
287.0,860.0
288.0,775.0
289.0,651.0
290.0,1021.0
291.0,1850.0
292.0,2004.0
293.0,1650.0
294.0,1759.0
295.0,1792.0
296.0,1327.0
297.0,858.0
298.0,666.0
299.0,645.0
300.0,593.0
301.0,554.0
302.0,624.0
303.0,683.0
304.0,813.0
305.0,820.0
306.0,997.0
307.0,1501.0
308.0,2217.0
309.0,1988.0
310.0,1146.0
311.0,1325.0
312.0,1673.0
313.0,1301.0
314.0,894.0
315.0,717.0
316.0,643.0
317.0,679.0
318.0,756.0
319.0,688.0
320.0,664.0
321.0,674.0
322.0,706.0
323.0,940.0
324.0,1437.0
325.0,1698.0
326.0,1557.0
327.0,1488.0
328.0,1234.0
329.0,778.0
330.0,690.0
331.0,651.0
332.0,749.0
333.0,1132.0
334.0,1463.0
335.0,1201.0
336.0,906.0
337.0,809.0
338.0,766.0
339.0,757.0
340.0,880.0
341.0,1112.0
342.0,1386.0
343.0,1572.0
344.0,1588.0
345.0,1379.0
346.0,1540.0
347.0,1696.0
348.0,1791.0
349.0,1755.0
350.0,1445.0
351.0,1292.0
352.0,1199.0
353.0,1059.0
354.0,877.0
355.0,731.0
356.0,704.0
357.0,829.0
358.0,1007.0
359.0,1092.0
360.0,1088.0
361.0,1397.0
362.0,1864.0
363.0,1887.0
364.0,1566.0
365.0,1345.0
366.0,1280.0
367.0,1264.0
368.0,1035.0
369.0,786.0
370.0,733.0
371.0,837.0
372.0,845.0
373.0,798.0
374.0,875.0
375.0,1303.0
376.0,1563.0
377.0,1377.0
378.0,1135.0
379.0,880.0
380.0,870.0
381.0,913.0
382.0,883.0
383.0,933.0
384.0,980.0
385.0,1006.0
386.0,1357.0
387.0,1651.0
388.0,1314.0
389.0,1014.0
390.0,1115.0
391.0,2572.0
392.0,10024.0
393.0,19563.0
394.0,15574.0
395.0,4942.0
396.0,1686.0
397.0,1065.0
398.0,895.0
399.0,1257.0
400.0,1677.0
401.0,1448.0
402.0,926.0
403.0,780.0
404.0,910.0
405.0,1218.0
406.0,1666.0
407.0,1969.0
408.0,1990.0
409.0,1950.0
410.0,2219.0
411.0,3218.0
412.0,7496.0
413.0,10944.0
414.0,6896.0
415.0,2631.0
416.0,2033.0
417.0,1847.0
418.0,1873.0
419.0,5273.0
420.0,12992.0
421.0,13259.0
422.0,5170.0
423.0,1684.0
424.0,2144.0
425.0,2122.0
426.0,1597.0
427.0,1515.0
428.0,1479.0
429.0,1406.0
430.0,1423.0
431.0,1380.0
432.0,1172.0
433.0,973.0
434.0,954.0
435.0,1175.0
436.0,1559.0
437.0,1844.0
438.0,1532.0
439.0,1189.0
440.0,1407.0
441.0,1812.0
442.0,1800.0
443.0,1372.0
444.0,1154.0
445.0,1086.0
446.0,1003.0
447.0,973.0
448.0,1118.0
449.0,1754.0
450.0,2212.0
451.0,2089.0
452.0,1519.0
453.0,1158.0
454.0,1360.0
455.0,2098.0
456.0,2426.0
457.0,1759.0
458.0,1336.0
459.0,1516.0
460.0,1833.0
461.0,1722.0
462.0,1352.0
463.0,998.0
464.0,808.0
465.0,871.0
466.0,1080.0
467.0,1334.0
468.0,1511.0
469.0,2009.0
470.0,2619.0
471.0,2476.0
472.0,1730.0
473.0,1459.0
474.0,1520.0
475.0,1833.0
476.0,2001.0
477.0,2019.0
478.0,2230.0
479.0,1983.0
480.0,1350.0
481.0,1116.0
482.0,1299.0
483.0,1414.0
484.0,1760.0
485.0,2747.0
486.0,3095.0
487.0,2215.0
488.0,1503.0
489.0,1465.0
490.0,1552.0
491.0,1514.0
492.0,1321.0
493.0,1184.0
494.0,1173.0
495.0,1387.0
496.0,2343.0
497.0,2843.0
498.0,2559.0
499.0,2439.0
500.0,2009.0
501.0,1817.0
502.0,1798.0
503.0,1690.0
504.0,1930.0
505.0,2642.0
506.0,2919.0
507.0,2727.0
508.0,4049.0
509.0,8081.0
510.0,10067.0
511.0,7955.0
512.0,5629.0
513.0,5546.0
514.0,7841.0
515.0,6730.0
516.0,3956.0
517.0,3157.0
518.0,2901.0
519.0,5339.0
520.0,6680.0
521.0,4188.0
522.0,1964.0
523.0,1623.0
524.0,2662.0
525.0,3945.0
526.0,5220.0
527.0,8913.0
528.0,9928.0
529.0,7784.0
530.0,5012.0
531.0,3009.0
532.0,2354.0
533.0,2874.0
534.0,5437.0
535.0,7977.0
536.0,8880.0
537.0,9065.0
538.0,6923.0
539.0,5291.0
540.0,4507.0
541.0,4693.0
542.0,7534.0
543.0,8882.0
544.0,5089.0
545.0,2222.0
546.0,2507.0
547.0,4918.0
548.0,8526.0
549.0,7384.0
550.0,3258.0
551.0,3015.0
552.0,7369.0
553.0,10290.0
554.0,7342.0
555.0,4103.0
556.0,2851.0
557.0,2023.0
558.0,1632.0
559.0,1738.0
560.0,2782.0
561.0,6724.0
562.0,8590.0
563.0,6388.0
564.0,9295.0
565.0,11119.0
566.0,6206.0
567.0,3387.0
568.0,3967.0
569.0,3508.0
570.0,2176.0
571.0,1756.0
572.0,1790.0
573.0,2087.0
574.0,2539.0
575.0,3094.0
576.0,5685.0
577.0,12030.0
578.0,16373.0
579.0,12559.0
580.0,4991.0
581.0,1921.0
582.0,2140.0
583.0,3676.0
584.0,6555.0
585.0,9120.0
586.0,7723.0
587.0,4113.0
588.0,2442.0
589.0,2213.0
590.0,2167.0
591.0,1915.0
592.0,2450.0
593.0,7660.0
594.0,19679.0
595.0,19095.0
596.0,7302.0
597.0,2305.0
598.0,1819.0
599.0,1850.0
600.0,1895.0
601.0,2302.0
602.0,4216.0
603.0,6437.0
604.0,5076.0
605.0,2827.0
606.0,2416.0
607.0,2161.0
608.0,1908.0
609.0,2152.0
610.0,2911.0
611.0,7868.0
612.0,14711.0
613.0,14735.0
614.0,11573.0
615.0,6663.0
616.0,2780.0
617.0,1596.0
618.0,1353.0
619.0,1494.0
620.0,1526.0
621.0,2070.0
622.0,4294.0
623.0,7258.0
624.0,6144.0
625.0,3277.0
626.0,2246.0
627.0,2089.0
628.0,2517.0
629.0,2643.0
630.0,4140.0
631.0,11608.0
632.0,14788.0
633.0,8246.0
634.0,6550.0
635.0,8563.0
636.0,5130.0
637.0,2566.0
638.0,2482.0
639.0,2287.0
640.0,2648.0
641.0,2983.0
642.0,2874.0
643.0,2841.0
644.0,4427.0
645.0,7437.0
646.0,6135.0
647.0,3969.0
648.0,3348.0
649.0,2490.0
650.0,2410.0
651.0,2823.0
652.0,6504.0
653.0,14118.0
654.0,12385.0
655.0,4455.0
656.0,2346.0
657.0,5016.0
658.0,8527.0
659.0,6701.0
660.0,3250.0
661.0,3403.0
662.0,3487.0
663.0,2557.0
664.0,1901.0
665.0,2191.0
666.0,3015.0
667.0,3268.0
668.0,5474.0
669.0,10037.0
670.0,9010.0
671.0,4308.0
672.0,2216.0
673.0,2202.0
674.0,2198.0
675.0,3276.0
676.0,10198.0
677.0,14469.0
678.0,8695.0
679.0,3589.0
680.0,2553.0
681.0,2406.0
682.0,4691.0
683.0,7812.0
684.0,6353.0
685.0,2798.0
686.0,1907.0
687.0,1511.0
688.0,1361.0
689.0,1557.0
690.0,2282.0
691.0,4327.0
692.0,9300.0
693.0,14799.0
694.0,14850.0
695.0,10588.0
696.0,6034.0
697.0,4277.0
698.0,4602.0
699.0,4412.0
700.0,4118.0
701.0,7563.0
702.0,13628.0
703.0,10895.0
704.0,4728.0
705.0,3022.0
706.0,2739.0
707.0,3244.0
708.0,3366.0
709.0,4768.0
710.0,7382.0
711.0,5632.0
712.0,2153.0
713.0,1464.0
714.0,2506.0
715.0,8525.0
716.0,22926.0
717.0,27346.0
718.0,14404.0
719.0,4074.0
720.0,2077.0
721.0,3114.0
722.0,6489.0
723.0,7463.0
724.0,4617.0
725.0,3171.0
726.0,3339.0
727.0,3242.0
728.0,6077.0
729.0,13258.0
730.0,12047.0
731.0,5720.0
732.0,3407.0
733.0,2420.0
734.0,2746.0
735.0,3033.0
736.0,2427.0
737.0,2263.0
738.0,4268.0
739.0,6326.0
740.0,4135.0
741.0,1836.0
742.0,1487.0
743.0,1429.0
744.0,1619.0
745.0,1710.0
746.0,1937.0
747.0,1980.0
748.0,2337.0
749.0,3447.0
750.0,4177.0
751.0,6249.0
752.0,8244.0
753.0,5568.0
754.0,3108.0
755.0,3404.0
756.0,3857.0
757.0,6975.0
758.0,13829.0
759.0,13319.0
760.0,5774.0
761.0,2475.0
762.0,2421.0
763.0,2620.0
764.0,1882.0
765.0,1451.0
766.0,1989.0
767.0,2362.0
768.0,3148.0
769.0,5500.0
770.0,5667.0
771.0,3002.0
772.0,1963.0
773.0,1759.0
774.0,1701.0
775.0,1658.0
776.0,1516.0
777.0,1709.0
778.0,2390.0
779.0,3278.0
780.0,3698.0
781.0,4078.0
782.0,5665.0
783.0,8005.0
784.0,6291.0
785.0,2666.0
786.0,1602.0
787.0,1856.0
788.0,5155.0
789.0,11175.0
790.0,9900.0
791.0,3964.0
792.0,2820.0
793.0,3132.0
794.0,2932.0
795.0,2388.0
796.0,1558.0
797.0,1736.0
798.0,2586.0
799.0,2496.0
800.0,2480.0
801.0,4342.0
802.0,5998.0
803.0,4741.0
804.0,3264.0
805.0,2710.0
806.0,2943.0
807.0,3363.0
808.0,2968.0
809.0,2435.0
810.0,2011.0
811.0,1543.0
812.0,1501.0
813.0,1649.0
814.0,1885.0
815.0,3397.0
816.0,6036.0
817.0,5770.0
818.0,4041.0
819.0,4260.0
820.0,4952.0
821.0,8061.0
822.0,10915.0
823.0,6748.0
824.0,2134.0
825.0,1519.0
826.0,2005.0
827.0,2833.0
828.0,3282.0
829.0,3046.0
830.0,2526.0
831.0,2130.0
832.0,1792.0
833.0,1996.0
834.0,2799.0
835.0,3745.0
836.0,4827.0
837.0,3838.0
838.0,2356.0
839.0,2151.0
840.0,2427.0
841.0,2402.0
842.0,2253.0
843.0,2265.0
844.0,2342.0
845.0,2852.0
846.0,4045.0
847.0,4180.0
848.0,3172.0
849.0,2632.0
850.0,4107.0
851.0,6096.0
852.0,4418.0
853.0,2075.0
854.0,2380.0
855.0,4861.0
856.0,8803.0
857.0,7117.0
858.0,3014.0
859.0,1998.0
860.0,1810.0
861.0,1666.0
862.0,1434.0
863.0,1171.0
864.0,1445.0
865.0,2239.0
866.0,2924.0
867.0,3175.0
868.0,2967.0
869.0,2634.0
870.0,2781.0
871.0,3378.0
872.0,3899.0
873.0,3007.0
874.0,1770.0
875.0,1708.0
876.0,1854.0
877.0,1711.0
878.0,1537.0
879.0,1694.0
880.0,1891.0
881.0,2196.0
882.0,2180.0
883.0,2147.0
884.0,2394.0
885.0,2328.0
886.0,2946.0
887.0,4834.0
888.0,4812.0
889.0,2700.0
890.0,2213.0
891.0,3775.0
892.0,7556.0
893.0,7276.0
894.0,3811.0
895.0,2546.0
896.0,1925.0
897.0,1590.0
898.0,1845.0
899.0,1910.0
900.0,1991.0
901.0,1899.0
902.0,1632.0
903.0,1386.0
904.0,1212.0
905.0,1232.0
906.0,1176.0
907.0,1257.0
908.0,1981.0
909.0,4717.0
910.0,7233.0
911.0,5295.0
912.0,3025.0
913.0,2464.0
914.0,1566.0
915.0,1400.0
916.0,1570.0
917.0,1366.0
918.0,1427.0
919.0,1819.0
920.0,1925.0
921.0,1867.0
922.0,1541.0
923.0,1357.0
924.0,1476.0
925.0,2678.0
926.0,4144.0
927.0,3430.0
928.0,2598.0
929.0,3753.0
930.0,6342.0
931.0,6367.0
932.0,3605.0
933.0,2262.0
934.0,1817.0
935.0,1529.0
936.0,1584.0
937.0,2004.0
938.0,2370.0
939.0,1890.0
940.0,1211.0
941.0,1194.0
942.0,1387.0
943.0,1297.0
944.0,1026.0
945.0,1076.0
946.0,1346.0
947.0,1475.0
948.0,2106.0
949.0,3151.0
950.0,2808.0
951.0,1638.0
952.0,1414.0
953.0,1691.0
954.0,1727.0
955.0,1440.0
956.0,1237.0
957.0,1144.0
958.0,1128.0
959.0,1265.0
960.0,1426.0
961.0,1272.0
962.0,987.0
963.0,1016.0
964.0,1355.0
965.0,2653.0
966.0,3851.0
967.0,3137.0
968.0,2355.0
969.0,3794.0
970.0,5353.0
971.0,3889.0
972.0,1747.0
973.0,1258.0
974.0,1167.0
975.0,1160.0
976.0,1298.0
977.0,1573.0
978.0,1802.0
979.0,1607.0
980.0,1193.0
981.0,1033.0
982.0,1025.0
983.0,949.0
984.0,733.0
985.0,723.0
986.0,932.0
987.0,1263.0
988.0,1326.0
989.0,1448.0
990.0,2102.0
991.0,2025.0
992.0,1374.0
993.0,1130.0
994.0,1368.0
995.0,1633.0
996.0,1551.0
997.0,1371.0
998.0,1188.0
999.0,1060.0
1000.0,945.0
1001.0,976.0
1002.0,1073.0
1003.0,1031.0
1004.0,973.0
1005.0,1294.0
1006.0,1749.0
1007.0,2562.0
1008.0,2797.0
1009.0,1713.0
1010.0,1957.0
1011.0,3729.0
1012.0,3167.0
1013.0,1583.0
1014.0,1152.0
1015.0,1026.0
1016.0,1001.0
1017.0,1156.0
1018.0,1110.0
1019.0,927.0
1020.0,899.0
1021.0,1016.0
1022.0,920.0
1023.0,974.0
