0.0,29.0
1.0,33.0
2.0,36.0
3.0,48.0
4.0,35.0
5.0,40.0
6.0,37.0
7.0,53.0
8.0,43.0
9.0,42.0
10.0,45.0
11.0,45.0
12.0,58.0
13.0,55.0
14.0,54.0
15.0,49.0
16.0,61.0
17.0,57.0
18.0,60.0
19.0,63.0
20.0,65.0
21.0,68.0
22.0,57.0
23.0,57.0
24.0,53.0
25.0,65.0
26.0,58.0
27.0,57.0
28.0,49.0
29.0,58.0
30.0,62.0
31.0,48.0
32.0,51.0
33.0,44.0
34.0,59.0
35.0,38.0
36.0,66.0
37.0,69.0
38.0,63.0
39.0,52.0
40.0,50.0
41.0,47.0
42.0,57.0
43.0,60.0
44.0,66.0
45.0,63.0
46.0,77.0
47.0,52.0
48.0,51.0
49.0,81.0
50.0,70.0
51.0,69.0
52.0,53.0
53.0,62.0
54.0,77.0
55.0,62.0
56.0,54.0
57.0,66.0
58.0,67.0
59.0,69.0
60.0,88.0
61.0,84.0
62.0,62.0
63.0,75.0
64.0,75.0
65.0,74.0
66.0,62.0
67.0,73.0
68.0,73.0
69.0,87.0
70.0,77.0
71.0,93.0
72.0,77.0
73.0,73.0
74.0,86.0
75.0,91.0
76.0,74.0
77.0,76.0
78.0,88.0
79.0,74.0
80.0,76.0
81.0,80.0
82.0,83.0
83.0,87.0
84.0,74.0
85.0,80.0
86.0,68.0
87.0,86.0
88.0,79.0
89.0,85.0
90.0,71.0
91.0,74.0
92.0,78.0
93.0,78.0
94.0,77.0
95.0,83.0
96.0,90.0
97.0,82.0
98.0,101.0
99.0,85.0
100.0,87.0
101.0,75.0
102.0,67.0
103.0,77.0
104.0,85.0
105.0,85.0
106.0,86.0
107.0,102.0
108.0,103.0
109.0,110.0
110.0,93.0
111.0,149.0
112.0,213.0
113.0,140.0
114.0,100.0
115.0,92.0
116.0,102.0
117.0,81.0
118.0,91.0
119.0,74.0
120.0,82.0
121.0,97.0
122.0,91.0
123.0,83.0
124.0,93.0
125.0,85.0
126.0,93.0
127.0,108.0
128.0,112.0
129.0,105.0
130.0,114.0
131.0,98.0
132.0,96.0
133.0,80.0
134.0,80.0
135.0,87.0
136.0,91.0
137.0,94.0
138.0,104.0
139.0,113.0
140.0,107.0
141.0,88.0
142.0,85.0
143.0,101.0
144.0,96.0
145.0,78.0
146.0,107.0
147.0,94.0
148.0,94.0
149.0,97.0
150.0,107.0
151.0,96.0
152.0,109.0
153.0,109.0
154.0,134.0
155.0,154.0
156.0,104.0
157.0,95.0
158.0,102.0
159.0,121.0
160.0,118.0
161.0,116.0
162.0,96.0
163.0,92.0
164.0,100.0
165.0,94.0
166.0,107.0
167.0,103.0
168.0,97.0
169.0,98.0
170.0,103.0
171.0,103.0
172.0,129.0
173.0,115.0
174.0,110.0
175.0,118.0
176.0,121.0
177.0,91.0
178.0,109.0
179.0,106.0
180.0,104.0
181.0,100.0
182.0,111.0
183.0,102.0
184.0,96.0
185.0,102.0
186.0,96.0
187.0,102.0
188.0,117.0
189.0,124.0
190.0,110.0
191.0,91.0
192.0,102.0
193.0,103.0
194.0,110.0
195.0,107.0
196.0,109.0
197.0,127.0
198.0,125.0
199.0,101.0
200.0,102.0
201.0,122.0
202.0,142.0
203.0,155.0
204.0,130.0
205.0,148.0
206.0,122.0
207.0,111.0
208.0,205.0
209.0,427.0
210.0,499.0
211.0,300.0
212.0,148.0
213.0,163.0
214.0,171.0
215.0,155.0
216.0,148.0
217.0,138.0
218.0,139.0
219.0,121.0
220.0,134.0
221.0,132.0
222.0,126.0
223.0,112.0
224.0,125.0
225.0,144.0
226.0,145.0
227.0,127.0
228.0,124.0
229.0,135.0
230.0,138.0
231.0,155.0
232.0,167.0
233.0,204.0
234.0,199.0
235.0,203.0
236.0,132.0
237.0,128.0
238.0,127.0
239.0,123.0
240.0,135.0
241.0,129.0
242.0,125.0
243.0,114.0
244.0,135.0
245.0,129.0
246.0,111.0
247.0,143.0
248.0,121.0
249.0,148.0
250.0,148.0
251.0,129.0
252.0,130.0
253.0,112.0
254.0,124.0
255.0,107.0
256.0,108.0
257.0,112.0
258.0,123.0
259.0,125.0
260.0,114.0
261.0,129.0
262.0,152.0
263.0,138.0
264.0,136.0
265.0,142.0
266.0,145.0
267.0,185.0
268.0,446.0
269.0,449.0
270.0,316.0
271.0,456.0
272.0,278.0
273.0,362.0
274.0,298.0
275.0,358.0
276.0,207.0
277.0,128.0
278.0,135.0
279.0,120.0
280.0,123.0
281.0,157.0
282.0,151.0
283.0,139.0
284.0,180.0
285.0,162.0
286.0,157.0
287.0,147.0
288.0,156.0
289.0,154.0
290.0,157.0
291.0,133.0
292.0,127.0
293.0,141.0
294.0,120.0
295.0,142.0
296.0,142.0
297.0,149.0
298.0,181.0
299.0,178.0
300.0,176.0
301.0,174.0
302.0,163.0
303.0,142.0
304.0,133.0
305.0,154.0
306.0,165.0
307.0,147.0
308.0,187.0
309.0,169.0
310.0,162.0
311.0,161.0
312.0,123.0
313.0,126.0
314.0,116.0
315.0,111.0
316.0,123.0
317.0,124.0
318.0,149.0
319.0,125.0
320.0,129.0
321.0,141.0
322.0,139.0
323.0,156.0
324.0,140.0
325.0,174.0
326.0,217.0
327.0,198.0
328.0,160.0
329.0,131.0
330.0,175.0
331.0,230.0
332.0,206.0
333.0,153.0
334.0,135.0
335.0,135.0
336.0,153.0
337.0,166.0
338.0,193.0
339.0,164.0
340.0,142.0
341.0,175.0
342.0,172.0
343.0,184.0
344.0,177.0
345.0,170.0
346.0,148.0
347.0,149.0
348.0,156.0
349.0,194.0
350.0,188.0
351.0,165.0
352.0,175.0
353.0,177.0
354.0,254.0
355.0,262.0
356.0,204.0
357.0,173.0
358.0,135.0
359.0,163.0
360.0,161.0
361.0,183.0
362.0,230.0
363.0,191.0
364.0,179.0
365.0,176.0
366.0,178.0
367.0,185.0
368.0,154.0
369.0,193.0
370.0,237.0
371.0,229.0
372.0,208.0
373.0,218.0
374.0,222.0
375.0,208.0
376.0,195.0
377.0,177.0
378.0,176.0
379.0,158.0
380.0,143.0
381.0,153.0
382.0,169.0
383.0,155.0
384.0,168.0
385.0,138.0
386.0,148.0
387.0,152.0
388.0,169.0
389.0,185.0
390.0,236.0
391.0,230.0
392.0,246.0
393.0,254.0
394.0,223.0
395.0,189.0
396.0,154.0
397.0,170.0
398.0,158.0
399.0,165.0
400.0,156.0
401.0,161.0
402.0,170.0
403.0,196.0
404.0,200.0
405.0,215.0
406.0,229.0
407.0,192.0
408.0,176.0
409.0,195.0
410.0,228.0
411.0,247.0
412.0,231.0
413.0,220.0
414.0,220.0
415.0,321.0
416.0,401.0
417.0,491.0
418.0,856.0
419.0,1399.0
420.0,1104.0
421.0,428.0
422.0,296.0
423.0,275.0
424.0,236.0
425.0,193.0
426.0,188.0
427.0,218.0
428.0,225.0
429.0,199.0
430.0,221.0
431.0,267.0
432.0,282.0
433.0,210.0
434.0,190.0
435.0,193.0
436.0,195.0
437.0,202.0
438.0,167.0
439.0,158.0
440.0,190.0
441.0,172.0
442.0,201.0
443.0,235.0
444.0,187.0
445.0,193.0
446.0,214.0
447.0,215.0
448.0,223.0
449.0,227.0
450.0,263.0
451.0,265.0
452.0,251.0
453.0,291.0
454.0,262.0
455.0,253.0
456.0,213.0
457.0,190.0
458.0,168.0
459.0,190.0
460.0,192.0
461.0,191.0
462.0,184.0
463.0,200.0
464.0,197.0
465.0,248.0
466.0,237.0
467.0,192.0
468.0,215.0
469.0,270.0
470.0,327.0
471.0,325.0
472.0,368.0
473.0,344.0
474.0,248.0
475.0,218.0
476.0,173.0
477.0,170.0
478.0,167.0
479.0,189.0
480.0,195.0
481.0,213.0
482.0,213.0
483.0,214.0
484.0,189.0
485.0,199.0
486.0,186.0
487.0,203.0
488.0,229.0
489.0,292.0
490.0,249.0
491.0,273.0
492.0,241.0
493.0,199.0
494.0,224.0
495.0,273.0
496.0,308.0
497.0,319.0
498.0,260.0
499.0,232.0
500.0,225.0
501.0,199.0
502.0,209.0
503.0,220.0
504.0,194.0
505.0,205.0
506.0,220.0
507.0,185.0
508.0,190.0
509.0,149.0
510.0,176.0
511.0,166.0
512.0,156.0
513.0,170.0
514.0,195.0
515.0,202.0
516.0,248.0
517.0,258.0
518.0,234.0
519.0,218.0
520.0,280.0
521.0,317.0
522.0,236.0
523.0,230.0
524.0,363.0
525.0,429.0
526.0,454.0
527.0,1140.0
528.0,4033.0
529.0,6134.0
530.0,3250.0
531.0,710.0
532.0,347.0
533.0,297.0
534.0,265.0
535.0,261.0
536.0,215.0
537.0,202.0
538.0,221.0
539.0,217.0
540.0,247.0
541.0,221.0
542.0,203.0
543.0,194.0
544.0,223.0
545.0,236.0
546.0,266.0
547.0,312.0
548.0,285.0
549.0,202.0
550.0,197.0
551.0,259.0
552.0,345.0
553.0,300.0
554.0,263.0
555.0,323.0
556.0,302.0
557.0,212.0
558.0,183.0
559.0,190.0
560.0,216.0
561.0,244.0
562.0,268.0
563.0,243.0
564.0,202.0
565.0,230.0
566.0,266.0
567.0,220.0
568.0,185.0
569.0,201.0
570.0,255.0
571.0,239.0
572.0,201.0
573.0,186.0
574.0,171.0
575.0,188.0
576.0,190.0
577.0,196.0
578.0,197.0
579.0,217.0
580.0,201.0
581.0,197.0
582.0,191.0
583.0,223.0
584.0,286.0
585.0,295.0
586.0,267.0
587.0,353.0
588.0,407.0
589.0,419.0
590.0,320.0
591.0,220.0
592.0,209.0
593.0,244.0
594.0,309.0
595.0,248.0
596.0,262.0
597.0,286.0
598.0,248.0
599.0,196.0
600.0,192.0
601.0,220.0
602.0,263.0
603.0,336.0
604.0,290.0
605.0,295.0
606.0,488.0
607.0,1349.0
608.0,1668.0
609.0,737.0
610.0,313.0
611.0,255.0
612.0,233.0
613.0,225.0
614.0,270.0
615.0,241.0
616.0,214.0
617.0,216.0
618.0,351.0
619.0,374.0
620.0,279.0
621.0,252.0
622.0,223.0
623.0,208.0
624.0,275.0
625.0,439.0
626.0,444.0
627.0,304.0
628.0,236.0
629.0,237.0
630.0,208.0
631.0,225.0
632.0,223.0
633.0,231.0
634.0,226.0
635.0,239.0
636.0,281.0
637.0,226.0
638.0,204.0
639.0,265.0
640.0,341.0
641.0,337.0
642.0,289.0
643.0,202.0
644.0,222.0
645.0,254.0
646.0,282.0
647.0,288.0
648.0,262.0
649.0,254.0
650.0,294.0
651.0,269.0
652.0,239.0
653.0,215.0
654.0,187.0
655.0,239.0
656.0,303.0
657.0,320.0
658.0,274.0
659.0,267.0
660.0,376.0
661.0,519.0
662.0,373.0
663.0,241.0
664.0,258.0
665.0,371.0
666.0,383.0
667.0,312.0
668.0,233.0
669.0,213.0
670.0,235.0
671.0,244.0
672.0,188.0
673.0,196.0
674.0,277.0
675.0,358.0
676.0,344.0
677.0,323.0
678.0,321.0
679.0,253.0
680.0,246.0
681.0,234.0
682.0,226.0
683.0,231.0
684.0,229.0
685.0,205.0
686.0,211.0
687.0,220.0
688.0,202.0
689.0,213.0
690.0,228.0
691.0,289.0
692.0,303.0
693.0,302.0
694.0,356.0
695.0,326.0
696.0,282.0
697.0,230.0
698.0,221.0
699.0,263.0
700.0,282.0
701.0,294.0
702.0,270.0
703.0,264.0
704.0,267.0
705.0,355.0
706.0,1016.0
707.0,3517.0
708.0,4036.0
709.0,1387.0
710.0,296.0
711.0,271.0
712.0,254.0
713.0,244.0
714.0,288.0
715.0,302.0
716.0,255.0
717.0,252.0
718.0,232.0
719.0,220.0
720.0,230.0
721.0,316.0
722.0,305.0
723.0,231.0
724.0,247.0
725.0,252.0
726.0,238.0
727.0,222.0
728.0,246.0
729.0,266.0
730.0,233.0
731.0,215.0
732.0,189.0
733.0,205.0
734.0,238.0
735.0,268.0
736.0,265.0
737.0,253.0
738.0,281.0
739.0,341.0
740.0,347.0
741.0,321.0
742.0,329.0
743.0,750.0
744.0,3008.0
745.0,4313.0
746.0,1837.0
747.0,445.0
748.0,360.0
749.0,272.0
750.0,215.0
751.0,213.0
752.0,337.0
753.0,499.0
754.0,347.0
755.0,216.0
756.0,205.0
757.0,240.0
758.0,282.0
759.0,299.0
760.0,250.0
761.0,266.0
762.0,266.0
763.0,303.0
764.0,248.0
765.0,213.0
766.0,257.0
767.0,256.0
768.0,247.0
769.0,228.0
770.0,184.0
771.0,223.0
772.0,241.0
773.0,290.0
774.0,298.0
775.0,276.0
776.0,334.0
777.0,323.0
778.0,268.0
779.0,232.0
780.0,208.0
781.0,212.0
782.0,213.0
783.0,213.0
784.0,285.0
785.0,346.0
786.0,275.0
787.0,210.0
788.0,215.0
789.0,238.0
790.0,251.0
791.0,218.0
792.0,225.0
793.0,289.0
794.0,285.0
795.0,276.0
796.0,322.0
797.0,276.0
798.0,256.0
799.0,226.0
800.0,172.0
801.0,181.0
802.0,269.0
803.0,304.0
804.0,296.0
805.0,280.0
806.0,334.0
807.0,357.0
808.0,276.0
809.0,277.0
810.0,317.0
811.0,229.0
812.0,209.0
813.0,193.0
814.0,158.0
815.0,160.0
816.0,174.0
817.0,230.0
818.0,311.0
819.0,294.0
820.0,272.0
821.0,253.0
822.0,259.0
823.0,249.0
824.0,251.0
825.0,230.0
826.0,231.0
827.0,364.0
828.0,350.0
829.0,254.0
830.0,218.0
831.0,200.0
832.0,259.0
833.0,234.0
834.0,270.0
835.0,337.0
836.0,294.0
837.0,236.0
838.0,233.0
839.0,264.0
840.0,301.0
841.0,262.0
842.0,284.0
843.0,304.0
844.0,237.0
845.0,223.0
846.0,281.0
847.0,255.0
848.0,241.0
849.0,349.0
850.0,376.0
851.0,270.0
852.0,203.0
853.0,215.0
854.0,235.0
855.0,267.0
856.0,227.0
857.0,201.0
858.0,198.0
859.0,176.0
860.0,196.0
861.0,217.0
862.0,236.0
863.0,288.0
864.0,339.0
865.0,276.0
866.0,315.0
867.0,328.0
868.0,302.0
869.0,309.0
870.0,302.0
871.0,265.0
872.0,224.0
873.0,188.0
874.0,210.0
875.0,212.0
876.0,183.0
877.0,227.0
878.0,270.0
879.0,227.0
880.0,230.0
881.0,197.0
882.0,210.0
883.0,204.0
884.0,212.0
885.0,228.0
886.0,229.0
887.0,238.0
888.0,258.0
889.0,215.0
890.0,269.0
891.0,275.0
892.0,240.0
893.0,214.0
894.0,211.0
895.0,197.0
896.0,225.0
897.0,262.0
898.0,315.0
899.0,266.0
900.0,230.0
901.0,236.0
902.0,318.0
903.0,425.0
904.0,442.0
905.0,375.0
906.0,307.0
907.0,300.0
908.0,281.0
909.0,255.0
910.0,234.0
911.0,292.0
912.0,268.0
913.0,190.0
914.0,167.0
915.0,212.0
916.0,217.0
917.0,237.0
918.0,230.0
919.0,238.0
920.0,238.0
921.0,233.0
922.0,209.0
923.0,261.0
924.0,292.0
925.0,254.0
926.0,209.0
927.0,186.0
928.0,238.0
929.0,349.0
930.0,325.0
931.0,247.0
932.0,226.0
933.0,205.0
934.0,219.0
935.0,221.0
936.0,221.0
937.0,215.0
938.0,218.0
939.0,273.0
940.0,300.0
941.0,290.0
942.0,255.0
943.0,292.0
944.0,327.0
945.0,310.0
946.0,302.0
947.0,248.0
948.0,194.0
949.0,211.0
950.0,222.0
951.0,213.0
952.0,221.0
953.0,239.0
954.0,226.0
955.0,178.0
956.0,177.0
957.0,199.0
958.0,277.0
959.0,294.0
960.0,213.0
961.0,194.0
962.0,188.0
963.0,209.0
964.0,228.0
965.0,294.0
966.0,309.0
967.0,279.0
968.0,270.0
969.0,232.0
970.0,249.0
971.0,333.0
972.0,321.0
973.0,277.0
974.0,258.0
975.0,265.0
976.0,236.0
977.0,235.0
978.0,273.0
979.0,245.0
980.0,246.0
981.0,249.0
982.0,300.0
983.0,317.0
984.0,301.0
985.0,276.0
986.0,223.0
987.0,198.0
988.0,215.0
989.0,213.0
990.0,246.0
991.0,255.0
992.0,234.0
993.0,212.0
994.0,205.0
995.0,171.0
996.0,169.0
997.0,173.0
998.0,232.0
999.0,279.0
1000.0,242.0
1001.0,266.0
1002.0,321.0
1003.0,294.0
1004.0,278.0
1005.0,259.0
1006.0,263.0
1007.0,270.0
1008.0,275.0
1009.0,237.0
1010.0,179.0
1011.0,205.0
1012.0,227.0
1013.0,220.0
1014.0,247.0
1015.0,233.0
1016.0,283.0
1017.0,298.0
1018.0,239.0
1019.0,204.0
1020.0,189.0
1021.0,211.0
1022.0,249.0
1023.0,254.0
