0.0,87.0
1.0,111.0
2.0,101.0
3.0,132.0
4.0,163.0
5.0,153.0
6.0,137.0
7.0,117.0
8.0,112.0
9.0,113.0
10.0,143.0
11.0,150.0
12.0,139.0
13.0,162.0
14.0,161.0
15.0,135.0
16.0,116.0
17.0,96.0
18.0,107.0
19.0,112.0
20.0,130.0
21.0,149.0
22.0,158.0
23.0,170.0
24.0,176.0
25.0,150.0
26.0,138.0
27.0,133.0
28.0,159.0
29.0,184.0
30.0,178.0
31.0,137.0
32.0,137.0
33.0,191.0
34.0,224.0
35.0,222.0
36.0,175.0
37.0,168.0
38.0,184.0
39.0,194.0
40.0,197.0
41.0,201.0
42.0,182.0
43.0,183.0
44.0,181.0
45.0,121.0
46.0,126.0
47.0,168.0
48.0,168.0
49.0,142.0
50.0,144.0
51.0,172.0
52.0,161.0
53.0,157.0
54.0,149.0
55.0,181.0
56.0,193.0
57.0,198.0
58.0,214.0
59.0,208.0
60.0,189.0
61.0,203.0
62.0,244.0
63.0,311.0
64.0,284.0
65.0,230.0
66.0,231.0
67.0,286.0
68.0,281.0
69.0,250.0
70.0,205.0
71.0,214.0
72.0,235.0
73.0,290.0
74.0,307.0
75.0,240.0
76.0,205.0
77.0,197.0
78.0,181.0
79.0,187.0
80.0,207.0
81.0,255.0
82.0,319.0
83.0,321.0
84.0,234.0
85.0,264.0
86.0,269.0
87.0,218.0
88.0,219.0
89.0,261.0
90.0,299.0
91.0,277.0
92.0,281.0
93.0,282.0
94.0,297.0
95.0,319.0
96.0,362.0
97.0,392.0
98.0,363.0
99.0,276.0
100.0,273.0
101.0,326.0
102.0,305.0
103.0,280.0
104.0,242.0
105.0,234.0
106.0,262.0
107.0,276.0
108.0,298.0
109.0,329.0
110.0,325.0
111.0,268.0
112.0,194.0
113.0,216.0
114.0,259.0
115.0,298.0
116.0,304.0
117.0,279.0
118.0,257.0
119.0,277.0
120.0,348.0
121.0,466.0
122.0,434.0
123.0,313.0
124.0,262.0
125.0,286.0
126.0,423.0
127.0,579.0
128.0,551.0
129.0,409.0
130.0,377.0
131.0,477.0
132.0,540.0
133.0,529.0
134.0,396.0
135.0,293.0
136.0,289.0
137.0,293.0
138.0,247.0
139.0,301.0
140.0,341.0
141.0,387.0
142.0,417.0
143.0,384.0
144.0,430.0
145.0,865.0
146.0,2071.0
147.0,2045.0
148.0,980.0
149.0,1173.0
150.0,3780.0
151.0,4881.0
152.0,2218.0
153.0,610.0
154.0,430.0
155.0,420.0
156.0,422.0
157.0,395.0
158.0,414.0
159.0,368.0
160.0,400.0
161.0,403.0
162.0,459.0
163.0,585.0
164.0,699.0
165.0,609.0
166.0,493.0
167.0,435.0
168.0,385.0
169.0,415.0
170.0,471.0
171.0,513.0
172.0,450.0
173.0,358.0
174.0,402.0
175.0,590.0
176.0,587.0
177.0,496.0
178.0,463.0
179.0,580.0
180.0,700.0
181.0,666.0
182.0,462.0
183.0,425.0
184.0,560.0
185.0,699.0
186.0,654.0
187.0,547.0
188.0,527.0
189.0,515.0
190.0,611.0
191.0,656.0
192.0,558.0
193.0,452.0
194.0,420.0
195.0,615.0
196.0,1582.0
197.0,2075.0
198.0,1202.0
199.0,832.0
200.0,745.0
201.0,608.0
202.0,538.0
203.0,506.0
204.0,461.0
205.0,443.0
206.0,540.0
207.0,649.0
208.0,634.0
209.0,772.0
210.0,1019.0
211.0,991.0
212.0,784.0
213.0,601.0
214.0,484.0
215.0,464.0
216.0,511.0
217.0,514.0
218.0,523.0
219.0,467.0
220.0,623.0
221.0,850.0
222.0,830.0
223.0,765.0
224.0,758.0
225.0,861.0
226.0,821.0
227.0,658.0
228.0,633.0
229.0,760.0
230.0,721.0
231.0,544.0
232.0,527.0
233.0,590.0
234.0,650.0
235.0,639.0
236.0,586.0
237.0,653.0
238.0,797.0
239.0,829.0
240.0,762.0
241.0,646.0
242.0,624.0
243.0,691.0
244.0,649.0
245.0,485.0
246.0,473.0
247.0,512.0
248.0,549.0
249.0,659.0
250.0,690.0
251.0,662.0
252.0,773.0
253.0,754.0
254.0,1020.0
255.0,2584.0
256.0,3039.0
257.0,1529.0
258.0,739.0
259.0,836.0
260.0,1015.0
261.0,866.0
262.0,874.0
263.0,928.0
264.0,727.0
265.0,635.0
266.0,693.0
267.0,832.0
268.0,989.0
269.0,983.0
270.0,849.0
271.0,873.0
272.0,890.0
273.0,701.0
274.0,706.0
275.0,716.0
276.0,733.0
277.0,769.0
278.0,740.0
279.0,686.0
280.0,782.0
281.0,931.0
282.0,953.0
283.0,797.0
284.0,764.0
285.0,928.0
286.0,1076.0
287.0,1002.0
288.0,774.0
289.0,725.0
290.0,678.0
291.0,695.0
292.0,796.0
293.0,788.0
294.0,830.0
295.0,898.0
296.0,852.0
297.0,836.0
298.0,991.0
299.0,1154.0
300.0,999.0
301.0,776.0
302.0,759.0
303.0,739.0
304.0,931.0
305.0,1107.0
306.0,949.0
307.0,819.0
308.0,1111.0
309.0,1092.0
310.0,873.0
311.0,871.0
312.0,740.0
313.0,687.0
314.0,816.0
315.0,845.0
316.0,797.0
317.0,995.0
318.0,873.0
319.0,719.0
320.0,701.0
321.0,706.0
322.0,796.0
323.0,981.0
324.0,1028.0
325.0,821.0
326.0,722.0
327.0,821.0
328.0,969.0
329.0,937.0
330.0,756.0
331.0,703.0
332.0,756.0
333.0,851.0
334.0,977.0
335.0,980.0
336.0,897.0
337.0,974.0
338.0,1113.0
339.0,1238.0
340.0,1338.0
341.0,1914.0
342.0,7200.0
343.0,13171.0
344.0,8712.0
345.0,2300.0
346.0,1237.0
347.0,1202.0
348.0,1058.0
349.0,867.0
350.0,781.0
351.0,852.0
352.0,983.0
353.0,1070.0
354.0,1005.0
355.0,973.0
356.0,1152.0
357.0,1230.0
358.0,954.0
359.0,806.0
360.0,882.0
361.0,834.0
362.0,814.0
363.0,1065.0
364.0,1292.0
365.0,1100.0
366.0,1146.0
367.0,1519.0
368.0,1631.0
369.0,1430.0
370.0,1498.0
371.0,1608.0
372.0,1803.0
373.0,2092.0
374.0,2554.0
375.0,2893.0
376.0,7485.0
377.0,44965.0
378.0,71798.0
379.0,94144.0
380.0,96673.0
381.0,131368.0
382.0,133141.0
383.0,150010.0
384.0,148734.0
385.0,132447.0
386.0,130723.0
387.0,116382.0
388.0,101142.0
389.0,92151.0
390.0,84001.0
391.0,53254.0
392.0,34432.0
393.0,8070.0
394.0,1402.0
395.0,1267.0
396.0,1137.0
397.0,1549.0
398.0,2675.0
399.0,4775.0
400.0,4630.0
401.0,2115.0
402.0,1343.0
403.0,1310.0
404.0,1196.0
405.0,1088.0
406.0,1022.0
407.0,986.0
408.0,1107.0
409.0,1669.0
410.0,2023.0
411.0,1768.0
412.0,1639.0
413.0,1303.0
414.0,954.0
415.0,1010.0
416.0,1097.0
417.0,1017.0
418.0,917.0
419.0,936.0
420.0,1125.0
421.0,1397.0
422.0,1332.0
423.0,1103.0
424.0,1052.0
425.0,1091.0
426.0,1090.0
427.0,1135.0
428.0,1222.0
429.0,1448.0
430.0,1537.0
431.0,1158.0
432.0,1152.0
433.0,1605.0
434.0,2254.0
435.0,9345.0
436.0,41492.0
437.0,51915.0
438.0,20131.0
439.0,3516.0
440.0,1689.0
441.0,1453.0
442.0,1435.0
443.0,1280.0
444.0,1121.0
445.0,983.0
446.0,1196.0
447.0,1432.0
448.0,1200.0
449.0,1549.0
450.0,1839.0
451.0,1376.0
452.0,1069.0
453.0,1016.0
454.0,1130.0
455.0,1185.0
456.0,1159.0
457.0,1161.0
458.0,2049.0
459.0,3880.0
460.0,3306.0
461.0,1384.0
462.0,1127.0
463.0,1486.0
464.0,2091.0
465.0,2085.0
466.0,1472.0
467.0,1315.0
468.0,1250.0
469.0,1151.0
470.0,1085.0
471.0,1317.0
472.0,1494.0
473.0,1436.0
474.0,1186.0
475.0,1159.0
476.0,1622.0
477.0,1526.0
478.0,1120.0
479.0,1043.0
480.0,853.0
481.0,845.0
482.0,1035.0
483.0,1332.0
484.0,1520.0
485.0,1207.0
486.0,882.0
487.0,878.0
488.0,790.0
489.0,809.0
490.0,1329.0
491.0,2002.0
492.0,1615.0
493.0,1207.0
494.0,1019.0
495.0,910.0
496.0,1015.0
497.0,1226.0
498.0,1753.0
499.0,2079.0
500.0,1618.0
501.0,1040.0
502.0,1206.0
503.0,1276.0
504.0,943.0
505.0,736.0
506.0,748.0
507.0,777.0
508.0,696.0
509.0,780.0
510.0,1020.0
511.0,1283.0
512.0,1562.0
513.0,1762.0
514.0,1955.0
515.0,1729.0
516.0,1546.0
517.0,1833.0
518.0,1752.0
519.0,4250.0
520.0,16378.0
521.0,20382.0
522.0,7549.0
523.0,1303.0
524.0,984.0
525.0,1154.0
526.0,1040.0
527.0,1155.0
528.0,1343.0
529.0,1241.0
530.0,1460.0
531.0,3344.0
532.0,3872.0
533.0,1957.0
534.0,1347.0
535.0,1174.0
536.0,1001.0
537.0,1107.0
538.0,1204.0
539.0,1423.0
540.0,1573.0
541.0,1760.0
542.0,2141.0
543.0,2352.0
544.0,2641.0
545.0,2460.0
546.0,1876.0
547.0,1238.0
548.0,1184.0
549.0,1181.0
550.0,1262.0
551.0,1289.0
552.0,1034.0
553.0,954.0
554.0,1004.0
555.0,1529.0
556.0,1817.0
557.0,1223.0
558.0,1012.0
559.0,1275.0
560.0,1447.0
561.0,1952.0
562.0,2395.0
563.0,1634.0
564.0,1145.0
565.0,1363.0
566.0,1632.0
567.0,1598.0
568.0,1172.0
569.0,803.0
570.0,796.0
571.0,1143.0
572.0,1183.0
573.0,786.0
574.0,676.0
575.0,886.0
576.0,1135.0
577.0,1161.0
578.0,1195.0
579.0,1137.0
580.0,953.0
581.0,1020.0
582.0,1078.0
583.0,1186.0
584.0,1280.0
585.0,1184.0
586.0,1497.0
587.0,1646.0
588.0,1309.0
589.0,1872.0
590.0,3119.0
591.0,2649.0
592.0,1417.0
593.0,1454.0
594.0,1370.0
595.0,915.0
596.0,842.0
597.0,902.0
598.0,970.0
599.0,798.0
600.0,695.0
601.0,807.0
602.0,836.0
603.0,815.0
604.0,912.0
605.0,1068.0
606.0,1714.0
607.0,2106.0
608.0,1893.0
609.0,1804.0
610.0,1488.0
611.0,947.0
612.0,771.0
613.0,939.0
614.0,1333.0
615.0,1528.0
616.0,1339.0
617.0,1333.0
618.0,1260.0
619.0,1044.0
620.0,1033.0
621.0,972.0
622.0,788.0
623.0,877.0
624.0,964.0
625.0,883.0
626.0,952.0
627.0,943.0
628.0,824.0
629.0,1159.0
630.0,1885.0
631.0,2393.0
632.0,2301.0
633.0,1828.0
634.0,1388.0
635.0,1403.0
636.0,2090.0
637.0,2083.0
638.0,1475.0
639.0,1035.0
640.0,846.0
641.0,1032.0
642.0,1115.0
643.0,1227.0
644.0,1456.0
645.0,1529.0
646.0,1488.0
647.0,1367.0
648.0,1459.0
649.0,2250.0
650.0,2338.0
651.0,1527.0
652.0,965.0
653.0,1035.0
654.0,1152.0
655.0,1061.0
656.0,873.0
657.0,689.0
658.0,749.0
659.0,1141.0
660.0,1638.0
661.0,1656.0
662.0,1260.0
663.0,953.0
664.0,965.0
665.0,968.0
666.0,983.0
667.0,1138.0
668.0,1065.0
669.0,955.0
670.0,1299.0
671.0,1993.0
672.0,2160.0
673.0,2109.0
674.0,1960.0
675.0,1465.0
676.0,1005.0
677.0,869.0
678.0,1043.0
679.0,1820.0
680.0,2290.0
681.0,1626.0
682.0,1170.0
683.0,1326.0
684.0,4994.0
685.0,17581.0
686.0,18133.0
687.0,5018.0
688.0,1972.0
689.0,2427.0
690.0,2251.0
691.0,1608.0
692.0,1288.0
693.0,1163.0
694.0,1348.0
695.0,1570.0
696.0,1407.0
697.0,1345.0
698.0,1276.0
699.0,1163.0
700.0,1182.0
701.0,1432.0
702.0,2127.0
703.0,9625.0
704.0,26070.0
705.0,21678.0
706.0,4507.0
707.0,1798.0
708.0,2061.0
709.0,1354.0
710.0,1009.0
711.0,1410.0
712.0,1488.0
713.0,1341.0
714.0,1522.0
715.0,1627.0
716.0,1460.0
717.0,1018.0
718.0,889.0
719.0,1167.0
720.0,1767.0
721.0,2456.0
722.0,1974.0
723.0,1667.0
724.0,1804.0
725.0,1379.0
726.0,1196.0
727.0,1687.0
728.0,1728.0
729.0,1464.0
730.0,1566.0
731.0,1395.0
732.0,1065.0
733.0,1047.0
734.0,1061.0
735.0,1139.0
736.0,1304.0
737.0,1533.0
738.0,1696.0
739.0,1474.0
740.0,1134.0
741.0,1452.0
742.0,1990.0
743.0,2158.0
744.0,1668.0
745.0,1184.0
746.0,1078.0
747.0,1331.0
748.0,1511.0
749.0,1483.0
750.0,1262.0
751.0,1270.0
752.0,1099.0
753.0,1033.0
754.0,1334.0
755.0,1589.0
756.0,1500.0
757.0,1660.0
758.0,1765.0
759.0,1978.0
760.0,2353.0
761.0,2020.0
762.0,1972.0
763.0,2177.0
764.0,1703.0
765.0,1497.0
766.0,1858.0
767.0,1636.0
768.0,1254.0
769.0,1092.0
770.0,1016.0
771.0,1106.0
772.0,1528.0
773.0,1765.0
774.0,1902.0
775.0,1781.0
776.0,1127.0
777.0,984.0
778.0,1269.0
779.0,1567.0
780.0,1462.0
781.0,1298.0
782.0,1440.0
783.0,1739.0
784.0,1503.0
785.0,1399.0
786.0,1383.0
787.0,1150.0
788.0,1492.0
789.0,1947.0
790.0,1699.0
791.0,1533.0
792.0,1623.0
793.0,1468.0
794.0,1301.0
795.0,1713.0
796.0,2320.0
797.0,2466.0
798.0,1695.0
799.0,1551.0
800.0,1790.0
801.0,1651.0
802.0,1435.0
803.0,1419.0
804.0,2113.0
805.0,1989.0
806.0,1271.0
807.0,1363.0
808.0,1794.0
809.0,1879.0
810.0,1560.0
811.0,1534.0
812.0,1274.0
813.0,1097.0
814.0,1357.0
815.0,1592.0
816.0,1685.0
817.0,1760.0
818.0,2729.0
819.0,4099.0
820.0,2964.0
821.0,1339.0
822.0,1068.0
823.0,1087.0
824.0,1854.0
825.0,1975.0
826.0,1360.0
827.0,1701.0
828.0,1733.0
829.0,1367.0
830.0,1580.0
831.0,2647.0
832.0,2951.0
833.0,1987.0
834.0,1602.0
835.0,1481.0
836.0,1251.0
837.0,1077.0
838.0,1058.0
839.0,1184.0
840.0,1496.0
841.0,1723.0
842.0,1508.0
843.0,1436.0
844.0,1465.0
845.0,1560.0
846.0,1538.0
847.0,1339.0
848.0,1378.0
849.0,1308.0
850.0,996.0
851.0,931.0
852.0,923.0
853.0,1301.0
854.0,1580.0
855.0,1315.0
856.0,1911.0
857.0,2121.0
858.0,1432.0
859.0,1232.0
860.0,1471.0
861.0,1454.0
862.0,1169.0
863.0,1289.0
864.0,2203.0
865.0,2435.0
866.0,1786.0
867.0,1636.0
868.0,1432.0
869.0,1334.0
870.0,1502.0
871.0,2688.0
872.0,24514.0
873.0,64748.0
874.0,68516.0
875.0,38209.0
876.0,3149.0
877.0,1768.0
878.0,1292.0
879.0,1594.0
880.0,1523.0
881.0,1242.0
882.0,1935.0
883.0,3297.0
884.0,2698.0
885.0,1723.0
886.0,1858.0
887.0,1646.0
888.0,1696.0
889.0,1643.0
890.0,1513.0
891.0,1549.0
892.0,1374.0
893.0,1174.0
894.0,1232.0
895.0,1837.0
896.0,2066.0
897.0,1536.0
898.0,1240.0
899.0,1337.0
900.0,1408.0
901.0,1070.0
902.0,980.0
903.0,1095.0
904.0,1193.0
905.0,1278.0
906.0,4145.0
907.0,8806.0
908.0,5771.0
909.0,1450.0
910.0,1162.0
911.0,1227.0
912.0,1241.0
913.0,1299.0
914.0,1280.0
915.0,1281.0
916.0,1498.0
917.0,1926.0
918.0,1965.0
919.0,1584.0
920.0,1280.0
921.0,959.0
922.0,902.0
923.0,1466.0
924.0,1946.0
925.0,1718.0
926.0,1424.0
927.0,1014.0
928.0,848.0
929.0,1136.0
930.0,1217.0
931.0,916.0
932.0,944.0
933.0,1105.0
934.0,934.0
935.0,723.0
936.0,843.0
937.0,984.0
938.0,1032.0
939.0,962.0
940.0,876.0
941.0,971.0
942.0,1051.0
943.0,997.0
944.0,1159.0
945.0,1481.0
946.0,1696.0
947.0,1539.0
948.0,1283.0
949.0,1179.0
950.0,1395.0
951.0,1517.0
952.0,1661.0
953.0,2779.0
954.0,3065.0
955.0,2167.0
956.0,1669.0
957.0,1464.0
958.0,1124.0
959.0,1022.0
960.0,947.0
961.0,1021.0
962.0,882.0
963.0,759.0
964.0,828.0
965.0,817.0
966.0,874.0
967.0,1059.0
968.0,1153.0
969.0,1061.0
970.0,1012.0
971.0,1211.0
972.0,1245.0
973.0,1163.0
974.0,1067.0
975.0,1319.0
976.0,1252.0
977.0,944.0
978.0,952.0
979.0,997.0
980.0,1190.0
981.0,1424.0
982.0,2312.0
983.0,2686.0
984.0,2235.0
985.0,2248.0
986.0,1459.0
987.0,911.0
988.0,1104.0
989.0,1842.0
990.0,2113.0
991.0,1564.0
992.0,1000.0
993.0,950.0
994.0,1300.0
995.0,1220.0
996.0,1181.0
997.0,2209.0
998.0,2825.0
999.0,1700.0
1000.0,844.0
1001.0,820.0
1002.0,1640.0
1003.0,2221.0
1004.0,1549.0
1005.0,1038.0
1006.0,810.0
1007.0,614.0
1008.0,1147.0
1009.0,1919.0
1010.0,1530.0
1011.0,946.0
1012.0,860.0
1013.0,887.0
1014.0,1302.0
1015.0,2107.0
1016.0,1831.0
1017.0,1846.0
1018.0,2339.0
1019.0,1640.0
1020.0,1100.0
1021.0,1091.0
1022.0,887.0
1023.0,548.0
